=================================================================================================
      i NZ NE iSLP iLV iCONF                 E(RYD)      TE(RYD)   gi         QD     EQN    RL(NS)
 =================================================================================================
      1  6  5  200   1 2s 2p2          -8.93962E-01  8.93728E-01  2.0  0.000E+00  2.1153  4.17E-01
      2  6  5  200   2 2s2 3s          -7.25253E-01  1.06244E+00  2.0  6.515E-01  2.3485  2.82E+00
      3  6  5  200   3 2s2 4s          -3.58541E-01  1.42915E+00  2.0  6.599E-01  3.3401  2.04E+00
      4  6  5  200   4 2s2 5s          -2.12125E-01  1.57557E+00  2.0  6.576E-01  4.3424  3.81E+00
      5  6  5  200   5 2s2 6s          -1.40143E-01  1.64755E+00  2.0  6.575E-01  5.3425  6.72E+00
      6  6  5  200   6 2s2 7s          -9.94760E-02  1.68821E+00  2.0  6.588E-01  6.3412  1.12E+01
      7  6  5  200   7 2s2 8s          -7.42722E-02  1.71342E+00  2.0  6.613E-01  7.3387  1.78E+01
      8  6  5  200   8 2s2 9s          -5.75835E-02  1.73011E+00  2.0  6.655E-01  8.3345  2.78E+01
      9  6  5  200   9 2s210s          -4.59740E-02  1.74172E+00  2.0  6.723E-01  9.3277  4.37E+01
     10  6  5  201   1 2p2(3PE) 3p      6.31842E-01  2.41953E+00  2.0  4.762E-01  2.5238  4.33E-01
     11  6  5  201   2 2p2(3PE) 4p      9.43239E-01  2.73093E+00  2.0  4.455E-01  3.5545  5.99E-01
     12  6  5  201   3 2p2(3PE) 5p      1.06788E+00  2.85557E+00  2.0  4.352E-01  4.5648  6.66E-01
     13  6  5  201   4 2p2(3PE) 6p      1.13097E+00  2.91866E+00  2.0  4.287E-01  5.5713  6.92E-01
     14  6  5  201   5 2p2(3PE) 7p      1.16731E+00  2.95500E+00  2.0  4.251E-01  6.5749  7.07E-01
     15  6  5  201   6 2p2(3PE) 8p      1.19017E+00  2.97786E+00  2.0  4.228E-01  7.5772  7.14E-01
     16  6  5  201   7 2p2(3PE) 9p      1.20549E+00  2.99318E+00  2.0  4.211E-01  8.5789  7.18E-01
     17  6  5  201   8 2p2(3PE)10p      1.21625E+00  3.00394E+00  2.0  4.206E-01  9.5794  7.20E-01
     18  6  5  210   1 2s 2p2          -7.66486E-01  1.02120E+00  6.0  0.000E+00  1.7930  2.34E-01
     19  6  5  210   2 2s2p(3PO) 3p    -1.31032E-01  1.65666E+00  6.0  4.368E-01  2.5632  2.20E+00
     20  6  5  210   3 2s2p(3PO) 4p     1.62771E-01  1.95046E+00  6.0  4.366E-01  3.5634  2.48E+00
     21  6  5  210   4 2s2p(3PO) 5p     2.85208E-01  2.07290E+00  6.0  4.426E-01  4.5574  4.21E+00
     22  6  5  210   5 2s2p(3PO) 6p     3.46370E-01  2.13406E+00  6.0  4.831E-01  5.5169  2.49E+00
     23  6  5  210   6 2s2p(1PO) 3p     3.58687E-01  2.14638E+00  6.0  3.788E-01  2.6212  5.29E-01
     24  6  5  210   7 2s2p(3PO) 7p     3.85347E-01  2.17304E+00  6.0  4.222E-01  6.5778  5.80E+00
     25  6  5  210   8 2s2p(3PO) 8p     4.07960E-01  2.19565E+00  6.0  4.317E-01  7.5683  1.07E+01
     26  6  5  210   9 2s2p(3PO) 9p     4.23259E-01  2.21095E+00  6.0  4.357E-01  8.5643  1.58E+01
     27  6  5  210  10 2s2p(3PO)10p     4.34044E-01  2.22173E+00  6.0  4.382E-01  9.5618  2.17E+01
     28  6  5  211   1 2s2 2p          -1.78769E+00  0.00000E+00  6.0  5.042E-01  1.4958  1.00E+30
     29  6  5  211   2 2s2 3p          -5.90082E-01  1.19761E+00  6.0  3.964E-01  2.6036  9.22E+00
     30  6  5  211   3 2s2 4p          -3.10093E-01  1.47760E+00  6.0  4.084E-01  3.5916  4.36E+00
     31  6  5  211   4 2p3             -2.42561E-01  1.54513E+00  6.0  0.000E+00  4.0609  5.04E-01
     32  6  5  211   5 2s2 5p          -1.89475E-01  1.59822E+00  6.0  4.053E-01  4.5947  4.79E+00
     33  6  5  211   6 2s2p(3PO) 3s    -1.63384E-01  1.62431E+00  6.0  5.023E-01  2.4977  3.94E+00
     34  6  5  211   7 2s2 6p          -1.24104E-01  1.66359E+00  6.0  3.228E-01  5.6772  3.03E+01
     35  6  5  211   8 2s2 7p          -9.01943E-02  1.69750E+00  6.0  3.405E-01  6.6595  4.75E+01
     36  6  5  211   9 2s2 8p          -6.82796E-02  1.71941E+00  6.0  3.461E-01  7.6539  6.67E+01
     37  6  5  211  10 2s2 9p          -5.34454E-02  1.73424E+00  6.0  3.488E-01  8.6512  9.06E+01
     38  6  5  211  11 2s210p          -4.29586E-02  1.74473E+00  6.0  3.505E-01  9.6495  1.19E+02
     39  6  5  220   1 2s 2p2          -1.09975E+00  6.87940E-01 10.0  0.000E+00  1.9071  3.43E+00
     40  6  5  220   2 2s2 3d          -4.63979E-01  1.32371E+00 10.0  6.383E-02  2.9362  3.48E-01
     41  6  5  220   3 2s2 4d          -2.59310E-01  1.52838E+00 10.0  7.246E-02  3.9275  7.23E-01
     42  6  5  220   4 2s2 5d          -1.65207E-01  1.62248E+00 10.0  7.943E-02  4.9206  1.29E+00
     43  6  5  220   5 2s2 6d          -1.14466E-01  1.67322E+00 10.0  8.858E-02  5.9114  1.95E+00
     44  6  5  220   6 2s2 7d          -8.44072E-02  1.70328E+00 10.0  1.160E-01  6.8840  2.17E+00
     45  6  5  220   7 2s2p(3PO) 3p    -6.97017E-02  1.71799E+00 10.0  2.970E-01  2.7030  1.62E+00
     46  6  5  220   8 2s2 8d          -6.22036E-02  1.72549E+00 10.0 -1.904E-02  8.0190  4.95E+01
     47  6  5  220   9 2s2 9d          -4.98605E-02  1.73783E+00 10.0  4.322E-02  8.9568  1.68E+01
     48  6  5  220  10 2s210d          -4.04418E-02  1.74725E+00 10.0  5.477E-02  9.9452  1.75E+01
     49  6  5  221   1 2p3             -4.10622E-01  1.37707E+00 10.0  0.000E+00  2.1219  1.87E+00
     50  6  5  221   2 2s2p(3PO) 3d     1.82143E-02  1.80590E+00 10.0  4.981E-02  2.9502  5.14E-01
     51  6  5  221   3 2s2p(3PO) 4d     2.19217E-01  2.00691E+00 10.0  6.690E-02  3.9331  1.15E+00
     52  6  5  221   4 2s2p(3PO) 5d     3.12624E-01  2.10031E+00 10.0  7.887E-02  4.9211  2.18E+00
     53  6  5  221   5 2s2p(3PO) 6d     3.63392E-01  2.15108E+00 10.0  8.693E-02  5.9131  3.61E+00
     54  6  5  221   6 2s2p(3PO) 7d     3.93907E-01  2.18160E+00 10.0  9.470E-02  6.9053  5.30E+00
     55  6  5  221   7 2s2p(3PO) 8d     4.13648E-01  2.20134E+00 10.0  1.033E-01  7.8967  6.94E+00
     56  6  5  221   8 2s2p(3PO) 9d     4.27142E-01  2.21483E+00 10.0  1.135E-01  8.8865  8.14E+00
     57  6  5  221   9 2s2p(3PO)10d     4.36768E-01  2.22446E+00 10.0  1.258E-01  9.8742  8.59E+00
     58  6  5  230   1 2s2p(3PO) 4f     2.22898E-01  2.01059E+00 14.0  3.860E-02  3.9614  4.07E+00
     59  6  5  230   2 2s2p(3PO) 5f     3.15235E-01  2.10293E+00 14.0  3.951E-02  4.9605  7.57E+00
     60  6  5  230   3 2s2p(3PO) 6f     3.65165E-01  2.15285E+00 14.0  4.057E-02  5.9594  1.25E+01
     61  6  5  230   4 2s2p(3PO) 7f     3.95179E-01  2.18287E+00 14.0  4.174E-02  6.9583  1.93E+01
     62  6  5  230   5 2s2p(3PO) 8f     4.14621E-01  2.20231E+00 14.0  4.273E-02  7.9573  2.83E+01
     63  6  5  230   6 2s2p(3PO) 9f     4.27930E-01  2.21562E+00 14.0  4.354E-02  8.9565  3.96E+01
     64  6  5  230   7 2s2p(3PO)10f     4.37439E-01  2.22513E+00 14.0  4.408E-02  9.9559  5.38E+01
     65  6  5  231   1 2s2 4f          -2.52053E-01  1.53564E+00 14.0  1.632E-02  3.9837  4.03E+00
     66  6  5  231   2 2s2 5f          -1.61225E-01  1.62647E+00 14.0  1.903E-02  4.9810  7.54E+00
     67  6  5  231   3 2s2 6f          -1.11881E-01  1.67581E+00 14.0  2.068E-02  5.9793  1.26E+01
     68  6  5  231   4 2s2 7f          -8.21428E-02  1.70555E+00 14.0  2.177E-02  6.9782  1.96E+01
     69  6  5  231   5 2s2 8f          -6.28536E-02  1.72484E+00 14.0  2.253E-02  7.9775  2.88E+01
     70  6  5  231   6 2s2 9f          -4.96370E-02  1.73805E+00 14.0  2.308E-02  8.9769  4.03E+01
     71  6  5  231   7 2s210f          -4.01886E-02  1.74750E+00 14.0  2.349E-02  9.9765  5.46E+01
     72  6  5  240   1 2s2 5g          -1.60175E-01  1.62752E+00 18.0  2.732E-03  4.9973  1.44E+01
     73  6  5  240   2 2s2 6g          -1.11256E-01  1.67643E+00 18.0  3.908E-03  5.9961  2.44E+01
     74  6  5  240   3 2s2 7g          -8.17375E-02  1.70595E+00 18.0  4.491E-03  6.9955  3.85E+01
     75  6  5  240   4 2s2 8g          -6.25755E-02  1.72511E+00 18.0  4.827E-03  7.9952  5.70E+01
     76  6  5  240   5 2s2 9g          -4.94380E-02  1.73825E+00 18.0  5.033E-03  8.9950  8.09E+01
     77  6  5  240   6 2s210g          -4.00415E-02  1.74765E+00 18.0  5.183E-03  9.9948  1.10E+02
     78  6  5  241   1 2s2p(3PO) 5g     3.17122E-01  2.10481E+00 18.0  1.047E-02  4.9895  1.48E+01
     79  6  5  241   2 2s2p(3PO) 6g     3.66192E-01  2.15388E+00 18.0  1.321E-02  5.9868  2.51E+01
     80  6  5  241   3 2s2p(3PO) 7g     3.95826E-01  2.18352E+00 18.0  1.433E-02  6.9857  3.94E+01
     81  6  5  241   4 2s2p(3PO) 8g     4.15061E-01  2.20275E+00 18.0  1.487E-02  7.9851  5.85E+01
     82  6  5  241   5 2s2p(3PO) 9g     4.28244E-01  2.21593E+00 18.0  1.520E-02  8.9848  8.25E+01
     83  6  5  241   6 2s2p(3PO)10g     4.37671E-01  2.22536E+00 18.0  1.534E-02  9.9847  1.13E+02
     84  6  5  400   1 2s2p(3PO) 3p    -1.04769E-01  1.68292E+00  4.0  3.797E-01  2.6203  1.66E+01
     85  6  5  400   2 2s2p(3PO) 4p     1.75316E-01  1.96301E+00  4.0  3.635E-01  3.6365  1.73E+01
     86  6  5  400   3 2s2p(3PO) 5p     2.92344E-01  2.08003E+00  4.0  3.557E-01  4.6443  2.34E+01
     87  6  5  400   4 2s2p(3PO) 6p     3.52314E-01  2.14000E+00  4.0  3.540E-01  5.6460  3.41E+01
     88  6  5  400   5 2s2p(3PO) 7p     3.87254E-01  2.17494E+00  4.0  3.532E-01  6.6468  4.92E+01
     89  6  5  400   6 2s2p(3PO) 8p     4.09394E-01  2.19708E+00  4.0  3.528E-01  7.6472  6.93E+01
     90  6  5  400   7 2s2p(3PO) 9p     4.24303E-01  2.21199E+00  4.0  3.525E-01  8.6475  9.50E+01
     91  6  5  400   8 2s2p(3PO)10p     4.34820E-01  2.22251E+00  4.0  3.522E-01  9.6478  1.27E+02
     92  6  5  401   1 2p3             -4.87900E-01  1.29979E+00  4.0  0.000E+00  1.5128  2.83E-01
     93  6  5  401   2 2p2(3PE) 3p      7.15475E-01  2.50317E+00  4.0  2.893E-01  2.7107  6.08E-01
     94  6  5  401   3 2p2(3PE) 4p      9.71876E-01  2.75957E+00  4.0  2.730E-01  3.7270  6.55E-01
     95  6  5  401   4 2p2(3PE) 5p      1.08095E+00  2.86864E+00  4.0  2.714E-01  4.7286  6.83E-01
     96  6  5  401   5 2p2(3PE) 6p      1.13804E+00  2.92573E+00  4.0  2.693E-01  5.7307  7.01E-01
     97  6  5  401   6 2p2(3PE) 7p      1.17158E+00  2.95927E+00  4.0  2.679E-01  6.7321  7.08E-01
     98  6  5  401   7 2p2(3PE) 8p      1.19295E+00  2.98064E+00  4.0  2.670E-01  7.7330  7.13E-01
     99  6  5  401   8 2p2(3PE) 9p      1.20740E+00  2.99509E+00  4.0  2.663E-01  8.7337  7.16E-01
    100  6  5  401   9 2p2(3PE)10p      1.21762E+00  3.00531E+00  4.0  2.665E-01  9.7335  7.19E-01
    101  6  5  410   1 2s 2p2          -1.39940E+00  3.88290E-01 12.0  0.000E+00  1.4597  1.00E+30
    102  6  5  410   2 2s2p(3PO) 3p    -9.01524E-02  1.69754E+00 12.0  3.462E-01  2.6538  1.08E+01
    103  6  5  410   3 2s2p(3PO) 4p     1.81062E-01  1.96875E+00 12.0  3.285E-01  3.6715  2.33E+01
    104  6  5  410   4 2s2p(3PO) 5p     2.94811E-01  2.08250E+00 12.0  3.245E-01  4.6755  3.51E+01
    105  6  5  410   5 2s2p(3PO) 6p     3.53730E-01  2.14142E+00 12.0  3.218E-01  5.6782  5.10E+01
    106  6  5  410   6 2s2p(3PO) 7p     3.88147E-01  2.17584E+00 12.0  3.202E-01  6.6798  7.23E+01
    107  6  5  410   7 2s2p(3PO) 8p     4.09991E-01  2.19768E+00 12.0  3.192E-01  7.6808  1.00E+02
    108  6  5  410   8 2s2p(3PO) 9p     4.24720E-01  2.21241E+00 12.0  3.186E-01  8.6814  1.35E+02
    109  6  5  410   9 2s2p(3PO)10p     4.35122E-01  2.22281E+00 12.0  3.181E-01  9.6819  1.78E+02
    110  6  5  411   1 2s2p(3PO) 3s    -2.67141E-01  1.52055E+00 12.0  6.828E-01  2.3172  7.19E-01
    111  6  5  411   2 2s2p(3PO) 3d     2.35298E-02  1.81122E+00 12.0  3.260E-02  2.9674  4.43E-01
    112  6  5  411   3 2s2p(3PO) 4s     1.18862E-01  1.90655E+00 12.0  6.617E-01  3.3383  1.81E+00
    113  6  5  411   4 2s2p(3PO) 4d     2.20992E-01  2.00868E+00 12.0  5.333E-02  3.9467  9.07E-01
    114  6  5  411   5 2s2p(3PO) 5s     2.66041E-01  2.05373E+00 12.0  6.537E-01  4.3463  3.74E+00
    115  6  5  411   6 2s2p(3PO) 5d     3.14022E-01  2.10171E+00 12.0  5.792E-02  4.9421  1.69E+00
    116  6  5  411   7 2s2p(3PO) 6s     3.38021E-01  2.12571E+00 12.0  6.504E-01  5.3496  6.53E+00
    117  6  5  411   8 2s2p(3PO) 6d     3.64385E-01  2.15208E+00 12.0  6.110E-02  5.9389  2.85E+00
    118  6  5  411   9 2s2p(3PO) 7s     3.78631E-01  2.16632E+00 12.0  6.488E-01  6.3512  1.05E+01
    119  6  5  411  10 2s2p(3PO) 7d     3.94667E-01  2.18236E+00 12.0  6.320E-02  6.9368  4.46E+00
    120  6  5  411  11 2s2p(3PO) 8s     4.03794E-01  2.19148E+00 12.0  6.479E-01  7.3521  1.57E+01
    121  6  5  411  12 2s2p(3PO) 8d     4.14273E-01  2.20196E+00 12.0  6.455E-02  7.9354  6.59E+00
    122  6  5  411  13 2s2p(3PO) 9s     4.20461E-01  2.20815E+00 12.0  6.473E-01  8.3527  2.26E+01
    123  6  5  411  14 2s2p(3PO) 9d     4.27685E-01  2.21537E+00 12.0  6.546E-02  8.9345  9.34E+00
    124  6  5  411  15 2s2p(3PO)10s     4.32070E-01  2.21976E+00 12.0  6.469E-01  9.3531  3.13E+01
    125  6  5  411  16 2s2p(3PO)10d     4.37260E-01  2.22495E+00 12.0  6.609E-02  9.9339  1.28E+01
    126  6  5  420   1 2s2p(3PO) 3p    -1.34692E-01  1.65300E+00 20.0  4.445E-01  2.5555  2.86E+01
    127  6  5  420   2 2s2p(3PO) 4p     1.65933E-01  1.95362E+00 20.0  4.186E-01  3.5814  1.53E+01
    128  6  5  420   3 2s2p(3PO) 4f     2.29186E-01  2.01688E+00 20.0 -1.118E-02  4.0112  4.35E+00
    129  6  5  420   4 2s2p(3PO) 5p     2.87927E-01  2.07562E+00 20.0  4.101E-01  4.5899  2.01E+01
    130  6  5  420   5 2s2p(3PO) 5f     3.18268E-01  2.10596E+00 20.0 -7.423E-03  5.0074  8.10E+00
    131  6  5  420   6 2s2p(3PO) 6p     3.49954E-01  2.13764E+00 20.0  4.063E-01  5.5937  2.92E+01
    132  6  5  420   7 2s2p(3PO) 6f     3.66870E-01  2.15456E+00 20.0 -5.058E-03  6.0051  1.36E+01
    133  6  5  420   8 2s2p(3PO) 7p     3.85848E-01  2.17354E+00 20.0  4.043E-01  6.5957  4.21E+01
    134  6  5  420   9 2s2p(3PO) 7f     3.96250E-01  2.18394E+00 20.0 -3.805E-03  7.0038  2.12E+01
    135  6  5  420  10 2s2p(3PO) 8p     4.08487E-01  2.19618E+00 20.0  4.030E-01  7.5970  5.94E+01
    136  6  5  420  11 2s2p(3PO) 8f     4.15342E-01  2.20303E+00 20.0 -3.075E-03  8.0031  3.12E+01
    137  6  5  420  12 2s2p(3PO) 9p     4.23684E-01  2.21137E+00 20.0  4.021E-01  8.5979  8.16E+01
    138  6  5  420  13 2s2p(3PO) 9f     4.28439E-01  2.21613E+00 20.0 -2.527E-03  9.0025  4.39E+01
    139  6  5  420  14 2s2p(3PO)10p     4.34377E-01  2.22207E+00 20.0  4.016E-01  9.5984  1.09E+02
    140  6  5  421   1 2s2p(3PO) 3d     1.00906E-03  1.78870E+00 20.0  1.035E-01  2.8965  2.36E-01
    141  6  5  421   2 2s2p(3PO) 4d     2.14838E-01  2.00253E+00 20.0  9.979E-02  3.9002  5.20E-01
    142  6  5  421   3 2s2p(3PO) 5d     3.11114E-01  2.09880E+00 20.0  1.012E-01  4.8988  1.00E+00
    143  6  5  421   4 2s2p(3PO) 6d     3.62847E-01  2.15054E+00 20.0  1.010E-01  5.8990  1.72E+00
    144  6  5  421   5 2s2p(3PO) 7d     3.93761E-01  2.18145E+00 20.0  1.007E-01  6.8993  2.73E+00
    145  6  5  421   6 2s2p(3PO) 8d     4.13694E-01  2.20138E+00 20.0  1.005E-01  7.8995  4.08E+00
    146  6  5  421   7 2s2p(3PO) 9d     4.27291E-01  2.21498E+00 20.0  1.004E-01  8.8996  5.79E+00
    147  6  5  421   8 2s2p(3PO)10d     4.36980E-01  2.22467E+00 20.0  1.002E-01  9.8998  7.95E+00
    148  6  5  430   1 2s2p(3PO) 4f     2.23012E-01  2.01070E+00 28.0  3.772E-02  3.9623  3.95E+00
    149  6  5  430   2 2s2p(3PO) 5f     3.15323E-01  2.10301E+00 28.0  3.817E-02  4.9618  7.68E+00
    150  6  5  430   3 2s2p(3PO) 6f     3.65225E-01  2.15292E+00 28.0  3.898E-02  5.9610  1.32E+01
    151  6  5  430   4 2s2p(3PO) 7f     3.95220E-01  2.18291E+00 28.0  4.001E-02  6.9600  2.07E+01
    152  6  5  430   5 2s2p(3PO) 8f     4.14650E-01  2.20234E+00 28.0  4.090E-02  7.9591  3.08E+01
    153  6  5  430   6 2s2p(3PO) 9f     4.27952E-01  2.21564E+00 28.0  4.156E-02  8.9584  4.36E+01
    154  6  5  430   7 2s2p(3PO)10f     4.37455E-01  2.22515E+00 28.0  4.211E-02  9.9579  5.96E+01
    155  6  5  431   1 2s2p(3PO) 3d    -8.16360E-03  1.77953E+00 28.0  1.310E-01  2.8690  2.47E+01
    156  6  5  431   2 2s2p(3PO) 4d     2.08837E-01  1.99653E+00 28.0  1.435E-01  3.8565  1.31E+01
    157  6  5  431   3 2s2p(3PO) 5d     3.07979E-01  2.09567E+00 28.0  1.466E-01  4.8534  1.57E+01
    158  6  5  431   4 2s2p(3PO) 5g     3.18090E-01  2.10578E+00 28.0 -4.631E-03  5.0046  1.49E+01
    159  6  5  431   5 2s2p(3PO) 6d     3.60984E-01  2.14867E+00 28.0  1.482E-01  5.8518  2.20E+01
    160  6  5  431   6 2s2p(3PO) 6g     3.66885E-01  2.15458E+00 28.0 -5.465E-03  6.0055  2.55E+01
    161  6  5  431   7 2s2p(3PO) 7d     3.92571E-01  2.18026E+00 28.0  1.490E-01  6.8510  3.10E+01
    162  6  5  431   8 2s2p(3PO) 7g     3.96295E-01  2.18398E+00 28.0 -5.738E-03  7.0057  4.00E+01
    163  6  5  431   9 2s2p(3PO) 8d     4.12891E-01  2.20058E+00 28.0  1.495E-01  7.8505  4.30E+01
    164  6  5  431  10 2s2p(3PO) 8g     4.15384E-01  2.20307E+00 28.0 -5.766E-03  8.0058  5.92E+01
    165  6  5  431  11 2s2p(3PO) 9d     4.26725E-01  2.21442E+00 28.0  1.498E-01  8.8502  5.84E+01
    166  6  5  431  12 2s2p(3PO) 9g     4.28475E-01  2.21617E+00 28.0 -5.812E-03  9.0058  8.36E+01
    167  6  5  431  13 2s2p(3PO)10d     4.36566E-01  2.22426E+00 28.0  1.501E-01  9.8499  7.73E+01
    168  6  5  440   1 2s2p(3PO) 4f     2.27710E-01  2.01540E+00 36.0  6.718E-04  3.9993  3.90E+00
    169  6  5  440   2 2s2p(3PO) 5f     3.17596E-01  2.10529E+00 36.0  3.091E-03  4.9969  7.00E+00
    170  6  5  440   3 2s2p(3PO) 6f     3.66499E-01  2.15419E+00 36.0  4.958E-03  5.9950  1.19E+01
    171  6  5  440   4 2s2p(3PO) 6h     3.66756E-01  2.15445E+00 36.0 -1.975E-03  6.0020  3.13E+01
    172  6  5  440   5 2s2p(3PO) 7f     3.96024E-01  2.18371E+00 36.0  5.881E-03  6.9941  1.83E+01
    173  6  5  440   6 2s2p(3PO) 7h     3.96214E-01  2.18390E+00 36.0 -2.259E-03  7.0023  4.55E+01
    174  6  5  440   7 2s2p(3PO) 8f     4.15194E-01  2.20288E+00 36.0  6.391E-03  7.9936  2.67E+01
    175  6  5  440   8 2s2p(3PO) 8h     4.15332E-01  2.20302E+00 36.0 -2.433E-03  8.0024  6.53E+01
    176  6  5  440   9 2s2p(3PO) 9f     4.28338E-01  2.21603E+00 36.0  6.671E-03  8.9933  3.74E+01
    177  6  5  440  10 2s2p(3PO) 9h     4.28439E-01  2.21613E+00 36.0 -2.527E-03  9.0025  9.11E+01
    178  6  5  440  11 2s2p(3PO)10f     4.37739E-01  2.22543E+00 36.0  6.865E-03  9.9931  5.07E+01
    179  6  5  441   1 2s2p(3PO) 5g     3.17122E-01  2.10481E+00 36.0  1.047E-02  4.9895  1.39E+01
    180  6  5  441   2 2s2p(3PO) 6g     3.66193E-01  2.15388E+00 36.0  1.318E-02  5.9868  2.37E+01
    181  6  5  441   3 2s2p(3PO) 7g     3.95826E-01  2.18352E+00 36.0  1.433E-02  6.9857  3.73E+01
    182  6  5  441   4 2s2p(3PO) 8g     4.15061E-01  2.20275E+00 36.0  1.487E-02  7.9851  5.53E+01
    183  6  5  441   5 2s2p(3PO) 9g     4.28245E-01  2.21593E+00 36.0  1.511E-02  8.9849  7.82E+01
    184  6  5  441   6 2s2p(3PO)10g     4.37671E-01  2.22536E+00 36.0  1.534E-02  9.9847  1.07E+02
 =================================================================================================