# results from running spec_opt.py on final_spec_E091206.q
# Column 1:  x (mm)
# Column 2:  nCN (particles/m**3)
# Column 3:  Tv (K)
# Column 4:  T (K)
# Column 5:  x error (mm)
# Column 6:  y error (%)
8.000000e-01 1.945110e+23 5.728584e+03 1.994557e+07 3.200000e-01 3.897756e-01
1.600000e+00 3.837107e+20 1.058541e+04 1.264730e+04 3.200000e-01 1.100020e-01
2.400000e+00 1.481683e+20 1.132547e+04 1.174758e+04 3.200000e-01 1.021920e-01
3.200000e+00 1.386755e+20 1.023755e+04 1.094741e+04 3.200000e-01 8.457026e-02
4.000000e+00 1.393024e+20 1.043447e+04 1.054062e+04 3.200000e-01 6.901545e-02
4.800000e+00 1.325259e+20 9.806819e+03 1.045562e+04 3.200000e-01 6.847707e-02
5.600000e+00 1.357879e+20 1.635954e+04 9.897394e+03 3.200000e-01 5.030852e-02
6.400000e+00 1.100939e+20 8.261458e+03 1.065765e+04 3.200000e-01 7.196512e-02
7.200000e+00 1.012590e+20 8.583225e+03 9.653641e+03 3.200000e-01 8.727884e-02
8.000000e+00 8.856959e+19 8.403078e+03 9.850418e+03 3.200000e-01 9.133085e-02
8.800000e+00 8.027044e+19 8.293261e+03 1.013115e+04 3.200000e-01 9.121601e-02
9.600000e+00 7.279387e+19 7.634341e+03 9.708728e+03 3.200000e-01 1.035259e-01
1.040000e+01 6.604053e+19 8.234539e+03 1.046071e+04 3.200000e-01 1.072003e-01
1.120000e+01 6.054004e+19 8.088162e+03 9.362651e+03 3.200000e-01 1.109380e-01
1.200000e+01 5.324176e+19 8.927615e+03 8.447889e+03 3.200000e-01 1.142822e-01
1.280000e+01 4.945957e+19 8.011936e+03 9.131952e+03 3.200000e-01 1.251437e-01
1.360000e+01 4.458049e+19 7.666153e+03 8.540132e+03 3.200000e-01 1.707878e-01
1.440000e+01 4.553958e+19 9.570736e+03 8.398823e+03 3.200000e-01 1.240672e-01
1.520000e+01 4.297757e+19 8.123264e+03 1.019553e+04 3.200000e-01 1.373635e-01
1.600000e+01 4.328565e+19 8.519807e+03 9.828988e+03 3.200000e-01 1.222008e-01
