# Spectral intensities against wavelength averaged over spatial strips 139 to 141
# Wavel (nm); 	 Intens (W/cm**2-sr-um)
1.259760e+02 	 0.000000e+00
1.262600e+02 	 0.000000e+00
1.265440e+02 	 0.000000e+00
1.268280e+02 	 0.000000e+00
1.271120e+02 	 0.000000e+00
1.273960e+02 	 0.000000e+00
1.276800e+02 	 0.000000e+00
1.279640e+02 	 0.000000e+00
1.282470e+02 	 0.000000e+00
1.285310e+02 	 0.000000e+00
1.288150e+02 	 0.000000e+00
1.290990e+02 	 0.000000e+00
1.293830e+02 	 0.000000e+00
1.296670e+02 	 0.000000e+00
1.299510e+02 	 0.000000e+00
1.302340e+02 	 0.000000e+00
1.305180e+02 	 0.000000e+00
1.308020e+02 	 0.000000e+00
1.310860e+02 	 0.000000e+00
1.313700e+02 	 0.000000e+00
1.316530e+02 	 0.000000e+00
1.319370e+02 	 0.000000e+00
1.322210e+02 	 0.000000e+00
1.325050e+02 	 0.000000e+00
1.327880e+02 	 0.000000e+00
1.330720e+02 	 0.000000e+00
1.333560e+02 	 0.000000e+00
1.336390e+02 	 0.000000e+00
1.339230e+02 	 0.000000e+00
1.342070e+02 	 0.000000e+00
1.344900e+02 	 0.000000e+00
1.347740e+02 	 0.000000e+00
1.350580e+02 	 0.000000e+00
1.353410e+02 	 0.000000e+00
1.356250e+02 	 0.000000e+00
1.359080e+02 	 0.000000e+00
1.361920e+02 	 0.000000e+00
1.364760e+02 	 0.000000e+00
1.367590e+02 	 0.000000e+00
1.370430e+02 	 0.000000e+00
1.373260e+02 	 0.000000e+00
1.376100e+02 	 0.000000e+00
1.378930e+02 	 0.000000e+00
1.381770e+02 	 0.000000e+00
1.384600e+02 	 0.000000e+00
1.387440e+02 	 0.000000e+00
1.390270e+02 	 0.000000e+00
1.393110e+02 	 0.000000e+00
1.395940e+02 	 0.000000e+00
1.398780e+02 	 0.000000e+00
1.401610e+02 	 0.000000e+00
1.404450e+02 	 0.000000e+00
1.407280e+02 	 0.000000e+00
1.410110e+02 	 0.000000e+00
1.412950e+02 	 0.000000e+00
1.415780e+02 	 0.000000e+00
1.418620e+02 	 0.000000e+00
1.421450e+02 	 0.000000e+00
1.424280e+02 	 0.000000e+00
1.427120e+02 	 0.000000e+00
1.429950e+02 	 0.000000e+00
1.432780e+02 	 0.000000e+00
1.435620e+02 	 0.000000e+00
1.438450e+02 	 0.000000e+00
1.441280e+02 	 0.000000e+00
1.444120e+02 	 0.000000e+00
1.446950e+02 	 0.000000e+00
1.449780e+02 	 0.000000e+00
1.452610e+02 	 0.000000e+00
1.455450e+02 	 0.000000e+00
1.458280e+02 	 0.000000e+00
1.461110e+02 	 0.000000e+00
1.463940e+02 	 0.000000e+00
1.466770e+02 	 0.000000e+00
1.469610e+02 	 0.000000e+00
1.472440e+02 	 0.000000e+00
1.475270e+02 	 0.000000e+00
1.478100e+02 	 0.000000e+00
1.480930e+02 	 0.000000e+00
1.483760e+02 	 0.000000e+00
1.486590e+02 	 0.000000e+00
1.489430e+02 	 0.000000e+00
1.492260e+02 	 0.000000e+00
1.495090e+02 	 0.000000e+00
1.497920e+02 	 0.000000e+00
1.500750e+02 	 0.000000e+00
1.503580e+02 	 0.000000e+00
1.506410e+02 	 0.000000e+00
1.509240e+02 	 0.000000e+00
1.512070e+02 	 0.000000e+00
1.514900e+02 	 0.000000e+00
1.517730e+02 	 0.000000e+00
1.520560e+02 	 0.000000e+00
1.523390e+02 	 0.000000e+00
1.526220e+02 	 0.000000e+00
1.529050e+02 	 0.000000e+00
1.531880e+02 	 0.000000e+00
1.534710e+02 	 0.000000e+00
1.537540e+02 	 0.000000e+00
1.540370e+02 	 0.000000e+00
1.543190e+02 	 0.000000e+00
1.546020e+02 	 0.000000e+00
1.548850e+02 	 0.000000e+00
1.551680e+02 	 0.000000e+00
1.554510e+02 	 0.000000e+00
1.557340e+02 	 0.000000e+00
1.560170e+02 	 0.000000e+00
1.562990e+02 	 0.000000e+00
1.565820e+02 	 0.000000e+00
1.568650e+02 	 0.000000e+00
1.571480e+02 	 0.000000e+00
1.574310e+02 	 0.000000e+00
1.577130e+02 	 0.000000e+00
1.579960e+02 	 0.000000e+00
1.582790e+02 	 0.000000e+00
1.585620e+02 	 0.000000e+00
1.588440e+02 	 0.000000e+00
1.591270e+02 	 0.000000e+00
1.594100e+02 	 0.000000e+00
1.596930e+02 	 0.000000e+00
1.599750e+02 	 0.000000e+00
1.602580e+02 	 0.000000e+00
1.605410e+02 	 0.000000e+00
1.608230e+02 	 0.000000e+00
1.611060e+02 	 0.000000e+00
1.613880e+02 	 0.000000e+00
1.616710e+02 	 0.000000e+00
1.619540e+02 	 0.000000e+00
1.622360e+02 	 0.000000e+00
1.625190e+02 	 0.000000e+00
1.628010e+02 	 0.000000e+00
1.630840e+02 	 0.000000e+00
1.633670e+02 	 0.000000e+00
1.636490e+02 	 0.000000e+00
1.639320e+02 	 0.000000e+00
1.642140e+02 	 0.000000e+00
1.644970e+02 	 0.000000e+00
1.647790e+02 	 0.000000e+00
1.650620e+02 	 0.000000e+00
1.653440e+02 	 0.000000e+00
1.656270e+02 	 0.000000e+00
1.659090e+02 	 0.000000e+00
1.661920e+02 	 0.000000e+00
1.664740e+02 	 0.000000e+00
1.667560e+02 	 0.000000e+00
1.670390e+02 	 0.000000e+00
1.673210e+02 	 0.000000e+00
1.676040e+02 	 0.000000e+00
1.678860e+02 	 0.000000e+00
1.681680e+02 	 0.000000e+00
1.684510e+02 	 0.000000e+00
1.687330e+02 	 0.000000e+00
1.690150e+02 	 0.000000e+00
1.692980e+02 	 0.000000e+00
1.695800e+02 	 0.000000e+00
1.698620e+02 	 0.000000e+00
1.701450e+02 	 0.000000e+00
1.704270e+02 	 0.000000e+00
1.707090e+02 	 0.000000e+00
1.709910e+02 	 0.000000e+00
1.712740e+02 	 0.000000e+00
1.715560e+02 	 0.000000e+00
1.718380e+02 	 0.000000e+00
1.721200e+02 	 0.000000e+00
1.724030e+02 	 0.000000e+00
1.726850e+02 	 0.000000e+00
1.729670e+02 	 0.000000e+00
1.732490e+02 	 0.000000e+00
1.735310e+02 	 0.000000e+00
1.738130e+02 	 0.000000e+00
1.740960e+02 	 0.000000e+00
1.743780e+02 	 0.000000e+00
1.746600e+02 	 0.000000e+00
1.749420e+02 	 0.000000e+00
1.752240e+02 	 0.000000e+00
1.755060e+02 	 0.000000e+00
1.757880e+02 	 0.000000e+00
1.760700e+02 	 0.000000e+00
1.763520e+02 	 0.000000e+00
1.766340e+02 	 0.000000e+00
1.769160e+02 	 0.000000e+00
1.771980e+02 	 0.000000e+00
1.774810e+02 	 0.000000e+00
1.777630e+02 	 0.000000e+00
1.780450e+02 	 0.000000e+00
1.783260e+02 	 0.000000e+00
1.786080e+02 	 0.000000e+00
1.788900e+02 	 0.000000e+00
1.791720e+02 	 0.000000e+00
1.794540e+02 	 0.000000e+00
1.797360e+02 	 0.000000e+00
1.800180e+02 	 0.000000e+00
1.803000e+02 	 0.000000e+00
1.805820e+02 	 0.000000e+00
1.808640e+02 	 0.000000e+00
1.811460e+02 	 0.000000e+00
1.814280e+02 	 0.000000e+00
1.817090e+02 	 0.000000e+00
1.819910e+02 	 0.000000e+00
1.822730e+02 	 0.000000e+00
1.825550e+02 	 0.000000e+00
1.828370e+02 	 0.000000e+00
1.831190e+02 	 0.000000e+00
1.834000e+02 	 0.000000e+00
1.836820e+02 	 0.000000e+00
1.839640e+02 	 0.000000e+00
1.842460e+02 	 0.000000e+00
1.845270e+02 	 0.000000e+00
1.848090e+02 	 0.000000e+00
1.850910e+02 	 0.000000e+00
1.853730e+02 	 0.000000e+00
1.856540e+02 	 0.000000e+00
1.859360e+02 	 0.000000e+00
1.862180e+02 	 0.000000e+00
1.864990e+02 	 0.000000e+00
1.867810e+02 	 0.000000e+00
1.870630e+02 	 0.000000e+00
1.873440e+02 	 0.000000e+00
1.876260e+02 	 0.000000e+00
1.879070e+02 	 0.000000e+00
1.881890e+02 	 0.000000e+00
1.884710e+02 	 0.000000e+00
1.887520e+02 	 0.000000e+00
1.890340e+02 	 0.000000e+00
1.893150e+02 	 0.000000e+00
1.895970e+02 	 0.000000e+00
1.898780e+02 	 0.000000e+00
1.901600e+02 	 1.360085e+03
1.904410e+02 	 1.290659e+03
1.907230e+02 	 1.244769e+03
1.910040e+02 	 1.113536e+03
1.912860e+02 	 1.189059e+03
1.915670e+02 	 1.045430e+03
1.918490e+02 	 9.417643e+02
1.921300e+02 	 7.021915e+02
1.924120e+02 	 6.980936e+02
1.926930e+02 	 8.791109e+02
1.929750e+02 	 7.818120e+02
1.932560e+02 	 6.931152e+02
1.935370e+02 	 5.696712e+02
1.938190e+02 	 5.827437e+02
1.941000e+02 	 5.189051e+02
1.943820e+02 	 3.431371e+02
1.946630e+02 	 3.566499e+02
1.949440e+02 	 4.653619e+02
1.952260e+02 	 6.256867e+02
1.955070e+02 	 5.691293e+02
1.957880e+02 	 4.989915e+02
1.960700e+02 	 4.239768e+02
1.963510e+02 	 3.999653e+02
1.966320e+02 	 3.405293e+02
1.969130e+02 	 3.527213e+02
1.971950e+02 	 4.240445e+02
1.974760e+02 	 3.714496e+02
1.977570e+02 	 3.245781e+02
1.980380e+02 	 2.897632e+02
1.983200e+02 	 2.959269e+02
1.986010e+02 	 2.866475e+02
1.988820e+02 	 3.234944e+02
1.991630e+02 	 3.038179e+02
1.994440e+02 	 3.374136e+02
1.997250e+02 	 3.037163e+02
2.000070e+02 	 2.338832e+02
2.002880e+02 	 2.205397e+02
2.005690e+02 	 2.355088e+02
2.008500e+02 	 3.057821e+02
2.011310e+02 	 2.751328e+02
2.014120e+02 	 2.936240e+02
2.016930e+02 	 2.757085e+02
2.019740e+02 	 2.334429e+02
2.022550e+02 	 2.410291e+02
2.025360e+02 	 2.328333e+02
2.028180e+02 	 1.908725e+02
2.030990e+02 	 2.556933e+02
2.033800e+02 	 2.017099e+02
2.036610e+02 	 1.513501e+02
2.039420e+02 	 1.881293e+02
2.042230e+02 	 2.340864e+02
2.045040e+02 	 2.131568e+02
2.047850e+02 	 2.301240e+02
2.050650e+02 	 1.981539e+02
2.053460e+02 	 2.031323e+02
2.056270e+02 	 2.069931e+02
2.059080e+02 	 1.792563e+02
2.061890e+02 	 1.270677e+02
2.064700e+02 	 1.915499e+02
2.067510e+02 	 1.903307e+02
2.070320e+02 	 2.161709e+02
2.073130e+02 	 1.963589e+02
2.075940e+02 	 2.171531e+02
2.078740e+02 	 2.126827e+02
2.081550e+02 	 1.946317e+02
2.084360e+02 	 1.583267e+02
2.087170e+02 	 1.578525e+02
2.089980e+02 	 1.350264e+02
2.092780e+02 	 1.809157e+02
2.095590e+02 	 1.592072e+02
2.098400e+02 	 1.684528e+02
2.101210e+02 	 1.360356e+02
2.104020e+02 	 1.400725e+02
2.106820e+02 	 1.706203e+02
2.109630e+02 	 1.651000e+02
2.112440e+02 	 1.688253e+02
2.115240e+02 	 1.545336e+02
2.118050e+02 	 1.625261e+02
2.120860e+02 	 1.384808e+02
2.123670e+02 	 1.301157e+02
2.126470e+02 	 1.305560e+02
2.129280e+02 	 1.338749e+02
2.132080e+02 	 1.533144e+02
2.134890e+02 	 1.219200e+02
2.137700e+02 	 1.046582e+02
2.140500e+02 	 1.175139e+02
2.143310e+02 	 1.060975e+02
2.146120e+02 	 1.111098e+02
2.148920e+02 	 1.245751e+02
2.151730e+02 	 1.178526e+02
2.154530e+02 	 1.158003e+02
2.157340e+02 	 1.327573e+02
2.160140e+02 	 1.378373e+02
2.162950e+02 	 8.722360e+01
2.165750e+02 	 1.177544e+02
2.168560e+02 	 9.685528e+01
2.171360e+02 	 1.144693e+02
2.174170e+02 	 1.077163e+02
2.176970e+02 	 1.066326e+02
2.179780e+02 	 9.474539e+01
2.182580e+02 	 1.050171e+02
2.185390e+02 	 1.127929e+02
2.188190e+02 	 9.686544e+01
2.190990e+02 	 1.087493e+02
2.193800e+02 	 1.206635e+02
2.196600e+02 	 9.936480e+01
2.199410e+02 	 1.036218e+02
2.202210e+02 	 1.130402e+02
2.205010e+02 	 1.204299e+02
2.207820e+02 	 8.901853e+01
2.210620e+02 	 6.857323e+01
2.213420e+02 	 5.973064e+01
2.216230e+02 	 8.495115e+01
2.219030e+02 	 1.040452e+02
2.221830e+02 	 1.023518e+02
2.224640e+02 	 7.441523e+01
2.227440e+02 	 7.720584e+01
2.230240e+02 	 8.275320e+01
2.233040e+02 	 7.183797e+01
2.235850e+02 	 7.182443e+01
2.238650e+02 	 6.817699e+01
2.241450e+02 	 6.464808e+01
2.244250e+02 	 6.471920e+01
2.247050e+02 	 5.768171e+01
2.249860e+02 	 8.106325e+01
2.252660e+02 	 8.072459e+01
2.255460e+02 	 6.945376e+01
2.258260e+02 	 6.076357e+01
2.261060e+02 	 7.487243e+01
2.263860e+02 	 8.002355e+01
2.266670e+02 	 7.653528e+01
2.269470e+02 	 6.733032e+01
2.272270e+02 	 7.549557e+01
2.275070e+02 	 6.535928e+01
2.277870e+02 	 7.741581e+01
2.280670e+02 	 6.496643e+01
2.283470e+02 	 6.142059e+01
2.286270e+02 	 6.988387e+01
2.289070e+02 	 7.125208e+01
2.291870e+02 	 7.123515e+01
2.294670e+02 	 8.936059e+01
2.297470e+02 	 8.383693e+01
2.300270e+02 	 9.460992e+01
2.303070e+02 	 9.618472e+01
2.305870e+02 	 8.726424e+01
2.308670e+02 	 8.872728e+01
2.311470e+02 	 6.894237e+01
2.314270e+02 	 8.494099e+01
2.317070e+02 	 1.015390e+02
2.319870e+02 	 1.092369e+02
2.322670e+02 	 8.700347e+01
2.325470e+02 	 6.156621e+01
2.328270e+02 	 4.150699e+01
2.331060e+02 	 6.563021e+01
2.333860e+02 	 4.492075e+01
2.336660e+02 	 4.678680e+01
2.339460e+02 	 6.339840e+01
2.342260e+02 	 4.539149e+01
2.345060e+02 	 3.992203e+01
2.347850e+02 	 5.245947e+01
2.350650e+02 	 4.122251e+01
2.353450e+02 	 4.010152e+01
2.356250e+02 	 3.867912e+01
2.359050e+02 	 4.129363e+01
2.361840e+02 	 4.361349e+01
2.364640e+02 	 4.641088e+01
2.367440e+02 	 4.303776e+01
2.370240e+02 	 4.196080e+01
2.373030e+02 	 3.529923e+01
2.375830e+02 	 3.839803e+01
2.378630e+02 	 4.407069e+01
2.381420e+02 	 2.773341e+01
2.384220e+02 	 4.243832e+01
2.387020e+02 	 4.312581e+01
2.389810e+02 	 3.012779e+01
2.392610e+02 	 3.377861e+01
2.395410e+02 	 3.893312e+01
2.398200e+02 	 2.794677e+01
2.401000e+02 	 3.609848e+01
2.403790e+02 	 3.108960e+01
2.406590e+02 	 2.877651e+01
2.409390e+02 	 3.317917e+01
2.412180e+02 	 4.463965e+01
2.414980e+02 	 2.997877e+01
2.417770e+02 	 2.592832e+01
2.420570e+02 	 3.262037e+01
2.423360e+02 	 2.696125e+01
2.426160e+02 	 2.787227e+01
2.428950e+02 	 2.534920e+01
2.431750e+02 	 2.605024e+01
2.434540e+02 	 2.139019e+01
2.437340e+02 	 2.679192e+01
2.440130e+02 	 2.049949e+01
2.442930e+02 	 3.006005e+01
2.445720e+02 	 3.453723e+01
2.448510e+02 	 2.981621e+01
2.451310e+02 	 3.822192e+01
2.454100e+02 	 3.025309e+01
2.456900e+02 	 3.249507e+01
2.459690e+02 	 3.680629e+01
2.462480e+02 	 2.917275e+01
2.465280e+02 	 2.154936e+01
2.468070e+02 	 3.669115e+01
2.470860e+02 	 7.187861e+01
2.473660e+02 	 2.001181e+02
2.476450e+02 	 2.920661e+02
2.479240e+02 	 1.465749e+02
2.482040e+02 	 5.075259e+01
2.484830e+02 	 2.509520e+01
2.487620e+02 	 1.950381e+01
2.490410e+02 	 2.656840e+01
2.493210e+02 	 2.139696e+01
2.496000e+02 	 1.711960e+01
2.498790e+02 	 1.989667e+01
2.501580e+02 	 1.890099e+01
2.504380e+02 	 1.698075e+01
2.507170e+02 	 2.559643e+01
2.509960e+02 	 2.210816e+01
2.512750e+02 	 2.378795e+01
2.515540e+02 	 3.124877e+01
2.518330e+02 	 2.069592e+01
2.521130e+02 	 1.611376e+01
2.523920e+02 	 1.907371e+01
2.526710e+02 	 1.448816e+01
2.529500e+02 	 2.156629e+01
2.532290e+02 	 1.887389e+01
2.535080e+02 	 2.376424e+01
2.537870e+02 	 1.642872e+01
2.540660e+02 	 9.650307e+00
2.543450e+02 	 1.384842e+01
2.546240e+02 	 1.631019e+01
2.549030e+02 	 1.830155e+01
2.551820e+02 	 2.863427e+01
2.554610e+02 	 1.997795e+01
2.557400e+02 	 1.583910e+01
2.560190e+02 	 1.418675e+01
2.562980e+02 	 1.565656e+01
2.565770e+02 	 1.479296e+01
2.568560e+02 	 1.266444e+01
2.571350e+02 	 1.360763e+01
2.574140e+02 	 1.106356e+01
2.576930e+02 	 1.561931e+01
2.579720e+02 	 1.136633e+01
2.582510e+02 	 1.284224e+01
2.585300e+02 	 1.406144e+01
2.588090e+02 	 9.337717e+00
2.590880e+02 	 1.569720e+01
2.593660e+02 	 1.397000e+01
2.596450e+02 	 1.363675e+01
2.599240e+02 	 1.977170e+01
2.602030e+02 	 1.992376e+01
2.604820e+02 	 2.339509e+01
2.607610e+02 	 1.754869e+01
2.610390e+02 	 1.297601e+01
2.613180e+02 	 1.335803e+01
2.615970e+02 	 1.361305e+01
2.618760e+02 	 1.324999e+01
2.621540e+02 	 1.657231e+01
2.624330e+02 	 1.589701e+01
2.627120e+02 	 1.746843e+01
2.629910e+02 	 1.701461e+01
2.632690e+02 	 1.837944e+01
2.635480e+02 	 1.926336e+01
2.638270e+02 	 2.139696e+01
2.641050e+02 	 2.460413e+01
2.643840e+02 	 2.368296e+01
2.646630e+02 	 1.632373e+01
2.649410e+02 	 1.477603e+01
2.652200e+02 	 1.746504e+01
2.654990e+02 	 1.661499e+01
2.657770e+02 	 1.559560e+01
2.660560e+02 	 2.129875e+01
2.663340e+02 	 1.678093e+01
2.666130e+02 	 1.759373e+01
2.668910e+02 	 1.075978e+01
2.671700e+02 	 1.098567e+01
2.674490e+02 	 1.550077e+01
2.677270e+02 	 8.860875e+00
2.680060e+02 	 9.004808e+00
2.682840e+02 	 1.166639e+01
2.685630e+02 	 8.648869e+00
2.688410e+02 	 1.353109e+01
2.691200e+02 	 1.978829e+01
2.693980e+02 	 1.748197e+01
2.696770e+02 	 1.061246e+01
2.699550e+02 	 1.008990e+01
2.702330e+02 	 7.200392e+00
2.705120e+02 	 1.480989e+01
2.707900e+02 	 1.725473e+01
2.710690e+02 	 1.304510e+01
2.713470e+02 	 1.295332e+01
2.716250e+02 	 1.537547e+01
2.719040e+02 	 8.799915e+00
2.721820e+02 	 5.334000e+00
2.724610e+02 	 9.683835e+00
2.727390e+02 	 1.241721e+01
2.730170e+02 	 8.960443e+00
2.732960e+02 	 1.062465e+01
2.735740e+02 	 1.051933e+01
2.738520e+02 	 1.151501e+01
2.741300e+02 	 9.620504e+00
2.744090e+02 	 6.181683e+00
2.746870e+02 	 7.365323e+00
2.749650e+02 	 1.153803e+01
2.752430e+02 	 1.122883e+01
2.755220e+02 	 1.276807e+01
2.758000e+02 	 9.874165e+00
2.760780e+02 	 7.300976e+00
2.763560e+02 	 1.165149e+01
2.766350e+02 	 1.937885e+01
2.769130e+02 	 9.954091e+00
2.771910e+02 	 8.288189e+00
2.774690e+02 	 1.470152e+01
2.777470e+02 	 2.009648e+01
2.780250e+02 	 1.425787e+01
2.783030e+02 	 1.759373e+01
2.785820e+02 	 1.868763e+01
2.788600e+02 	 1.908048e+01
2.791380e+02 	 1.360221e+01
2.794160e+02 	 8.537448e+00
2.796940e+02 	 9.258469e+00
2.799720e+02 	 7.805928e+00
2.802500e+02 	 1.237217e+01
2.805280e+02 	 1.404112e+01
2.808060e+02 	 1.966976e+01
2.810840e+02 	 1.579880e+01
2.813620e+02 	 2.096685e+01
2.816400e+02 	 1.717717e+01
2.819180e+02 	 1.341628e+01
2.821960e+02 	 9.683835e+00
2.824740e+02 	 1.117532e+01
2.827520e+02 	 1.288627e+01
2.830300e+02 	 8.011160e+00
2.833080e+02 	 7.053749e+00
2.835860e+02 	 7.983051e+00
2.838640e+02 	 6.533219e+00
2.841420e+02 	 7.189216e+00
2.844190e+02 	 9.791531e+00
2.846970e+02 	 4.998043e+00
2.849750e+02 	 7.201069e+00
2.852530e+02 	 8.228584e+00
2.855310e+02 	 1.451932e+01
2.858090e+02 	 7.634224e+00
2.860870e+02 	 7.282011e+00
2.863640e+02 	 7.870275e+00
2.866420e+02 	 1.064633e+01
2.869200e+02 	 6.555232e+00
2.871980e+02 	 5.687229e+00
2.874750e+02 	 9.256099e+00
2.877530e+02 	 1.106255e+01
2.880310e+02 	 1.168874e+01
2.883090e+02 	 1.135583e+01
2.885860e+02 	 6.392333e+00
2.888640e+02 	 9.203605e+00
2.891420e+02 	 1.454912e+01
2.894200e+02 	 1.155971e+01
2.896970e+02 	 9.596459e+00
2.899750e+02 	 1.524576e+01
2.902530e+02 	 1.583199e+01
2.905300e+02 	 8.179477e+00
2.908080e+02 	 7.781544e+00
2.910850e+02 	 1.039368e+01
2.913630e+02 	 1.180931e+01
2.916410e+02 	 8.818541e+00
2.919180e+02 	 1.513840e+01
2.921960e+02 	 1.500293e+01
2.924730e+02 	 8.255677e+00
2.927510e+02 	 1.197864e+01
2.930290e+02 	 1.800013e+01
2.933060e+02 	 1.659805e+01
2.935840e+02 	 1.740747e+01
2.938610e+02 	 1.655064e+01
2.941390e+02 	 1.662853e+01
2.944160e+02 	 1.320190e+01
2.946940e+02 	 1.714669e+01
2.949710e+02 	 1.832864e+01
2.952490e+02 	 2.108877e+01
2.955260e+02 	 2.593509e+01
2.958030e+02 	 2.093976e+01
2.960810e+02 	 1.850475e+01
2.963580e+02 	 1.528741e+01
2.966360e+02 	 1.991021e+01
2.969130e+02 	 2.185077e+01
2.971910e+02 	 9.704493e+00
2.974680e+02 	 7.679267e+00
2.977450e+02 	 7.391061e+00
2.980230e+02 	 4.822139e+00
2.983000e+02 	 4.479544e+00
2.985770e+02 	 6.414008e+00
2.988550e+02 	 8.983472e+00
2.991320e+02 	 8.862568e+00
2.994090e+02 	 8.098536e+00
2.996870e+02 	 6.010656e+00
2.999640e+02 	 8.929963e+00
3.002410e+02 	 5.575808e+00
3.005180e+02 	 6.090581e+00
3.007960e+02 	 6.994821e+00
3.010730e+02 	 5.668941e+00
3.013500e+02 	 7.964763e+00
3.016270e+02 	 7.634563e+00
3.019040e+02 	 1.131451e+01
3.021820e+02 	 1.106627e+01
3.024590e+02 	 1.008007e+01
3.027360e+02 	 7.629821e+00
3.030130e+02 	 8.636339e+00
3.032900e+02 	 1.046615e+01
3.035670e+02 	 5.372269e+00
3.038450e+02 	 3.107944e+00
3.041220e+02 	 5.894155e+00
3.043990e+02 	 4.739640e+00
3.046760e+02 	 1.143881e+01
3.049530e+02 	 1.131790e+01
3.052300e+02 	 1.079094e+01
3.055070e+02 	 6.527461e+00
3.057840e+02 	 8.941477e+00
3.060610e+02 	 1.042416e+01
3.063380e+02 	 8.037576e+00
3.066150e+02 	 1.405467e+01
3.068920e+02 	 1.400048e+01
3.071690e+02 	 1.100768e+01
3.074460e+02 	 7.119789e+00
3.077230e+02 	 1.390565e+01
3.080000e+02 	 9.039352e+00
3.082770e+02 	 1.448477e+01
3.085540e+02 	 1.010649e+01
3.088310e+02 	 7.006675e+00
3.091080e+02 	 9.378357e+00
3.093850e+02 	 1.970363e+01
3.096620e+02 	 1.311182e+01
3.099390e+02 	 1.345353e+01
3.102160e+02 	 1.284834e+01
3.104930e+02 	 1.174327e+01
3.107690e+02 	 8.573347e+00
3.110460e+02 	 1.137717e+01
3.113230e+02 	 1.996440e+01
3.116000e+02 	 1.905677e+01
3.118770e+02 	 1.291505e+01
3.121540e+02 	 1.066123e+01
3.124300e+02 	 1.340070e+01
3.127070e+02 	 1.826429e+01
3.129840e+02 	 1.562608e+01
3.132610e+02 	 1.457960e+01
3.135370e+02 	 1.004316e+01
3.138140e+02 	 5.509091e+00
3.140910e+02 	 5.334677e+00
3.143680e+02 	 7.469971e+00
3.146440e+02 	 8.537109e+00
3.149210e+02 	 7.413075e+00
3.151980e+02 	 4.643797e+00
3.154740e+02 	 1.096298e+01
3.157510e+02 	 9.326541e+00
3.160280e+02 	 6.858339e+00
3.163040e+02 	 1.099718e+01
3.165810e+02 	 6.129867e+00
3.168580e+02 	 6.238579e+00
3.171340e+02 	 8.436187e+00
3.174110e+02 	 7.092357e+00
3.176870e+02 	 8.425011e+00
3.179640e+02 	 1.702477e+01
3.182400e+02 	 9.159240e+00
3.185170e+02 	 4.903216e+00
3.187940e+02 	 7.205472e+00
3.190700e+02 	 7.358211e+00
3.193470e+02 	 4.021667e+00
3.196230e+02 	 6.362531e+00
3.199000e+02 	 9.448800e+00
3.201760e+02 	 8.745389e+00
3.204530e+02 	 8.977037e+00
3.207290e+02 	 1.272709e+01
3.210060e+02 	 1.389075e+01
3.212820e+02 	 1.016745e+01
3.215580e+02 	 5.660136e+00
3.218350e+02 	 1.476079e+01
3.221110e+02 	 7.025979e+00
3.223880e+02 	 1.277281e+01
3.226640e+02 	 1.668441e+01
3.229410e+02 	 1.503341e+01
3.232170e+02 	 1.231527e+01
3.234930e+02 	 1.129284e+01
3.237700e+02 	 1.364861e+01
3.240460e+02 	 1.109607e+01
3.243220e+02 	 1.755919e+01
3.245990e+02 	 2.251117e+01
3.248750e+02 	 1.295400e+01
3.251510e+02 	 1.309861e+01
3.254270e+02 	 6.588760e+00
3.257040e+02 	 5.644896e+00
3.259800e+02 	 6.707632e+00
3.262560e+02 	 8.817187e+00
3.265330e+02 	 2.268220e+01
3.268090e+02 	 8.770789e+00
3.270850e+02 	 9.302496e+00
3.273610e+02 	 1.048918e+01
3.276370e+02 	 1.077637e+01
3.279140e+02 	 9.330605e+00
3.281900e+02 	 6.893221e+00
3.284660e+02 	 1.297093e+01
3.287420e+02 	 6.185069e+00
3.290180e+02 	 6.889835e+00
3.292940e+02 	 1.277959e+01
3.295700e+02 	 1.963657e+01
3.298470e+02 	 1.789515e+01
3.301230e+02 	 2.026581e+01
3.303990e+02 	 1.977475e+01
3.306750e+02 	 8.913368e+00
3.309510e+02 	 5.920232e+00
3.312270e+02 	 1.477603e+01
3.315030e+02 	 1.872827e+01
3.317790e+02 	 1.987296e+01
3.320550e+02 	 1.052339e+01
3.323310e+02 	 1.071948e+01
3.326070e+02 	 1.180626e+01
3.328830e+02 	 1.145642e+01
3.331590e+02 	 1.190278e+01
3.334350e+02 	 1.000150e+01
3.337110e+02 	 1.494062e+01
3.339870e+02 	 9.238827e+00
3.342630e+02 	 1.642330e+01
3.345390e+02 	 2.081784e+01
3.348150e+02 	 1.333602e+01
3.350910e+02 	 1.010649e+01
3.353670e+02 	 9.519243e+00
3.356430e+02 	 1.351415e+01
3.359180e+02 	 1.418878e+01
3.361940e+02 	 2.239941e+01
3.364700e+02 	 1.940662e+01
3.367460e+02 	 2.005923e+01
3.370220e+02 	 1.546691e+01
3.372980e+02 	 1.475232e+01
3.375730e+02 	 1.249240e+01
3.378490e+02 	 1.336379e+01
3.381250e+02 	 1.936157e+01
3.384010e+02 	 1.714331e+01
3.386770e+02 	 3.473365e+01
3.389520e+02 	 2.771987e+01
3.392280e+02 	 2.255181e+01
3.395040e+02 	 2.207091e+01
3.397800e+02 	 1.779693e+01
3.400550e+02 	 2.113619e+01
3.403310e+02 	 1.590379e+01
3.406070e+02 	 1.692656e+01
3.408820e+02 	 2.301917e+01
3.411580e+02 	 3.146213e+01
3.414340e+02 	 3.369056e+01
3.417090e+02 	 2.718477e+01
3.419850e+02 	 2.131229e+01
3.422610e+02 	 2.408259e+01
3.425360e+02 	 2.240619e+01
3.428120e+02 	 2.039451e+01
3.430870e+02 	 2.364909e+01
3.433630e+02 	 1.791885e+01
3.436390e+02 	 2.115312e+01
3.439140e+02 	 1.504357e+01
3.441900e+02 	 2.558288e+01
3.444650e+02 	 1.433745e+01
3.447410e+02 	 1.743456e+01
3.450160e+02 	 2.732701e+01
3.452920e+02 	 3.380571e+01
3.455670e+02 	 1.767501e+01
3.458430e+02 	 1.449493e+01
3.461180e+02 	 1.760051e+01
3.463940e+02 	 3.377523e+01
3.466690e+02 	 3.742267e+01
3.469450e+02 	 2.301240e+01
3.472200e+02 	 3.308096e+01
3.474950e+02 	 3.030389e+01
3.477710e+02 	 3.682661e+01
3.480460e+02 	 3.437128e+01
3.483220e+02 	 3.896699e+01
3.485970e+02 	 3.132667e+01
3.488720e+02 	 3.586480e+01
3.491480e+02 	 3.063579e+01
3.494230e+02 	 3.651165e+01
3.496980e+02 	 4.146296e+01
3.499740e+02 	 4.790440e+01
3.502490e+02 	 5.138251e+01
3.505240e+02 	 4.896781e+01
3.508000e+02 	 6.453971e+01
3.510750e+02 	 7.464552e+01
3.513500e+02 	 6.416040e+01
3.516250e+02 	 6.182699e+01
3.519010e+02 	 7.190571e+01
3.521760e+02 	 9.411885e+01
3.524510e+02 	 7.716520e+01
3.527260e+02 	 9.529064e+01
3.530020e+02 	 9.815237e+01
3.532770e+02 	 9.689253e+01
3.535520e+02 	 1.130131e+02
3.538270e+02 	 9.464717e+01
3.541020e+02 	 1.239181e+02
3.543780e+02 	 1.445429e+02
3.546530e+02 	 1.489456e+02
3.549280e+02 	 1.665563e+02
3.552030e+02 	 1.525355e+02
3.554780e+02 	 1.455928e+02
3.557530e+02 	 1.411563e+02
3.560280e+02 	 1.457621e+02
3.563030e+02 	 1.417320e+02
3.565780e+02 	 1.245955e+02
3.568530e+02 	 1.367536e+02
3.571280e+02 	 1.287611e+02
3.574030e+02 	 1.631019e+02
3.576780e+02 	 2.120392e+02
3.579540e+02 	 2.709672e+02
3.582290e+02 	 3.376168e+02
3.585030e+02 	 3.607816e+02
3.587780e+02 	 2.780453e+02
3.590530e+02 	 2.368973e+02
3.593280e+02 	 1.914144e+02
3.596030e+02 	 1.958509e+02
3.598780e+02 	 1.649984e+02
3.601530e+02 	 1.326219e+02
3.604280e+02 	 9.970347e+01
3.607030e+02 	 1.008990e+02
3.609780e+02 	 9.101328e+01
3.612530e+02 	 6.300216e+01
3.615280e+02 	 6.598243e+01
3.618030e+02 	 6.099725e+01
3.620770e+02 	 6.446181e+01
3.623520e+02 	 6.717115e+01
3.626270e+02 	 6.206067e+01
3.629020e+02 	 6.756400e+01
3.631770e+02 	 7.271851e+01
3.634510e+02 	 6.737435e+01
3.637260e+02 	 5.938181e+01
3.640010e+02 	 6.130205e+01
3.642760e+02 	 6.059085e+01
3.645510e+02 	 5.477933e+01
3.648250e+02 	 6.076357e+01
3.651000e+02 	 8.410109e+01
3.653750e+02 	 6.916589e+01
3.656490e+02 	 5.231723e+01
3.659240e+02 	 5.712629e+01
3.661990e+02 	 7.245435e+01
3.664740e+02 	 3.437467e+01
3.667480e+02 	 1.778339e+01
3.670230e+02 	 1.005705e+01
3.672970e+02 	 4.035213e+00
3.675720e+02 	 2.002536e+00
3.678470e+02 	 1.535515e+00
3.681210e+02 	 1.656080e+00
3.683960e+02 	 1.535515e+00
3.686710e+02 	 1.505035e+00
3.689450e+02 	 1.550416e+00
3.692200e+02 	 1.986280e+00
3.694940e+02 	 2.016760e+00
3.697690e+02 	 1.580219e+00
3.700430e+02 	 2.152565e+00
3.703180e+02 	 2.303949e+00
3.705920e+02 	 2.605701e+00
3.708670e+02 	 2.817707e+00
3.711410e+02 	 2.215896e+00
3.714160e+02 	 1.266681e+00
3.716900e+02 	 6.186424e-01
3.719650e+02 	 7.245773e-01
3.722390e+02 	 3.927179e-01
3.725140e+02 	 4.081949e-01
3.727880e+02 	 5.292344e-01
3.730630e+02 	 4.538811e-01
3.733370e+02 	 3.630845e-01
3.736110e+02 	 4.388104e-01
3.738860e+02 	 6.060440e-01
3.741600e+02 	 4.091093e-01
3.744340e+02 	 4.394539e-01
3.747090e+02 	 5.152136e-01
3.749830e+02 	 6.518656e-01
3.752570e+02 	 4.397925e-01
3.755320e+02 	 3.039770e-01
3.758060e+02 	 4.553035e-01
3.760800e+02 	 3.648795e-01
3.763550e+02 	 3.954611e-01
3.766290e+02 	 2.585822e-01
3.769030e+02 	 3.348160e-01
3.771780e+02 	 4.717965e-01
3.774520e+02 	 5.481659e-01
3.777260e+02 	 5.178891e-01
3.780000e+02 	 3.655568e-01
3.782740e+02 	 4.121573e-01
3.785490e+02 	 2.134955e-01
3.788230e+02 	 5.493173e-01
3.790970e+02 	 4.124960e-01
3.793710e+02 	 6.109547e-01
3.796450e+02 	 5.039699e-01
3.799190e+02 	 7.352115e-01
3.801940e+02 	 5.964936e-01
3.804680e+02 	 4.442629e-01
3.807420e+02 	 2.300901e-01
3.810160e+02 	 4.456210e-01
3.812900e+02 	 6.453971e-01
3.815640e+02 	 6.461083e-01
3.818380e+02 	 3.388699e-01
3.821120e+02 	 2.926419e-01
3.823860e+02 	 3.079970e-01
3.826600e+02 	 3.243377e-01
3.829340e+02 	 6.644640e-01
3.832080e+02 	 3.249168e-01
3.834820e+02 	 4.181856e-01
3.837560e+02 	 2.790444e-01
3.840300e+02 	 3.412405e-01
3.843040e+02 	 4.812453e-01
3.845780e+02 	 2.646274e-01
3.848520e+02 	 2.176137e-01
3.851260e+02 	 2.807208e-01
3.854000e+02 	 2.488523e-01
3.856740e+02 	 6.243659e-01
3.859480e+02 	 3.907197e-01
3.862220e+02 	 1.715347e-01
3.864960e+02 	 5.323163e-01
3.867700e+02 	 3.444917e-01
3.870440e+02 	 4.708483e-01
3.873170e+02 	 2.671741e-01
3.875910e+02 	 3.771392e-01
3.878650e+02 	 2.519003e-01
3.881390e+02 	 3.778504e-01
3.884130e+02 	 2.836672e-01
3.886860e+02 	 1.120208e+00
3.889600e+02 	 5.211741e-01
3.892340e+02 	 4.587579e-01
3.895080e+02 	 2.843886e-01
3.897820e+02 	 4.592320e-01
3.900550e+02 	 3.168904e-01
3.903290e+02 	 2.224363e-01
3.906030e+02 	 5.884672e-01
3.908770e+02 	 3.822869e-01
3.911500e+02 	 3.028019e-01
3.914240e+02 	 4.795520e-01
3.916980e+02 	 1.373056e+00
3.919710e+02 	 5.763768e-01
3.922450e+02 	 5.455243e-01
3.925190e+02 	 4.177115e-01
3.927920e+02 	 4.665133e-01
3.930660e+02 	 5.966629e-01
3.933390e+02 	 4.517475e-01
3.936130e+02 	 3.234267e-01
3.938870e+02 	 4.691211e-01
3.941600e+02 	 3.888232e-01
3.944340e+02 	 2.593645e-01
3.947070e+02 	 5.198533e-01
3.949810e+02 	 4.723723e-01
3.952550e+02 	 3.260513e-01
3.955280e+02 	 2.613795e-01
3.958020e+02 	 4.575387e-01
3.960750e+02 	 3.759776e-01
3.963490e+02 	 4.261104e-01
3.966220e+02 	 4.763685e-01
3.968960e+02 	 2.459736e-01
3.971690e+02 	 3.955288e-01
3.974420e+02 	 1.647478e-01
3.977160e+02 	 2.472233e-01
3.979890e+02 	 3.968157e-01
3.982630e+02 	 5.623560e-01
3.985360e+02 	 3.978317e-01
3.988100e+02 	 2.827663e-01
3.990830e+02 	 8.487664e-01
3.993560e+02 	 3.494905e-01
3.996300e+02 	 5.334339e-01
3.999030e+02 	 4.173728e-01
4.001760e+02 	 4.517136e-01
4.004500e+02 	 3.854365e-01
4.007230e+02 	 3.018536e-01
4.009960e+02 	 4.536101e-01
4.012700e+02 	 4.378621e-01
4.015430e+02 	 4.715256e-01
4.018160e+02 	 5.227997e-01
4.020900e+02 	 2.875686e-01
4.023630e+02 	 4.398264e-01
4.026360e+02 	 4.399957e-01
4.029090e+02 	 3.902795e-01
4.031830e+02 	 5.946309e-01
4.034560e+02 	 3.741251e-01
4.037290e+02 	 3.243885e-01
4.040020e+02 	 4.435856e-01
4.042750e+02 	 7.184136e-01
4.045490e+02 	 6.508496e-01
4.048220e+02 	 3.943773e-01
4.050950e+02 	 3.941403e-01
4.053680e+02 	 5.152813e-01
4.056410e+02 	 1.223670e+00
4.059140e+02 	 8.620421e-01
4.061870e+02 	 4.315629e-01
4.064600e+02 	 5.704501e-01
4.067340e+02 	 5.710597e-01
4.070070e+02 	 2.249763e-01
4.072800e+02 	 4.858512e-01
4.075530e+02 	 4.870027e-01
4.078260e+02 	 5.401056e-01
4.080990e+02 	 2.966381e-01
4.083720e+02 	 4.536779e-01
4.086450e+02 	 1.750568e-01
4.089180e+02 	 4.729480e-01
4.091910e+02 	 4.731851e-01
4.094640e+02 	 8.773499e-02
4.097370e+02 	 1.231053e-01
4.100100e+02 	 3.871637e-01
4.102830e+02 	 3.006276e-01
4.105560e+02 	 2.643767e-01
4.108290e+02 	 6.715421e-01
