# Intensities integrated over 341.18 nm to 390.92 nm against X
# x (cm); 	 Intens (W/cm**2-sr)
0.000000e+00 	 6.044054e-01
4.031740e-02 	 6.146795e-01
8.063480e-02 	 6.087182e-01
1.209520e-01 	 5.559331e-01
1.612700e-01 	 5.908649e-01
2.015870e-01 	 6.346597e-01
2.419050e-01 	 6.227583e-01
2.822220e-01 	 6.696235e-01
3.225390e-01 	 6.401589e-01
3.628570e-01 	 6.634579e-01
4.031740e-01 	 7.217782e-01
4.434920e-01 	 6.954450e-01
4.838090e-01 	 6.769960e-01
5.241260e-01 	 6.547511e-01
5.644440e-01 	 6.581319e-01
6.047610e-01 	 6.741767e-01
6.450790e-01 	 6.732939e-01
6.853960e-01 	 6.853437e-01
7.257140e-01 	 6.809023e-01
7.660310e-01 	 6.735820e-01
8.063480e-01 	 7.059788e-01
8.466660e-01 	 7.199032e-01
8.869830e-01 	 7.381757e-01
9.273010e-01 	 7.130344e-01
9.676180e-01 	 7.424294e-01
1.007940e+00 	 6.954755e-01
1.048250e+00 	 7.352103e-01
1.088570e+00 	 7.474494e-01
1.128890e+00 	 7.315398e-01
1.169210e+00 	 7.335835e-01
1.209520e+00 	 8.306194e-01
1.249840e+00 	 8.069764e-01
1.290160e+00 	 7.766987e-01
1.330470e+00 	 8.001119e-01
1.370790e+00 	 7.768114e-01
1.411110e+00 	 8.125326e-01
1.451430e+00 	 8.070344e-01
1.491740e+00 	 8.319293e-01
1.532060e+00 	 9.199406e-01
1.572380e+00 	 9.120136e-01
1.612700e+00 	 8.991791e-01
1.653010e+00 	 8.342610e-01
1.693330e+00 	 8.424705e-01
1.733650e+00 	 8.557182e-01
1.773970e+00 	 8.403914e-01
1.814280e+00 	 8.943105e-01
1.854600e+00 	 8.888045e-01
1.894920e+00 	 8.977302e-01
1.935240e+00 	 8.832186e-01
1.975550e+00 	 9.184527e-01
2.015870e+00 	 9.254560e-01
2.056190e+00 	 8.637515e-01
2.096510e+00 	 8.717538e-01
2.136820e+00 	 9.354924e-01
2.177140e+00 	 9.233709e-01
2.217460e+00 	 8.793040e-01
2.257780e+00 	 9.231729e-01
2.298090e+00 	 9.080330e-01
2.338410e+00 	 9.245514e-01
2.378730e+00 	 9.570191e-01
2.419050e+00 	 9.288037e-01
2.459360e+00 	 9.595425e-01
2.499680e+00 	 9.316628e-01
2.540000e+00 	 1.006206e+00
2.580310e+00 	 1.033323e+00
2.620630e+00 	 1.032334e+00
2.660950e+00 	 1.073411e+00
2.701270e+00 	 1.050028e+00
2.741580e+00 	 1.036856e+00
2.781900e+00 	 1.036881e+00
2.822220e+00 	 1.062369e+00
2.862540e+00 	 1.075923e+00
2.902850e+00 	 1.005903e+00
2.943170e+00 	 1.082520e+00
2.983490e+00 	 1.061619e+00
3.023810e+00 	 1.056956e+00
3.064120e+00 	 1.069467e+00
3.104440e+00 	 1.063076e+00
3.144760e+00 	 1.042008e+00
3.185080e+00 	 1.000142e+00
3.225390e+00 	 1.016768e+00
3.265710e+00 	 1.042521e+00
3.306030e+00 	 9.651158e-01
3.346350e+00 	 9.391718e-01
3.386660e+00 	 8.828701e-01
3.426980e+00 	 8.362206e-01
3.467300e+00 	 8.630975e-01
3.507620e+00 	 7.436387e-01
3.547930e+00 	 6.605948e-01
3.588250e+00 	 6.466237e-01
3.628570e+00 	 6.531883e-01
3.668890e+00 	 6.764610e-01
3.709200e+00 	 6.555783e-01
3.749520e+00 	 6.164447e-01
3.789840e+00 	 6.207057e-01
3.830150e+00 	 6.161628e-01
3.870470e+00 	 6.565916e-01
3.910790e+00 	 6.673413e-01
3.951110e+00 	 6.932014e-01
3.991420e+00 	 6.651290e-01
4.031740e+00 	 6.795215e-01
4.072060e+00 	 7.450179e-01
4.112380e+00 	 7.568913e-01
4.152690e+00 	 7.342400e-01
4.193010e+00 	 6.909348e-01
4.233330e+00 	 7.907051e-01
4.273650e+00 	 7.571703e-01
4.313960e+00 	 7.439715e-01
4.354280e+00 	 8.007349e-01
4.394600e+00 	 8.402684e-01
4.434920e+00 	 7.426488e-01
4.475230e+00 	 7.946631e-01
4.515550e+00 	 8.029203e-01
4.555870e+00 	 8.419979e-01
4.596190e+00 	 8.135689e-01
4.636500e+00 	 8.325813e-01
4.676820e+00 	 7.902254e-01
4.717140e+00 	 8.301380e-01
4.757460e+00 	 8.930648e-01
4.797770e+00 	 8.386351e-01
4.838090e+00 	 8.525024e-01
4.878410e+00 	 8.930207e-01
4.918730e+00 	 8.690624e-01
4.959040e+00 	 8.940400e-01
4.999360e+00 	 9.161135e-01
5.039680e+00 	 8.528418e-01
5.079990e+00 	 9.071488e-01
5.120310e+00 	 9.098658e-01
5.160630e+00 	 8.952043e-01
5.200950e+00 	 1.011993e+00
5.241260e+00 	 9.692514e-01
5.281580e+00 	 9.659012e-01
5.321900e+00 	 1.020900e+00
5.362220e+00 	 1.010169e+00
5.402530e+00 	 1.071478e+00
5.442850e+00 	 1.103455e+00
5.483170e+00 	 1.108879e+00
5.523490e+00 	 1.173600e+00
5.563800e+00 	 1.188598e+00
5.604120e+00 	 1.223201e+00
5.644440e+00 	 1.203978e+00
5.684760e+00 	 1.206253e+00
5.725070e+00 	 1.230602e+00
5.765390e+00 	 1.224090e+00
5.805710e+00 	 1.344046e+00
5.846030e+00 	 1.442245e+00
5.886340e+00 	 1.468960e+00
5.926660e+00 	 1.475797e+00
5.966980e+00 	 1.525292e+00
6.007300e+00 	 1.558210e+00
6.047610e+00 	 1.681032e+00
6.087930e+00 	 1.670397e+00
6.128250e+00 	 1.751173e+00
6.168570e+00 	 1.850790e+00
6.208880e+00 	 1.866452e+00
6.249200e+00 	 1.983919e+00
6.289520e+00 	 2.096811e+00
6.329830e+00 	 2.411119e+00
6.370150e+00 	 2.519624e+00
6.410470e+00 	 2.696274e+00
6.450790e+00 	 2.815663e+00
6.491100e+00 	 3.098042e+00
6.531420e+00 	 3.357474e+00
6.571740e+00 	 3.516874e+00
6.612060e+00 	 3.843613e+00
6.652370e+00 	 4.009602e+00
6.692690e+00 	 4.396029e+00
6.733010e+00 	 4.827505e+00
6.773330e+00 	 5.209211e+00
6.813640e+00 	 5.638903e+00
6.853960e+00 	 6.074281e+00
6.894280e+00 	 6.461021e+00
6.934600e+00 	 7.073410e+00
6.974910e+00 	 7.529833e+00
7.015230e+00 	 7.825981e+00
7.055550e+00 	 8.107646e+00
7.095870e+00 	 8.258674e+00
7.136180e+00 	 8.026819e+00
7.176500e+00 	 7.406579e+00
7.216820e+00 	 6.386441e+00
7.257140e+00 	 5.457578e+00
7.297450e+00 	 4.081026e+00
7.337770e+00 	 2.965426e+00
7.378090e+00 	 1.984991e+00
7.418410e+00 	 1.204317e+00
7.458720e+00 	 6.975867e-01
7.499040e+00 	 4.619040e-01
7.539360e+00 	 3.503242e-01
7.579670e+00 	 2.758567e-01
7.619990e+00 	 2.450793e-01
7.660310e+00 	 2.214396e-01
7.700630e+00 	 1.840095e-01
7.740940e+00 	 1.823591e-01
7.781260e+00 	 1.702731e-01
7.821580e+00 	 1.677961e-01
7.861900e+00 	 1.453960e-01
7.902210e+00 	 1.390788e-01
7.942530e+00 	 1.386067e-01
7.982850e+00 	 1.397328e-01
8.023170e+00 	 1.351476e-01
8.063480e+00 	 1.418741e-01
8.103800e+00 	 1.271056e-01
8.144120e+00 	 1.198345e-01
8.184440e+00 	 1.308639e-01
8.224750e+00 	 1.188210e-01
8.265070e+00 	 1.126041e-01
8.305390e+00 	 1.141251e-01
8.345710e+00 	 1.320352e-01
8.386020e+00 	 1.219819e-01
8.426340e+00 	 1.068118e-01
8.466660e+00 	 1.003599e-01
8.506980e+00 	 9.447352e-02
8.547290e+00 	 9.398270e-02
8.587610e+00 	 9.006093e-02
8.627930e+00 	 8.891540e-02
8.668250e+00 	 8.915446e-02
8.708560e+00 	 8.214373e-02
8.748880e+00 	 7.251058e-02
8.789200e+00 	 6.697799e-02
8.829510e+00 	 6.000321e-02
8.869830e+00 	 6.224449e-02
8.910150e+00 	 6.022905e-02
8.950470e+00 	 5.664450e-02
8.990780e+00 	 6.137489e-02
9.031100e+00 	 5.242606e-02
9.071420e+00 	 5.279503e-02
9.111740e+00 	 4.037996e-02
9.152050e+00 	 3.880604e-02
9.192370e+00 	 4.401014e-02
9.232690e+00 	 4.213718e-02
9.273010e+00 	 3.905259e-02
9.313320e+00 	 3.246800e-02
9.353640e+00 	 3.589146e-02
9.393960e+00 	 2.656574e-02
9.434280e+00 	 3.399855e-02
9.474590e+00 	 3.545635e-02
9.514910e+00 	 2.978436e-02
9.555230e+00 	 2.939072e-02
9.595550e+00 	 2.660552e-02
9.635860e+00 	 4.916130e-02
9.676180e+00 	 3.348853e-02
9.716500e+00 	 4.112758e-02
9.756820e+00 	 3.527535e-02
9.797130e+00 	 2.764285e-02
9.837450e+00 	 2.462791e-02
9.877770e+00 	 2.621679e-02
9.918090e+00 	 3.237535e-02
9.958400e+00 	 3.222278e-02
9.998720e+00 	 3.630742e-02
1.003900e+01 	 3.644964e-02
1.007940e+01 	 3.523269e-02
1.011970e+01 	 2.899490e-02
1.016000e+01 	 2.518177e-02
1.020030e+01 	 2.816007e-02
1.024060e+01 	 3.957938e-02
1.028090e+01 	 0.000000e+00
