# Intensities integrated over 425.18 nm to 479.82 nm against X
# x (cm); 	 Intens (W/cm**2-sr)
0.000000e+00 	 3.053626e-01
4.031740e-02 	 3.220833e-01
8.063480e-02 	 3.274987e-01
1.209520e-01 	 3.072444e-01
1.612700e-01 	 3.249945e-01
2.015870e-01 	 3.109243e-01
2.419050e-01 	 3.388329e-01
2.822220e-01 	 3.280084e-01
3.225390e-01 	 3.259334e-01
3.628570e-01 	 3.106276e-01
4.031740e-01 	 3.242374e-01
4.434920e-01 	 3.546348e-01
4.838090e-01 	 3.363833e-01
5.241260e-01 	 3.276366e-01
5.644440e-01 	 3.229747e-01
6.047610e-01 	 3.031248e-01
6.450790e-01 	 3.451228e-01
6.853960e-01 	 3.375448e-01
7.257140e-01 	 3.343810e-01
7.660310e-01 	 4.137639e-01
8.063480e-01 	 3.690780e-01
8.466660e-01 	 4.032722e-01
8.869830e-01 	 3.920120e-01
9.273010e-01 	 3.997713e-01
9.676180e-01 	 3.617645e-01
1.007940e+00 	 3.578757e-01
1.048250e+00 	 4.046344e-01
1.088570e+00 	 4.094291e-01
1.128890e+00 	 3.679892e-01
1.169210e+00 	 3.860474e-01
1.209520e+00 	 4.006102e-01
1.249840e+00 	 3.865048e-01
1.290160e+00 	 4.283985e-01
1.330470e+00 	 4.256677e-01
1.370790e+00 	 4.240918e-01
1.411110e+00 	 4.013736e-01
1.451430e+00 	 4.511131e-01
1.491740e+00 	 4.588602e-01
1.532060e+00 	 4.514247e-01
1.572380e+00 	 4.540404e-01
1.612700e+00 	 4.996297e-01
1.653010e+00 	 4.854047e-01
1.693330e+00 	 4.716029e-01
1.733650e+00 	 4.424433e-01
1.773970e+00 	 4.405245e-01
1.814280e+00 	 4.589248e-01
1.854600e+00 	 4.608126e-01
1.894920e+00 	 4.736861e-01
1.935240e+00 	 5.114102e-01
1.975550e+00 	 4.651627e-01
2.015870e+00 	 5.001949e-01
2.056190e+00 	 5.278811e-01
2.096510e+00 	 4.571570e-01
2.136820e+00 	 4.821088e-01
2.177140e+00 	 5.265380e-01
2.217460e+00 	 4.496252e-01
2.257780e+00 	 4.693426e-01
2.298090e+00 	 4.519609e-01
2.338410e+00 	 4.799921e-01
2.378730e+00 	 4.989961e-01
2.419050e+00 	 4.669155e-01
2.459360e+00 	 5.372820e-01
2.499680e+00 	 5.115293e-01
2.540000e+00 	 5.146797e-01
2.580310e+00 	 5.195333e-01
2.620630e+00 	 4.949701e-01
2.660950e+00 	 4.651114e-01
2.701270e+00 	 4.796769e-01
2.741580e+00 	 5.256126e-01
2.781900e+00 	 4.784123e-01
2.822220e+00 	 4.833935e-01
2.862540e+00 	 5.322884e-01
2.902850e+00 	 5.711049e-01
2.943170e+00 	 5.556946e-01
2.983490e+00 	 5.393101e-01
3.023810e+00 	 5.764775e-01
3.064120e+00 	 5.988572e-01
3.104440e+00 	 5.285858e-01
3.144760e+00 	 5.540008e-01
3.185080e+00 	 5.269715e-01
3.225390e+00 	 5.211945e-01
3.265710e+00 	 5.738192e-01
3.306030e+00 	 5.057185e-01
3.346350e+00 	 4.700556e-01
3.386660e+00 	 3.897641e-01
3.426980e+00 	 3.696632e-01
3.467300e+00 	 3.943557e-01
3.507620e+00 	 3.601304e-01
3.547930e+00 	 3.278839e-01
3.588250e+00 	 3.035095e-01
3.628570e+00 	 3.009386e-01
3.668890e+00 	 2.804670e-01
3.709200e+00 	 2.503066e-01
3.749520e+00 	 2.946893e-01
3.789840e+00 	 2.736324e-01
3.830150e+00 	 2.396370e-01
3.870470e+00 	 2.804483e-01
3.910790e+00 	 3.157077e-01
3.951110e+00 	 2.899577e-01
3.991420e+00 	 2.579982e-01
4.031740e+00 	 2.669990e-01
4.072060e+00 	 3.045838e-01
4.112380e+00 	 3.167404e-01
4.152690e+00 	 2.736204e-01
4.193010e+00 	 2.749569e-01
4.233330e+00 	 3.165279e-01
4.273650e+00 	 2.950309e-01
4.313960e+00 	 2.840400e-01
4.354280e+00 	 2.661895e-01
4.394600e+00 	 2.952269e-01
4.434920e+00 	 3.095016e-01
4.475230e+00 	 3.095206e-01
4.515550e+00 	 3.216524e-01
4.555870e+00 	 3.392476e-01
4.596190e+00 	 3.066038e-01
4.636500e+00 	 3.027741e-01
4.676820e+00 	 3.241273e-01
4.717140e+00 	 3.182271e-01
4.757460e+00 	 3.026867e-01
4.797770e+00 	 3.023257e-01
4.838090e+00 	 3.501688e-01
4.878410e+00 	 3.796057e-01
4.918730e+00 	 3.520101e-01
4.959040e+00 	 4.136873e-01
4.999360e+00 	 3.426986e-01
5.039680e+00 	 3.537952e-01
5.079990e+00 	 3.712742e-01
5.120310e+00 	 3.577613e-01
5.160630e+00 	 4.203573e-01
5.200950e+00 	 3.803600e-01
5.241260e+00 	 3.925319e-01
5.281580e+00 	 4.082877e-01
5.321900e+00 	 4.132201e-01
5.362220e+00 	 4.033301e-01
5.402530e+00 	 4.312372e-01
5.442850e+00 	 4.435876e-01
5.483170e+00 	 4.305932e-01
5.523490e+00 	 4.885029e-01
5.563800e+00 	 5.146456e-01
5.604120e+00 	 4.999420e-01
5.644440e+00 	 4.944861e-01
5.684760e+00 	 5.402854e-01
5.725070e+00 	 5.442587e-01
5.765390e+00 	 5.071868e-01
5.805710e+00 	 5.330279e-01
5.846030e+00 	 5.354283e-01
5.886340e+00 	 5.678951e-01
5.926660e+00 	 6.627889e-01
5.966980e+00 	 6.719965e-01
6.007300e+00 	 6.834989e-01
6.047610e+00 	 7.202276e-01
6.087930e+00 	 7.672451e-01
6.128250e+00 	 7.632079e-01
6.168570e+00 	 8.552147e-01
6.208880e+00 	 8.816208e-01
6.249200e+00 	 8.736278e-01
6.289520e+00 	 9.245082e-01
6.329830e+00 	 9.641965e-01
6.370150e+00 	 1.019791e+00
6.410470e+00 	 1.062257e+00
6.450790e+00 	 1.201822e+00
6.491100e+00 	 1.264495e+00
6.531420e+00 	 1.310976e+00
6.571740e+00 	 1.410310e+00
6.612060e+00 	 1.507292e+00
6.652370e+00 	 1.622401e+00
6.692690e+00 	 1.819538e+00
6.733010e+00 	 1.917700e+00
6.773330e+00 	 2.049020e+00
6.813640e+00 	 2.272920e+00
6.853960e+00 	 2.421176e+00
6.894280e+00 	 2.574186e+00
6.934600e+00 	 2.910584e+00
6.974910e+00 	 3.180317e+00
7.015230e+00 	 3.231932e+00
7.055550e+00 	 3.498487e+00
7.095870e+00 	 3.517790e+00
7.136180e+00 	 3.560762e+00
7.176500e+00 	 3.163300e+00
7.216820e+00 	 2.860662e+00
7.257140e+00 	 2.296122e+00
7.297450e+00 	 1.658661e+00
7.337770e+00 	 1.112203e+00
7.378090e+00 	 6.542596e-01
7.418410e+00 	 3.889549e-01
7.458720e+00 	 2.686224e-01
7.499040e+00 	 1.972891e-01
7.539360e+00 	 1.605563e-01
7.579670e+00 	 1.654632e-01
7.619990e+00 	 1.484153e-01
7.660310e+00 	 1.270538e-01
7.700630e+00 	 1.106923e-01
7.740940e+00 	 1.212669e-01
7.781260e+00 	 1.125523e-01
7.821580e+00 	 9.757622e-02
7.861900e+00 	 9.911907e-02
7.902210e+00 	 9.298321e-02
7.942530e+00 	 1.014022e-01
7.982850e+00 	 8.681403e-02
8.023170e+00 	 9.015609e-02
8.063480e+00 	 8.794631e-02
8.103800e+00 	 9.355335e-02
8.144120e+00 	 7.856510e-02
8.184440e+00 	 8.645051e-02
8.224750e+00 	 7.809255e-02
8.265070e+00 	 7.973736e-02
8.305390e+00 	 8.276597e-02
8.345710e+00 	 6.791444e-02
8.386020e+00 	 7.172067e-02
8.426340e+00 	 7.482202e-02
8.466660e+00 	 7.166164e-02
8.506980e+00 	 7.138394e-02
8.547290e+00 	 6.189745e-02
8.587610e+00 	 5.978290e-02
8.627930e+00 	 5.106661e-02
8.668250e+00 	 5.370646e-02
8.708560e+00 	 4.959441e-02
8.748880e+00 	 5.546581e-02
8.789200e+00 	 5.453921e-02
8.829510e+00 	 5.536626e-02
8.869830e+00 	 4.043626e-02
8.910150e+00 	 3.931848e-02
8.950470e+00 	 4.252252e-02
8.990780e+00 	 4.089953e-02
9.031100e+00 	 4.150124e-02
9.071420e+00 	 3.326983e-02
9.111740e+00 	 3.400973e-02
9.152050e+00 	 3.422681e-02
9.192370e+00 	 3.325619e-02
9.232690e+00 	 3.550183e-02
9.273010e+00 	 3.482774e-02
9.313320e+00 	 3.413209e-02
9.353640e+00 	 2.559330e-02
9.393960e+00 	 2.787644e-02
9.434280e+00 	 2.951962e-02
9.474590e+00 	 2.997967e-02
9.514910e+00 	 3.035175e-02
9.555230e+00 	 3.169671e-02
9.595550e+00 	 2.774697e-02
9.635860e+00 	 2.929869e-02
9.676180e+00 	 2.542506e-02
9.716500e+00 	 2.654966e-02
9.756820e+00 	 2.850305e-02
9.797130e+00 	 2.091865e-02
9.837450e+00 	 2.107356e-02
9.877770e+00 	 2.768812e-02
9.918090e+00 	 2.637817e-02
9.958400e+00 	 2.633022e-02
9.998720e+00 	 3.228548e-02
1.003900e+01 	 2.508439e-02
1.007940e+01 	 2.500515e-02
1.011970e+01 	 2.791516e-02
1.016000e+01 	 3.205017e-02
1.020030e+01 	 2.424458e-02
1.024060e+01 	 4.789607e-02
1.028090e+01 	 0.000000e+00
