# Intensities integrated over 757.15 nm to 797.07 nm against X
# x (cm); 	 Intens (W/cm**2-sr)
0.000000e+00 	 3.741173e-02
2.224500e-02 	 3.730807e-02
4.449010e-02 	 4.067708e-02
6.673510e-02 	 4.280312e-02
8.898020e-02 	 4.205564e-02
1.112250e-01 	 3.970454e-02
1.334700e-01 	 4.146266e-02
1.557150e-01 	 4.265478e-02
1.779600e-01 	 3.841397e-02
2.002050e-01 	 4.112891e-02
2.224500e-01 	 4.158175e-02
2.446950e-01 	 4.126089e-02
2.669400e-01 	 4.536788e-02
2.891860e-01 	 4.277603e-02
3.114310e-01 	 4.344845e-02
3.336760e-01 	 4.252988e-02
3.559210e-01 	 4.085143e-02
3.781660e-01 	 3.935095e-02
4.004110e-01 	 4.141370e-02
4.226560e-01 	 4.281214e-02
4.449010e-01 	 4.210276e-02
4.671460e-01 	 4.053649e-02
4.893910e-01 	 4.630077e-02
5.116360e-01 	 4.550615e-02
5.338810e-01 	 4.621011e-02
5.561260e-01 	 4.063387e-02
5.783710e-01 	 3.945780e-02
6.006160e-01 	 3.921287e-02
6.228610e-01 	 4.040947e-02
6.451060e-01 	 3.594609e-02
6.673510e-01 	 3.804024e-02
6.895960e-01 	 3.728063e-02
7.118410e-01 	 3.413150e-02
7.340860e-01 	 3.620322e-02
7.563310e-01 	 3.386243e-02
7.785760e-01 	 3.881204e-02
8.008210e-01 	 3.970732e-02
8.230660e-01 	 3.871666e-02
8.453120e-01 	 3.563334e-02
8.675570e-01 	 3.570483e-02
8.898020e-01 	 3.689785e-02
9.120470e-01 	 3.734936e-02
9.342920e-01 	 3.835953e-02
9.565370e-01 	 4.251185e-02
9.787820e-01 	 3.714673e-02
1.001030e+00 	 3.404124e-02
1.023270e+00 	 3.416069e-02
1.045520e+00 	 3.582717e-02
1.067760e+00 	 3.743834e-02
1.090010e+00 	 3.663674e-02
1.112250e+00 	 3.696094e-02
1.134500e+00 	 3.405081e-02
1.156740e+00 	 3.301646e-02
1.178990e+00 	 3.123665e-02
1.201230e+00 	 3.384067e-02
1.223480e+00 	 3.392985e-02
1.245720e+00 	 3.422781e-02
1.267970e+00 	 3.556810e-02
1.290210e+00 	 3.389842e-02
1.312460e+00 	 3.569133e-02
1.334700e+00 	 3.540974e-02
1.356950e+00 	 3.548351e-02
1.379190e+00 	 3.220023e-02
1.401440e+00 	 3.015549e-02
1.423680e+00 	 3.042929e-02
1.445930e+00 	 3.411906e-02
1.468170e+00 	 3.362768e-02
1.490420e+00 	 3.377984e-02
1.512660e+00 	 2.986370e-02
1.534910e+00 	 3.088905e-02
1.557150e+00 	 3.318702e-02
1.579400e+00 	 3.199407e-02
1.601640e+00 	 3.517364e-02
1.623890e+00 	 3.437541e-02
1.646130e+00 	 3.277183e-02
1.668380e+00 	 3.077193e-02
1.690620e+00 	 3.253579e-02
1.712870e+00 	 3.212962e-02
1.735110e+00 	 2.866310e-02
1.757360e+00 	 3.119457e-02
1.779600e+00 	 3.673775e-02
1.801850e+00 	 3.770971e-02
1.824090e+00 	 3.329119e-02
1.846340e+00 	 3.051398e-02
1.868580e+00 	 2.920735e-02
1.890830e+00 	 2.845950e-02
1.913070e+00 	 2.829878e-02
1.935320e+00 	 2.836195e-02
1.957560e+00 	 2.876867e-02
1.979810e+00 	 2.758742e-02
2.002050e+00 	 2.970428e-02
2.024300e+00 	 3.006533e-02
2.046540e+00 	 2.983589e-02
2.068790e+00 	 2.923095e-02
2.091030e+00 	 3.147611e-02
2.113280e+00 	 3.193729e-02
2.135520e+00 	 3.387936e-02
2.157770e+00 	 2.973576e-02
2.180010e+00 	 3.196993e-02
2.202260e+00 	 3.239695e-02
2.224500e+00 	 3.354363e-02
2.246750e+00 	 2.922102e-02
2.268990e+00 	 2.725314e-02
2.291240e+00 	 2.615445e-02
2.313480e+00 	 2.850053e-02
2.335730e+00 	 3.020006e-02
2.357970e+00 	 2.963625e-02
2.380220e+00 	 3.088318e-02
2.402460e+00 	 2.838272e-02
2.424710e+00 	 2.744343e-02
2.446950e+00 	 2.795412e-02
2.469200e+00 	 2.897927e-02
2.491440e+00 	 3.007292e-02
2.513690e+00 	 3.141840e-02
2.535930e+00 	 2.924177e-02
2.558180e+00 	 2.954628e-02
2.580420e+00 	 2.993413e-02
2.602670e+00 	 2.516980e-02
2.624910e+00 	 2.781645e-02
2.647160e+00 	 2.918801e-02
2.669400e+00 	 2.857693e-02
2.691650e+00 	 2.544548e-02
2.713890e+00 	 2.675142e-02
2.736140e+00 	 2.657338e-02
2.758380e+00 	 2.899613e-02
2.780630e+00 	 2.808429e-02
2.802880e+00 	 2.817540e-02
2.825120e+00 	 2.784491e-02
2.847370e+00 	 2.922933e-02
2.869610e+00 	 2.917337e-02
2.891860e+00 	 3.042477e-02
2.914100e+00 	 3.022438e-02
2.936350e+00 	 2.894641e-02
2.958590e+00 	 3.383120e-02
2.980840e+00 	 3.219837e-02
3.003080e+00 	 3.311550e-02
3.025330e+00 	 3.153987e-02
3.047570e+00 	 3.138310e-02
3.069820e+00 	 3.026070e-02
3.092060e+00 	 2.998564e-02
3.114310e+00 	 3.204191e-02
3.136550e+00 	 3.313244e-02
3.158800e+00 	 3.127902e-02
3.181040e+00 	 3.120812e-02
3.203290e+00 	 3.244692e-02
3.225530e+00 	 3.527194e-02
3.247780e+00 	 3.192902e-02
3.270020e+00 	 3.123189e-02
3.292270e+00 	 2.853391e-02
3.314510e+00 	 2.889377e-02
3.336760e+00 	 3.075528e-02
3.359000e+00 	 3.061662e-02
3.381250e+00 	 2.858036e-02
3.403490e+00 	 2.953658e-02
3.425740e+00 	 3.242321e-02
3.447980e+00 	 3.310078e-02
3.470230e+00 	 3.137141e-02
3.492470e+00 	 3.082461e-02
3.514720e+00 	 3.052104e-02
3.536960e+00 	 2.993788e-02
3.559210e+00 	 3.012706e-02
3.581450e+00 	 2.888724e-02
3.603700e+00 	 2.701684e-02
3.625940e+00 	 3.040762e-02
3.648190e+00 	 3.117498e-02
3.670430e+00 	 2.818897e-02
3.692680e+00 	 3.033530e-02
3.714920e+00 	 3.022335e-02
3.737170e+00 	 2.729305e-02
3.759410e+00 	 2.982589e-02
3.781660e+00 	 2.792240e-02
3.803900e+00 	 2.978286e-02
3.826150e+00 	 3.150746e-02
3.848390e+00 	 3.178788e-02
3.870640e+00 	 2.978444e-02
3.892880e+00 	 2.884432e-02
3.915130e+00 	 2.829621e-02
3.937370e+00 	 2.784071e-02
3.959620e+00 	 3.030596e-02
3.981860e+00 	 3.142212e-02
4.004110e+00 	 3.052661e-02
4.026350e+00 	 2.664554e-02
4.048600e+00 	 3.201650e-02
4.070840e+00 	 2.940685e-02
4.093090e+00 	 2.658773e-02
4.115330e+00 	 2.658163e-02
4.137580e+00 	 2.931802e-02
4.159820e+00 	 3.134671e-02
4.182070e+00 	 2.922305e-02
4.204310e+00 	 2.795669e-02
4.226560e+00 	 2.992382e-02
4.248800e+00 	 3.199564e-02
4.271050e+00 	 2.897458e-02
4.293290e+00 	 3.068370e-02
4.315540e+00 	 2.938683e-02
4.337780e+00 	 3.398082e-02
4.360030e+00 	 3.314547e-02
4.382270e+00 	 3.134910e-02
4.404520e+00 	 3.094146e-02
4.426760e+00 	 3.272915e-02
4.449010e+00 	 3.104324e-02
4.471250e+00 	 2.881553e-02
4.493500e+00 	 3.045410e-02
4.515740e+00 	 3.187505e-02
4.537990e+00 	 3.337507e-02
4.560230e+00 	 3.058299e-02
4.582480e+00 	 3.214267e-02
4.604720e+00 	 3.268873e-02
4.626970e+00 	 3.246330e-02
4.649210e+00 	 3.291394e-02
4.671460e+00 	 3.366533e-02
4.693700e+00 	 3.297317e-02
4.715950e+00 	 3.421164e-02
4.738190e+00 	 3.485557e-02
4.760440e+00 	 3.551718e-02
4.782680e+00 	 3.405868e-02
4.804930e+00 	 3.412119e-02
4.827170e+00 	 3.448236e-02
4.849420e+00 	 3.427661e-02
4.871660e+00 	 3.257326e-02
4.893910e+00 	 3.488532e-02
4.916150e+00 	 3.445478e-02
4.938400e+00 	 3.423258e-02
4.960640e+00 	 3.830460e-02
4.982890e+00 	 3.738062e-02
5.005130e+00 	 3.637658e-02
5.027380e+00 	 3.540795e-02
5.049620e+00 	 3.367629e-02
5.071870e+00 	 3.414067e-02
5.094110e+00 	 3.769821e-02
5.116360e+00 	 3.826164e-02
5.138600e+00 	 3.788269e-02
5.160850e+00 	 3.848348e-02
5.183090e+00 	 3.845563e-02
5.205340e+00 	 3.828669e-02
5.227580e+00 	 3.526311e-02
5.249830e+00 	 3.781831e-02
5.272070e+00 	 3.954343e-02
5.294320e+00 	 3.889787e-02
5.316560e+00 	 3.684370e-02
5.338810e+00 	 4.130870e-02
5.361050e+00 	 4.353974e-02
5.383300e+00 	 4.032106e-02
5.405540e+00 	 4.373650e-02
5.427790e+00 	 4.595876e-02
5.450030e+00 	 4.432607e-02
5.472280e+00 	 4.166151e-02
5.494520e+00 	 4.501589e-02
5.516770e+00 	 4.696042e-02
5.539010e+00 	 5.187270e-02
5.561260e+00 	 4.984745e-02
5.583510e+00 	 4.887268e-02
5.605750e+00 	 4.915115e-02
5.628000e+00 	 4.597755e-02
5.650240e+00 	 4.945743e-02
5.672490e+00 	 4.915020e-02
5.694730e+00 	 5.063145e-02
5.716980e+00 	 4.953297e-02
5.739220e+00 	 5.012572e-02
5.761470e+00 	 5.113791e-02
5.783710e+00 	 5.303345e-02
5.805960e+00 	 5.410910e-02
5.828200e+00 	 5.600557e-02
5.850450e+00 	 5.635895e-02
5.872690e+00 	 5.937289e-02
5.894940e+00 	 6.095147e-02
5.917180e+00 	 6.099956e-02
5.939430e+00 	 6.585016e-02
5.961670e+00 	 6.371367e-02
5.983920e+00 	 6.789495e-02
6.006160e+00 	 7.115080e-02
6.028410e+00 	 7.123201e-02
6.050650e+00 	 7.324253e-02
6.072900e+00 	 7.736987e-02
6.095140e+00 	 7.897053e-02
6.117390e+00 	 8.564753e-02
6.139630e+00 	 8.760912e-02
6.161880e+00 	 8.744516e-02
6.184120e+00 	 9.444470e-02
6.206370e+00 	 1.028377e-01
6.228610e+00 	 1.105344e-01
6.250860e+00 	 1.109044e-01
6.273100e+00 	 1.138339e-01
6.295350e+00 	 1.126556e-01
6.317590e+00 	 1.158419e-01
6.339840e+00 	 1.220404e-01
6.362080e+00 	 1.272370e-01
6.384330e+00 	 1.292386e-01
6.406570e+00 	 1.356610e-01
6.428820e+00 	 1.510420e-01
6.451060e+00 	 1.566875e-01
6.473310e+00 	 1.559922e-01
6.495550e+00 	 1.623668e-01
6.517800e+00 	 1.721554e-01
6.540040e+00 	 1.888241e-01
6.562290e+00 	 1.971280e-01
6.584530e+00 	 2.084297e-01
6.606780e+00 	 2.240053e-01
6.629020e+00 	 2.417037e-01
6.651270e+00 	 2.609197e-01
6.673510e+00 	 2.843996e-01
6.695760e+00 	 2.916757e-01
6.718000e+00 	 3.142605e-01
6.740250e+00 	 3.460947e-01
6.762490e+00 	 3.773769e-01
6.784740e+00 	 3.968684e-01
6.806980e+00 	 4.005828e-01
6.829230e+00 	 4.308603e-01
6.851470e+00 	 4.429850e-01
6.873720e+00 	 4.325363e-01
6.895960e+00 	 4.288905e-01
6.918210e+00 	 4.088934e-01
6.940450e+00 	 3.699285e-01
6.962700e+00 	 3.348039e-01
6.984940e+00 	 2.973793e-01
7.007190e+00 	 2.686243e-01
7.029430e+00 	 2.297160e-01
7.051680e+00 	 1.878688e-01
7.073920e+00 	 1.517686e-01
7.096170e+00 	 1.230776e-01
7.118410e+00 	 1.079846e-01
7.140660e+00 	 8.610621e-02
7.162900e+00 	 6.533898e-02
7.185150e+00 	 5.181690e-02
7.207390e+00 	 4.368864e-02
7.229640e+00 	 3.607029e-02
7.251880e+00 	 2.781703e-02
7.274130e+00 	 2.516296e-02
7.296370e+00 	 2.269627e-02
7.318620e+00 	 1.858840e-02
7.340860e+00 	 1.712592e-02
7.363110e+00 	 1.525172e-02
7.385350e+00 	 1.357708e-02
7.407600e+00 	 1.138847e-02
7.429840e+00 	 9.863202e-03
7.452090e+00 	 8.945521e-03
7.474330e+00 	 8.348087e-03
7.496580e+00 	 6.940219e-03
7.518820e+00 	 5.370576e-03
7.541070e+00 	 5.048788e-03
7.563310e+00 	 3.805390e-03
7.585560e+00 	 5.056094e-03
7.607800e+00 	 4.220861e-03
7.630050e+00 	 3.800532e-03
7.652290e+00 	 2.754517e-03
7.674540e+00 	 1.547218e-03
7.696780e+00 	 2.808888e-03
7.719030e+00 	 2.769892e-03
7.741270e+00 	 2.427201e-03
7.763520e+00 	 2.064784e-03
7.785760e+00 	 2.576086e-03
7.808010e+00 	 1.438160e-03
7.830250e+00 	 2.315541e-03
7.852500e+00 	 1.799067e-03
7.874740e+00 	 1.429542e-03
7.896990e+00 	 1.183559e-03
7.919230e+00 	 8.261111e-04
7.941480e+00 	 1.044771e-03
7.963720e+00 	 1.325360e-03
7.985970e+00 	 8.582179e-04
8.008210e+00 	 3.975693e-04
8.030460e+00 	 6.248466e-04
8.052700e+00 	 6.301039e-04
8.074950e+00 	 5.096629e-04
8.097190e+00 	 2.847968e-04
8.119440e+00 	 5.393540e-04
8.141680e+00 	 6.069028e-04
8.163930e+00 	 6.408027e-04
8.186170e+00 	 4.995302e-04
8.208420e+00 	 4.079797e-04
8.230660e+00 	 1.094930e-03
8.252910e+00 	 2.610946e-04
8.275150e+00 	 3.493387e-04
8.297400e+00 	 -2.265528e-04
8.319640e+00 	 -3.072234e-04
8.341890e+00 	 -4.102278e-05
8.364140e+00 	 -5.967877e-05
8.386380e+00 	 -6.674856e-05
8.408630e+00 	 -8.750798e-05
8.430870e+00 	 4.564545e-04
8.453120e+00 	 3.511997e-04
8.475360e+00 	 -1.092089e-04
8.497610e+00 	 -2.615555e-05
8.519850e+00 	 -3.297496e-04
8.542100e+00 	 -5.605858e-04
8.564340e+00 	 -4.673068e-04
8.586590e+00 	 -3.044295e-04
8.608830e+00 	 -3.424040e-04
8.631080e+00 	 -3.537254e-04
8.653320e+00 	 7.743825e-05
8.675570e+00 	 -1.623723e-04
8.697810e+00 	 -7.908212e-04
8.720060e+00 	 -1.241502e-03
8.742300e+00 	 -7.541209e-04
8.764550e+00 	 -6.809130e-04
8.786790e+00 	 -6.742140e-04
8.809040e+00 	 -5.432455e-05
8.831280e+00 	 -2.677881e-04
8.853530e+00 	 -4.343162e-04
8.875770e+00 	 -8.000575e-04
8.898020e+00 	 -9.822603e-04
8.920260e+00 	 -8.396096e-04
8.942510e+00 	 -4.748233e-04
8.964750e+00 	 -3.229702e-04
8.987000e+00 	 -6.209426e-04
9.009240e+00 	 -6.779339e-04
9.031490e+00 	 -3.306115e-04
9.053730e+00 	 -6.747851e-04
9.075980e+00 	 -6.502821e-04
9.098220e+00 	 -7.177197e-04
9.120470e+00 	 -1.066969e-03
9.142710e+00 	 -7.821322e-04
9.164960e+00 	 -9.759496e-04
9.187200e+00 	 -1.970829e-04
9.209450e+00 	 -7.949130e-04
9.231690e+00 	 -3.595344e-04
9.253940e+00 	 -1.316551e-03
9.276180e+00 	 -1.066156e-03
9.298430e+00 	 -6.081713e-04
9.320670e+00 	 -2.420259e-05
9.342920e+00 	 -7.687338e-04
9.365160e+00 	 -9.022781e-04
9.387410e+00 	 -9.068083e-04
9.409650e+00 	 -1.037515e-03
9.431900e+00 	 -9.858971e-04
9.454140e+00 	 -9.176170e-04
9.476390e+00 	 -2.156226e-04
9.498630e+00 	 -3.871796e-04
9.520880e+00 	 -1.349276e-03
9.543120e+00 	 -5.463812e-04
9.565370e+00 	 -8.134671e-04
9.587610e+00 	 -7.198634e-04
9.609860e+00 	 -2.977117e-04
9.632100e+00 	 -3.104219e-04
9.654350e+00 	 -4.178478e-04
9.676590e+00 	 -1.764102e-04
9.698840e+00 	 -8.573596e-04
9.721080e+00 	 -5.698941e-04
9.743330e+00 	 -9.683422e-04
9.765570e+00 	 -8.776189e-04
9.787820e+00 	 -8.304422e-04
9.810060e+00 	 -6.153153e-04
9.832310e+00 	 -4.916990e-04
9.854550e+00 	 -5.403379e-04
9.876800e+00 	 -4.377437e-04
9.899040e+00 	 -5.484617e-04
9.921290e+00 	 -5.074622e-04
9.943530e+00 	 -3.932289e-04
9.965780e+00 	 -1.020397e-03
9.988020e+00 	 -6.605008e-04
1.001030e+01 	 9.166789e-05
1.003250e+01 	 -4.577308e-04
1.005480e+01 	 -1.067334e-03
1.007700e+01 	 -6.034347e-04
1.009920e+01 	 -6.845915e-04
1.012150e+01 	 -2.765796e-04
1.014370e+01 	 -8.830396e-04
1.016600e+01 	 -5.502722e-04
1.018820e+01 	 7.804699e-05
1.021050e+01 	 -4.627344e-04
1.023270e+01 	 -6.407455e-04
1.025500e+01 	 -7.470715e-04
1.027720e+01 	 -3.652349e-04
1.029950e+01 	 -3.226722e-04
1.032170e+01 	 -3.870103e-04
1.034390e+01 	 -5.556919e-04
1.036620e+01 	 -4.296526e-04
1.038840e+01 	 -7.237227e-04
1.041070e+01 	 -4.876431e-04
1.043290e+01 	 -5.427857e-04
1.045520e+01 	 -6.413104e-04
1.047740e+01 	 -2.115410e-04
1.049970e+01 	 -3.500702e-04
1.052190e+01 	 -9.398650e-04
1.054410e+01 	 -5.633577e-04
1.056640e+01 	 -2.845461e-04
1.058860e+01 	 -4.769364e-04
1.061090e+01 	 -2.266732e-04
1.063310e+01 	 -5.562668e-04
1.065540e+01 	 -3.708697e-04
1.067760e+01 	 -5.756658e-04
1.069990e+01 	 -5.683564e-04
1.072210e+01 	 -6.535804e-04
1.074440e+01 	 -6.608100e-04
1.076660e+01 	 -4.123582e-04
1.078880e+01 	 -7.903970e-04
1.081110e+01 	 -7.106474e-04
1.083330e+01 	 2.255519e-04
1.085560e+01 	 1.666740e-04
1.087780e+01 	 -2.793580e-04
1.090010e+01 	 -8.058861e-04
1.092230e+01 	 2.155672e-04
1.094460e+01 	 -1.100242e-05
1.096680e+01 	 -1.555929e-04
1.098900e+01 	 -3.873499e-04
1.101130e+01 	 4.042207e-05
1.103350e+01 	 -7.412370e-05
1.105580e+01 	 3.257109e-04
1.107800e+01 	 7.525117e-04
1.110030e+01 	 2.953309e-04
1.112250e+01 	 -1.637603e-04
1.114480e+01 	 8.903884e-05
1.116700e+01 	 -9.750623e-05
1.118930e+01 	 5.284279e-04
1.121150e+01 	 -1.290720e-04
1.123370e+01 	 3.988440e-04
1.125600e+01 	 3.757954e-04
1.127820e+01 	 2.196556e-04
1.130050e+01 	 -2.982990e-03
1.132270e+01 	 3.741599e-04
1.134500e+01 	 4.784210e-04
1.136720e+01 	 0.000000e+00
