# Intensities integrated over 371.23 nm to 390.92 nm against X
# x (cm); 	 Intens (W/cm**2-sr)
0.000000e+00 	 2.952377e-01
4.031740e-02 	 3.200685e-01
8.063480e-02 	 2.979028e-01
1.209520e-01 	 2.611382e-01
1.612700e-01 	 2.782690e-01
2.015870e-01 	 2.883408e-01
2.419050e-01 	 2.922314e-01
2.822220e-01 	 3.243906e-01
3.225390e-01 	 3.070331e-01
3.628570e-01 	 3.196579e-01
4.031740e-01 	 3.504883e-01
4.434920e-01 	 3.089030e-01
4.838090e-01 	 3.412000e-01
5.241260e-01 	 3.388138e-01
5.644440e-01 	 3.158056e-01
6.047610e-01 	 3.593769e-01
6.450790e-01 	 3.348591e-01
6.853960e-01 	 3.427482e-01
7.257140e-01 	 3.393197e-01
7.660310e-01 	 3.196344e-01
8.063480e-01 	 3.516272e-01
8.466660e-01 	 3.435694e-01
8.869830e-01 	 3.553151e-01
9.273010e-01 	 3.732176e-01
9.676180e-01 	 3.560039e-01
1.007940e+00 	 3.322881e-01
1.048250e+00 	 3.827835e-01
1.088570e+00 	 3.677394e-01
1.128890e+00 	 3.788074e-01
1.169210e+00 	 3.755171e-01
1.209520e+00 	 4.188970e-01
1.249840e+00 	 4.116071e-01
1.290160e+00 	 3.931553e-01
1.330470e+00 	 4.319074e-01
1.370790e+00 	 3.973814e-01
1.411110e+00 	 4.104790e-01
1.451430e+00 	 4.316735e-01
1.491740e+00 	 4.453684e-01
1.532060e+00 	 4.689361e-01
1.572380e+00 	 4.877188e-01
1.612700e+00 	 4.526781e-01
1.653010e+00 	 4.186222e-01
1.693330e+00 	 4.164783e-01
1.733650e+00 	 4.556375e-01
1.773970e+00 	 4.394765e-01
1.814280e+00 	 4.754273e-01
1.854600e+00 	 4.633743e-01
1.894920e+00 	 4.700947e-01
1.935240e+00 	 4.503009e-01
1.975550e+00 	 4.280807e-01
2.015870e+00 	 4.722230e-01
2.056190e+00 	 4.565530e-01
2.096510e+00 	 4.721940e-01
2.136820e+00 	 5.088606e-01
2.177140e+00 	 5.070292e-01
2.217460e+00 	 4.804876e-01
2.257780e+00 	 4.748787e-01
2.298090e+00 	 5.096808e-01
2.338410e+00 	 4.833165e-01
2.378730e+00 	 5.115689e-01
2.419050e+00 	 5.309794e-01
2.459360e+00 	 5.057413e-01
2.499680e+00 	 5.147556e-01
2.540000e+00 	 5.946989e-01
2.580310e+00 	 5.863749e-01
2.620630e+00 	 5.597824e-01
2.660950e+00 	 5.800424e-01
2.701270e+00 	 5.827251e-01
2.741580e+00 	 5.539332e-01
2.781900e+00 	 5.707003e-01
2.822220e+00 	 6.060728e-01
2.862540e+00 	 6.226067e-01
2.902850e+00 	 5.369904e-01
2.943170e+00 	 5.666280e-01
2.983490e+00 	 6.043142e-01
3.023810e+00 	 5.930778e-01
3.064120e+00 	 5.950846e-01
3.104440e+00 	 6.127084e-01
3.144760e+00 	 5.945623e-01
3.185080e+00 	 5.557613e-01
3.225390e+00 	 5.577441e-01
3.265710e+00 	 5.735729e-01
3.306030e+00 	 5.387139e-01
3.346350e+00 	 5.836678e-01
3.386660e+00 	 5.346405e-01
3.426980e+00 	 5.276577e-01
3.467300e+00 	 5.477392e-01
3.507620e+00 	 4.625641e-01
3.547930e+00 	 4.290447e-01
3.588250e+00 	 4.338750e-01
3.628570e+00 	 4.293378e-01
3.668890e+00 	 4.718441e-01
3.709200e+00 	 4.687505e-01
3.749520e+00 	 4.481172e-01
3.789840e+00 	 4.578627e-01
3.830150e+00 	 4.616468e-01
3.870470e+00 	 4.894656e-01
3.910790e+00 	 5.039949e-01
3.951110e+00 	 5.250093e-01
3.991420e+00 	 4.846479e-01
4.031740e+00 	 5.221433e-01
4.072060e+00 	 5.761523e-01
4.112380e+00 	 5.983464e-01
4.152690e+00 	 5.549629e-01
4.193010e+00 	 5.183102e-01
4.233330e+00 	 5.907910e-01
4.273650e+00 	 5.674200e-01
4.313960e+00 	 5.614927e-01
4.354280e+00 	 5.978383e-01
4.394600e+00 	 6.456861e-01
4.434920e+00 	 5.838961e-01
4.475230e+00 	 6.122474e-01
4.515550e+00 	 6.089452e-01
4.555870e+00 	 6.479510e-01
4.596190e+00 	 6.391670e-01
4.636500e+00 	 6.388918e-01
4.676820e+00 	 5.902708e-01
4.717140e+00 	 6.187605e-01
4.757460e+00 	 6.741570e-01
4.797770e+00 	 6.237286e-01
4.838090e+00 	 6.624379e-01
4.878410e+00 	 6.779638e-01
4.918730e+00 	 6.705169e-01
4.959040e+00 	 6.975423e-01
4.999360e+00 	 7.206812e-01
5.039680e+00 	 6.649480e-01
5.079990e+00 	 7.135405e-01
5.120310e+00 	 6.946648e-01
5.160630e+00 	 7.171443e-01
5.200950e+00 	 8.119146e-01
5.241260e+00 	 7.682283e-01
5.281580e+00 	 7.511880e-01
5.321900e+00 	 7.815979e-01
5.362220e+00 	 7.831406e-01
5.402530e+00 	 8.565186e-01
5.442850e+00 	 8.664792e-01
5.483170e+00 	 8.827957e-01
5.523490e+00 	 9.089370e-01
5.563800e+00 	 9.349336e-01
5.604120e+00 	 9.764371e-01
5.644440e+00 	 9.367944e-01
5.684760e+00 	 9.356947e-01
5.725070e+00 	 9.674139e-01
5.765390e+00 	 9.850893e-01
5.805710e+00 	 1.061385e+00
5.846030e+00 	 1.114959e+00
5.886340e+00 	 1.146747e+00
5.926660e+00 	 1.161023e+00
5.966980e+00 	 1.173504e+00
6.007300e+00 	 1.208649e+00
6.047610e+00 	 1.326071e+00
6.087930e+00 	 1.271406e+00
6.128250e+00 	 1.348284e+00
6.168570e+00 	 1.442424e+00
6.208880e+00 	 1.456283e+00
6.249200e+00 	 1.553900e+00
6.289520e+00 	 1.654677e+00
6.329830e+00 	 1.867604e+00
6.370150e+00 	 1.958376e+00
6.410470e+00 	 2.091927e+00
6.450790e+00 	 2.219114e+00
6.491100e+00 	 2.443942e+00
6.531420e+00 	 2.643594e+00
6.571740e+00 	 2.748303e+00
6.612060e+00 	 2.973047e+00
6.652370e+00 	 3.157927e+00
6.692690e+00 	 3.415259e+00
6.733010e+00 	 3.825258e+00
6.773330e+00 	 4.010819e+00
6.813640e+00 	 4.404523e+00
6.853960e+00 	 4.696519e+00
6.894280e+00 	 4.908243e+00
6.934600e+00 	 5.417250e+00
6.974910e+00 	 5.719068e+00
7.015230e+00 	 6.040512e+00
7.055550e+00 	 6.255302e+00
7.095870e+00 	 6.303809e+00
7.136180e+00 	 6.083774e+00
7.176500e+00 	 5.528575e+00
7.216820e+00 	 4.700022e+00
7.257140e+00 	 3.896771e+00
7.297450e+00 	 2.903684e+00
7.337770e+00 	 2.043608e+00
7.378090e+00 	 1.367276e+00
7.418410e+00 	 7.903723e-01
7.458720e+00 	 4.421504e-01
7.499040e+00 	 2.891964e-01
7.539360e+00 	 2.336502e-01
7.579670e+00 	 1.776528e-01
7.619990e+00 	 1.627213e-01
7.660310e+00 	 1.449211e-01
7.700630e+00 	 1.172945e-01
7.740940e+00 	 1.087475e-01
7.781260e+00 	 1.069047e-01
7.821580e+00 	 1.093931e-01
7.861900e+00 	 9.097489e-02
7.902210e+00 	 9.177122e-02
7.942530e+00 	 8.681830e-02
7.982850e+00 	 8.773604e-02
8.023170e+00 	 8.205516e-02
8.063480e+00 	 8.202828e-02
8.103800e+00 	 7.932583e-02
8.144120e+00 	 7.506914e-02
8.184440e+00 	 7.358283e-02
8.224750e+00 	 7.010937e-02
8.265070e+00 	 6.727070e-02
8.305390e+00 	 6.920286e-02
8.345710e+00 	 7.965079e-02
8.386020e+00 	 6.781930e-02
8.426340e+00 	 6.712751e-02
8.466660e+00 	 6.138778e-02
8.506980e+00 	 6.019435e-02
8.547290e+00 	 6.226277e-02
8.587610e+00 	 6.023739e-02
8.627930e+00 	 5.996972e-02
8.668250e+00 	 6.123474e-02
8.708560e+00 	 4.957732e-02
8.748880e+00 	 4.694485e-02
8.789200e+00 	 4.308587e-02
8.829510e+00 	 3.826468e-02
8.869830e+00 	 3.727404e-02
8.910150e+00 	 3.451566e-02
8.950470e+00 	 2.852956e-02
8.990780e+00 	 2.912495e-02
9.031100e+00 	 2.913232e-02
9.071420e+00 	 3.042490e-02
9.111740e+00 	 2.109394e-02
9.152050e+00 	 1.887408e-02
9.192370e+00 	 2.114407e-02
9.232690e+00 	 2.359118e-02
9.273010e+00 	 1.994123e-02
9.313320e+00 	 1.260954e-02
9.353640e+00 	 1.232134e-02
9.393960e+00 	 1.167002e-02
9.434280e+00 	 1.726937e-02
9.474590e+00 	 1.968855e-02
9.514910e+00 	 1.292091e-02
9.555230e+00 	 1.173547e-02
9.595550e+00 	 1.210077e-02
9.635860e+00 	 1.494657e-02
9.676180e+00 	 1.869202e-02
9.716500e+00 	 2.044918e-02
9.756820e+00 	 1.855265e-02
9.797130e+00 	 1.625316e-02
9.837450e+00 	 1.533900e-02
9.877770e+00 	 1.200856e-02
9.918090e+00 	 1.513819e-02
9.958400e+00 	 1.602088e-02
9.998720e+00 	 1.830985e-02
1.003900e+01 	 1.564068e-02
1.007940e+01 	 1.514263e-02
1.011970e+01 	 1.363829e-02
1.016000e+01 	 1.351040e-02
1.020030e+01 	 1.416248e-02
1.024060e+01 	 1.849247e-02
1.028090e+01 	 0.000000e+00
