# Intensities integrated over 242.90 nm to 252.39 nm against X
# x (cm); 	 Intens (W/cm**2-sr)
0.000000e+00 	 5.768396e-02
4.031740e-02 	 5.492309e-02
8.063480e-02 	 4.848395e-02
1.209520e-01 	 3.927654e-02
1.612700e-01 	 5.353018e-02
2.015870e-01 	 5.362101e-02
2.419050e-01 	 5.509287e-02
2.822220e-01 	 4.645798e-02
3.225390e-01 	 4.574810e-02
3.628570e-01 	 4.225658e-02
4.031740e-01 	 3.981829e-02
4.434920e-01 	 4.162376e-02
4.838090e-01 	 4.633898e-02
5.241260e-01 	 4.658480e-02
5.644440e-01 	 5.245945e-02
6.047610e-01 	 4.325480e-02
6.450790e-01 	 4.199115e-02
6.853960e-01 	 4.694890e-02
7.257140e-01 	 3.887283e-02
7.660310e-01 	 4.891480e-02
8.063480e-01 	 6.661958e-02
8.466660e-01 	 5.419086e-02
8.869830e-01 	 4.800757e-02
9.273010e-01 	 4.135534e-02
9.676180e-01 	 4.828999e-02
1.007940e+00 	 5.999777e-02
1.048250e+00 	 5.131217e-02
1.088570e+00 	 4.079133e-02
1.128890e+00 	 6.371579e-02
1.169210e+00 	 6.961506e-02
1.209520e+00 	 5.912996e-02
1.249840e+00 	 5.527087e-02
1.290160e+00 	 4.926935e-02
1.330470e+00 	 5.640469e-02
1.370790e+00 	 6.133602e-02
1.411110e+00 	 5.701491e-02
1.451430e+00 	 5.742105e-02
1.491740e+00 	 4.383194e-02
1.532060e+00 	 4.231740e-02
1.572380e+00 	 6.184619e-02
1.612700e+00 	 4.998009e-02
1.653010e+00 	 5.255091e-02
1.693330e+00 	 4.485182e-02
1.733650e+00 	 4.544962e-02
1.773970e+00 	 6.435358e-02
1.814280e+00 	 4.958526e-02
1.854600e+00 	 5.982511e-02
1.894920e+00 	 7.090828e-02
1.935240e+00 	 5.339841e-02
1.975550e+00 	 4.644106e-02
2.015870e+00 	 4.739763e-02
2.056190e+00 	 6.072482e-02
2.096510e+00 	 6.981203e-02
2.136820e+00 	 7.390728e-02
2.177140e+00 	 5.459624e-02
2.217460e+00 	 4.133244e-02
2.257780e+00 	 4.624025e-02
2.298090e+00 	 4.078001e-02
2.338410e+00 	 4.955736e-02
2.378730e+00 	 4.574687e-02
2.419050e+00 	 6.009149e-02
2.459360e+00 	 6.131769e-02
2.499680e+00 	 6.567197e-02
2.540000e+00 	 5.167236e-02
2.580310e+00 	 5.366869e-02
2.620630e+00 	 5.970337e-02
2.660950e+00 	 5.197147e-02
2.701270e+00 	 5.386312e-02
2.741580e+00 	 4.568689e-02
2.781900e+00 	 5.512177e-02
2.822220e+00 	 4.993075e-02
2.862540e+00 	 5.412065e-02
2.902850e+00 	 5.793014e-02
2.943170e+00 	 6.254816e-02
2.983490e+00 	 6.297529e-02
3.023810e+00 	 5.326111e-02
3.064120e+00 	 4.065578e-02
3.104440e+00 	 6.171897e-02
3.144760e+00 	 5.818311e-02
3.185080e+00 	 6.857532e-02
3.225390e+00 	 5.852459e-02
3.265710e+00 	 5.386065e-02
3.306030e+00 	 5.969813e-02
3.346350e+00 	 5.858873e-02
3.386660e+00 	 6.467044e-02
3.426980e+00 	 6.026700e-02
3.467300e+00 	 7.266355e-02
3.507620e+00 	 5.776855e-02
3.547930e+00 	 7.445824e-02
3.588250e+00 	 6.082908e-02
3.628570e+00 	 6.064751e-02
3.668890e+00 	 7.036422e-02
3.709200e+00 	 8.414322e-02
3.749520e+00 	 7.267072e-02
3.789840e+00 	 6.084762e-02
3.830150e+00 	 4.957070e-02
3.870470e+00 	 5.666515e-02
3.910790e+00 	 6.233497e-02
3.951110e+00 	 6.384945e-02
3.991420e+00 	 6.327516e-02
4.031740e+00 	 7.413627e-02
4.072060e+00 	 6.457725e-02
4.112380e+00 	 5.424915e-02
4.152690e+00 	 6.550851e-02
4.193010e+00 	 5.950949e-02
4.233330e+00 	 6.884070e-02
4.273650e+00 	 7.555887e-02
4.313960e+00 	 8.004860e-02
4.354280e+00 	 7.834532e-02
4.394600e+00 	 8.086797e-02
4.434920e+00 	 9.772494e-02
4.475230e+00 	 8.757784e-02
4.515550e+00 	 6.785651e-02
4.555870e+00 	 6.431147e-02
4.596190e+00 	 8.774911e-02
4.636500e+00 	 8.389502e-02
4.676820e+00 	 7.992292e-02
4.717140e+00 	 8.889166e-02
4.757460e+00 	 8.341845e-02
4.797770e+00 	 7.310532e-02
4.838090e+00 	 8.733433e-02
4.878410e+00 	 9.417419e-02
4.918730e+00 	 9.894081e-02
4.959040e+00 	 1.205879e-01
4.999360e+00 	 1.333759e-01
5.039680e+00 	 1.431974e-01
5.079990e+00 	 1.499201e-01
5.120310e+00 	 1.675926e-01
5.160630e+00 	 1.646473e-01
5.200950e+00 	 1.679740e-01
5.241260e+00 	 2.123279e-01
5.281580e+00 	 2.392074e-01
5.321900e+00 	 2.524635e-01
5.362220e+00 	 2.821094e-01
5.402530e+00 	 2.869429e-01
5.442850e+00 	 2.905699e-01
5.483170e+00 	 3.077069e-01
5.523490e+00 	 3.565188e-01
5.563800e+00 	 3.897801e-01
5.604120e+00 	 4.046775e-01
5.644440e+00 	 4.094567e-01
5.684760e+00 	 4.526526e-01
5.725070e+00 	 4.438046e-01
5.765390e+00 	 4.670795e-01
5.805710e+00 	 4.667964e-01
5.846030e+00 	 4.383580e-01
5.886340e+00 	 4.036882e-01
5.926660e+00 	 3.056521e-01
5.966980e+00 	 2.379843e-01
6.007300e+00 	 1.701371e-01
6.047610e+00 	 1.143079e-01
6.087930e+00 	 8.102679e-02
6.128250e+00 	 4.450986e-02
6.168570e+00 	 2.647217e-02
6.208880e+00 	 2.751799e-02
6.249200e+00 	 2.410586e-02
6.289520e+00 	 1.489306e-02
6.329830e+00 	 1.402663e-02
6.370150e+00 	 1.561266e-02
6.410470e+00 	 1.516734e-02
6.450790e+00 	 1.153960e-02
6.491100e+00 	 1.243805e-02
6.531420e+00 	 1.316311e-02
6.571740e+00 	 1.435990e-02
6.612060e+00 	 1.033426e-02
6.652370e+00 	 7.818486e-03
6.692690e+00 	 7.976261e-03
6.733010e+00 	 6.386084e-03
6.773330e+00 	 7.910816e-03
6.813640e+00 	 6.622929e-03
6.853960e+00 	 5.838736e-03
6.894280e+00 	 8.685425e-03
6.934600e+00 	 6.684045e-03
6.974910e+00 	 7.713586e-03
7.015230e+00 	 7.470343e-03
7.055550e+00 	 6.506949e-03
7.095870e+00 	 6.001029e-03
7.136180e+00 	 5.421396e-03
7.176500e+00 	 6.368493e-03
7.216820e+00 	 9.355686e-03
7.257140e+00 	 7.739825e-03
7.297450e+00 	 6.532002e-03
7.337770e+00 	 6.050899e-03
7.378090e+00 	 7.800982e-03
7.418410e+00 	 6.480003e-03
7.458720e+00 	 4.353741e-03
7.499040e+00 	 7.848261e-03
7.539360e+00 	 5.916506e-03
7.579670e+00 	 4.089453e-03
7.619990e+00 	 4.099129e-03
7.660310e+00 	 3.630882e-03
7.700630e+00 	 3.034808e-03
7.740940e+00 	 3.024243e-03
7.781260e+00 	 5.947244e-03
7.821580e+00 	 3.152405e-03
7.861900e+00 	 3.266265e-03
7.902210e+00 	 2.399548e-03
7.942530e+00 	 4.655771e-03
7.982850e+00 	 2.129378e-03
8.023170e+00 	 2.068436e-03
8.063480e+00 	 9.465147e-04
8.103800e+00 	 1.143836e-03
8.144120e+00 	 1.057718e-03
8.184440e+00 	 2.035514e-03
8.224750e+00 	 3.749486e-03
8.265070e+00 	 7.570109e-03
8.305390e+00 	 5.169816e-03
8.345710e+00 	 2.203206e-03
8.386020e+00 	 4.656105e-03
8.426340e+00 	 4.321587e-03
8.466660e+00 	 1.932142e-03
8.506980e+00 	 3.578199e-03
8.547290e+00 	 3.198197e-03
8.587610e+00 	 4.491984e-03
8.627930e+00 	 2.330558e-03
8.668250e+00 	 1.651228e-03
8.708560e+00 	 2.795254e-03
8.748880e+00 	 1.818377e-03
8.789200e+00 	 2.189606e-03
8.829510e+00 	 4.283526e-03
8.869830e+00 	 2.083400e-03
8.910150e+00 	 1.852565e-03
8.950470e+00 	 2.231240e-03
8.990780e+00 	 2.176338e-03
9.031100e+00 	 2.728602e-03
9.071420e+00 	 2.861537e-03
9.111740e+00 	 2.631992e-03
9.152050e+00 	 3.300971e-03
9.192370e+00 	 4.566431e-03
9.232690e+00 	 3.495383e-03
9.273010e+00 	 2.782528e-03
9.313320e+00 	 3.250035e-03
9.353640e+00 	 2.180851e-03
9.393960e+00 	 1.722012e-03
9.434280e+00 	 1.382828e-03
9.474590e+00 	 2.347032e-03
9.514910e+00 	 2.038563e-03
9.555230e+00 	 2.057777e-03
9.595550e+00 	 1.630792e-03
9.635860e+00 	 2.929665e-03
9.676180e+00 	 4.199226e-03
9.716500e+00 	 2.888375e-03
9.756820e+00 	 4.517752e-03
9.797130e+00 	 5.285619e-03
9.837450e+00 	 2.413599e-03
9.877770e+00 	 2.163940e-03
9.918090e+00 	 2.351746e-03
9.958400e+00 	 3.917585e-03
9.998720e+00 	 3.463381e-03
1.003900e+01 	 2.398618e-03
1.007940e+01 	 4.204660e-03
1.011970e+01 	 4.060289e-03
1.016000e+01 	 3.043777e-03
1.020030e+01 	 2.231372e-03
1.024060e+01 	 4.712381e-03
1.028090e+01 	 0.000000e+00
