# Intensities integrated over 400.06 nm to 479.82 nm against X
# x (cm); 	 Intens (W/cm**2-sr)
0.000000e+00 	 5.359898e-01
4.031740e-02 	 5.703743e-01
8.063480e-02 	 5.759219e-01
1.209520e-01 	 5.153261e-01
1.612700e-01 	 5.481594e-01
2.015870e-01 	 5.578846e-01
2.419050e-01 	 5.854774e-01
2.822220e-01 	 5.824475e-01
3.225390e-01 	 5.660080e-01
3.628570e-01 	 5.688094e-01
4.031740e-01 	 5.728417e-01
4.434920e-01 	 5.872230e-01
4.838090e-01 	 5.646752e-01
5.241260e-01 	 5.755498e-01
5.644440e-01 	 6.025983e-01
6.047610e-01 	 5.688505e-01
6.450790e-01 	 6.230922e-01
6.853960e-01 	 6.012579e-01
7.257140e-01 	 5.981538e-01
7.660310e-01 	 6.996573e-01
8.063480e-01 	 6.560338e-01
8.466660e-01 	 6.746829e-01
8.869830e-01 	 6.553964e-01
9.273010e-01 	 6.754551e-01
9.676180e-01 	 6.442040e-01
1.007940e+00 	 6.512455e-01
1.048250e+00 	 6.797484e-01
1.088570e+00 	 7.018344e-01
1.128890e+00 	 6.469066e-01
1.169210e+00 	 6.811398e-01
1.209520e+00 	 6.827354e-01
1.249840e+00 	 6.372509e-01
1.290160e+00 	 7.059138e-01
1.330470e+00 	 7.171257e-01
1.370790e+00 	 7.298403e-01
1.411110e+00 	 7.124556e-01
1.451430e+00 	 7.585540e-01
1.491740e+00 	 7.644555e-01
1.532060e+00 	 7.492779e-01
1.572380e+00 	 7.761078e-01
1.612700e+00 	 8.654818e-01
1.653010e+00 	 8.310720e-01
1.693330e+00 	 7.992796e-01
1.733650e+00 	 7.877015e-01
1.773970e+00 	 7.619721e-01
1.814280e+00 	 7.799741e-01
1.854600e+00 	 7.760507e-01
1.894920e+00 	 8.073788e-01
1.935240e+00 	 8.345064e-01
1.975550e+00 	 7.856217e-01
2.015870e+00 	 8.265790e-01
2.056190e+00 	 8.432237e-01
2.096510e+00 	 8.152244e-01
2.136820e+00 	 8.073211e-01
2.177140e+00 	 8.628095e-01
2.217460e+00 	 8.201419e-01
2.257780e+00 	 8.131559e-01
2.298090e+00 	 7.871524e-01
2.338410e+00 	 7.957488e-01
2.378730e+00 	 8.362322e-01
2.419050e+00 	 8.261058e-01
2.459360e+00 	 8.365652e-01
2.499680e+00 	 8.496639e-01
2.540000e+00 	 8.545677e-01
2.580310e+00 	 8.178021e-01
2.620630e+00 	 8.212043e-01
2.660950e+00 	 8.333471e-01
2.701270e+00 	 7.928648e-01
2.741580e+00 	 8.715562e-01
2.781900e+00 	 8.281177e-01
2.822220e+00 	 8.175154e-01
2.862540e+00 	 8.657356e-01
2.902850e+00 	 9.388639e-01
2.943170e+00 	 9.214117e-01
2.983490e+00 	 9.065506e-01
3.023810e+00 	 9.476461e-01
3.064120e+00 	 9.670853e-01
3.104440e+00 	 8.858562e-01
3.144760e+00 	 9.014228e-01
3.185080e+00 	 8.901182e-01
3.225390e+00 	 8.656788e-01
3.265710e+00 	 9.051373e-01
3.306030e+00 	 8.311369e-01
3.346350e+00 	 7.706196e-01
3.386660e+00 	 6.485887e-01
3.426980e+00 	 5.940311e-01
3.467300e+00 	 5.909756e-01
3.507620e+00 	 5.386286e-01
3.547930e+00 	 4.724134e-01
3.588250e+00 	 4.426352e-01
3.628570e+00 	 4.309508e-01
3.668890e+00 	 4.201626e-01
3.709200e+00 	 3.908522e-01
3.749520e+00 	 4.332066e-01
3.789840e+00 	 3.957747e-01
3.830150e+00 	 3.553420e-01
3.870470e+00 	 3.912109e-01
3.910790e+00 	 4.376077e-01
3.951110e+00 	 4.045448e-01
3.991420e+00 	 3.759175e-01
4.031740e+00 	 4.085386e-01
4.072060e+00 	 4.239424e-01
4.112380e+00 	 4.321309e-01
4.152690e+00 	 3.978935e-01
4.193010e+00 	 3.988954e-01
4.233330e+00 	 4.495362e-01
4.273650e+00 	 4.292300e-01
4.313960e+00 	 4.270609e-01
4.354280e+00 	 4.033396e-01
4.394600e+00 	 4.321291e-01
4.434920e+00 	 4.603907e-01
4.475230e+00 	 4.591411e-01
4.515550e+00 	 4.680926e-01
4.555870e+00 	 4.859208e-01
4.596190e+00 	 4.460971e-01
4.636500e+00 	 4.540680e-01
4.676820e+00 	 4.788765e-01
4.717140e+00 	 4.701535e-01
4.757460e+00 	 4.572295e-01
4.797770e+00 	 4.488924e-01
4.838090e+00 	 4.908331e-01
4.878410e+00 	 5.382006e-01
4.918730e+00 	 5.188288e-01
4.959040e+00 	 5.604662e-01
4.999360e+00 	 4.973979e-01
5.039680e+00 	 5.258311e-01
5.079990e+00 	 5.312986e-01
5.120310e+00 	 5.313897e-01
5.160630e+00 	 6.032859e-01
5.200950e+00 	 5.668864e-01
5.241260e+00 	 5.598510e-01
5.281580e+00 	 5.863230e-01
5.321900e+00 	 5.966952e-01
5.362220e+00 	 6.176574e-01
5.402530e+00 	 6.565562e-01
5.442850e+00 	 6.484567e-01
5.483170e+00 	 6.393454e-01
5.523490e+00 	 6.942983e-01
5.563800e+00 	 7.247714e-01
5.604120e+00 	 7.193582e-01
5.644440e+00 	 7.148012e-01
5.684760e+00 	 7.672036e-01
5.725070e+00 	 7.675891e-01
5.765390e+00 	 7.241837e-01
5.805710e+00 	 7.683993e-01
5.846030e+00 	 7.943659e-01
5.886340e+00 	 8.524972e-01
5.926660e+00 	 9.537150e-01
5.966980e+00 	 9.242174e-01
6.007300e+00 	 9.505936e-01
6.047610e+00 	 1.026318e+00
6.087930e+00 	 1.102230e+00
6.128250e+00 	 1.041504e+00
6.168570e+00 	 1.175825e+00
6.208880e+00 	 1.231068e+00
6.249200e+00 	 1.221877e+00
6.289520e+00 	 1.253994e+00
6.329830e+00 	 1.353399e+00
6.370150e+00 	 1.446740e+00
6.410470e+00 	 1.499849e+00
6.450790e+00 	 1.684309e+00
6.491100e+00 	 1.789724e+00
6.531420e+00 	 1.855234e+00
6.571740e+00 	 1.990588e+00
6.612060e+00 	 2.109227e+00
6.652370e+00 	 2.319010e+00
6.692690e+00 	 2.507878e+00
6.733010e+00 	 2.711981e+00
6.773330e+00 	 2.918761e+00
6.813640e+00 	 3.148995e+00
6.853960e+00 	 3.409729e+00
6.894280e+00 	 3.622106e+00
6.934600e+00 	 4.025833e+00
6.974910e+00 	 4.340059e+00
7.015230e+00 	 4.561110e+00
7.055550e+00 	 4.883338e+00
7.095870e+00 	 4.973094e+00
7.136180e+00 	 4.955399e+00
7.176500e+00 	 4.478004e+00
7.216820e+00 	 4.109347e+00
7.257140e+00 	 3.249739e+00
7.297450e+00 	 2.382325e+00
7.337770e+00 	 1.619249e+00
7.378090e+00 	 9.879392e-01
7.418410e+00 	 5.997165e-01
7.458720e+00 	 4.007810e-01
7.499040e+00 	 2.942238e-01
7.539360e+00 	 2.315137e-01
7.579670e+00 	 2.346392e-01
7.619990e+00 	 2.123522e-01
7.660310e+00 	 1.844482e-01
7.700630e+00 	 1.676294e-01
7.740940e+00 	 1.794259e-01
7.781260e+00 	 1.721737e-01
7.821580e+00 	 1.358339e-01
7.861900e+00 	 1.416042e-01
7.902210e+00 	 1.355169e-01
7.942530e+00 	 1.475819e-01
7.982850e+00 	 1.327407e-01
8.023170e+00 	 1.324340e-01
8.063480e+00 	 1.298083e-01
8.103800e+00 	 1.374243e-01
8.144120e+00 	 1.191913e-01
8.184440e+00 	 1.286950e-01
8.224750e+00 	 1.198088e-01
8.265070e+00 	 1.180255e-01
8.305390e+00 	 1.202790e-01
8.345710e+00 	 1.157291e-01
8.386020e+00 	 1.037652e-01
8.426340e+00 	 1.109589e-01
8.466660e+00 	 1.059067e-01
8.506980e+00 	 1.035842e-01
8.547290e+00 	 9.016834e-02
8.587610e+00 	 8.791092e-02
8.627930e+00 	 7.582888e-02
8.668250e+00 	 8.007755e-02
8.708560e+00 	 7.750592e-02
8.748880e+00 	 7.721477e-02
8.789200e+00 	 7.847875e-02
8.829510e+00 	 7.702969e-02
8.869830e+00 	 5.938882e-02
8.910150e+00 	 5.835280e-02
8.950470e+00 	 5.877420e-02
8.990780e+00 	 5.931860e-02
9.031100e+00 	 5.977113e-02
9.071420e+00 	 4.750702e-02
9.111740e+00 	 5.163706e-02
9.152050e+00 	 4.993658e-02
9.192370e+00 	 4.995129e-02
9.232690e+00 	 4.971024e-02
9.273010e+00 	 4.665608e-02
9.313320e+00 	 4.639123e-02
9.353640e+00 	 3.703697e-02
9.393960e+00 	 3.767679e-02
9.434280e+00 	 3.910769e-02
9.474590e+00 	 4.318279e-02
9.514910e+00 	 4.376194e-02
9.555230e+00 	 4.578042e-02
9.595550e+00 	 3.668202e-02
9.635860e+00 	 3.873172e-02
9.676180e+00 	 3.493748e-02
9.716500e+00 	 3.713602e-02
9.756820e+00 	 3.929043e-02
9.797130e+00 	 3.345918e-02
9.837450e+00 	 3.363981e-02
9.877770e+00 	 3.868838e-02
9.918090e+00 	 3.495756e-02
9.958400e+00 	 3.379060e-02
9.998720e+00 	 4.288115e-02
1.003900e+01 	 3.574843e-02
1.007940e+01 	 3.716799e-02
1.011970e+01 	 3.790108e-02
1.016000e+01 	 4.466553e-02
1.020030e+01 	 3.494427e-02
1.024060e+01 	 6.562310e-02
1.028090e+01 	 0.000000e+00
