# Intensities integrated over 485.06 nm to 569.75 nm against X
# x (cm); 	 Intens (W/cm**2-sr)
0.000000e+00 	 2.635580e-01
2.224500e-02 	 2.643993e-01
4.449010e-02 	 2.600501e-01
6.673510e-02 	 2.681868e-01
8.898020e-02 	 2.732525e-01
1.112250e-01 	 2.727756e-01
1.334700e-01 	 2.768907e-01
1.557150e-01 	 2.755672e-01
1.779600e-01 	 2.695145e-01
2.002050e-01 	 2.793898e-01
2.224500e-01 	 2.737180e-01
2.446950e-01 	 2.962322e-01
2.669400e-01 	 3.058604e-01
2.891860e-01 	 3.021667e-01
3.114310e-01 	 2.929859e-01
3.336760e-01 	 2.751221e-01
3.559210e-01 	 2.684842e-01
3.781660e-01 	 2.638517e-01
4.004110e-01 	 2.716842e-01
4.226560e-01 	 2.759386e-01
4.449010e-01 	 2.761286e-01
4.671460e-01 	 2.629414e-01
4.893910e-01 	 2.695342e-01
5.116360e-01 	 2.761504e-01
5.338810e-01 	 2.754583e-01
5.561260e-01 	 2.843985e-01
5.783710e-01 	 2.797431e-01
6.006160e-01 	 2.787603e-01
6.228610e-01 	 2.764759e-01
6.451060e-01 	 2.773878e-01
6.673510e-01 	 2.736043e-01
6.895960e-01 	 2.678353e-01
7.118410e-01 	 2.761748e-01
7.340860e-01 	 2.651434e-01
7.563310e-01 	 2.780903e-01
7.785760e-01 	 2.856341e-01
8.008210e-01 	 2.948403e-01
8.230660e-01 	 2.907372e-01
8.453120e-01 	 2.922989e-01
8.675570e-01 	 2.946371e-01
8.898020e-01 	 2.966496e-01
9.120470e-01 	 2.924093e-01
9.342920e-01 	 2.875993e-01
9.565370e-01 	 2.828988e-01
9.787820e-01 	 2.819304e-01
1.001030e+00 	 2.950726e-01
1.023270e+00 	 2.838487e-01
1.045520e+00 	 2.940838e-01
1.067760e+00 	 2.906067e-01
1.090010e+00 	 2.914618e-01
1.112250e+00 	 2.876723e-01
1.134500e+00 	 2.946902e-01
1.156740e+00 	 2.880082e-01
1.178990e+00 	 2.890610e-01
1.201230e+00 	 3.040922e-01
1.223480e+00 	 2.941576e-01
1.245720e+00 	 3.025008e-01
1.267970e+00 	 3.050988e-01
1.290210e+00 	 3.183494e-01
1.312460e+00 	 2.970380e-01
1.334700e+00 	 3.020493e-01
1.356950e+00 	 2.927086e-01
1.379190e+00 	 3.050049e-01
1.401440e+00 	 3.003129e-01
1.423680e+00 	 3.073891e-01
1.445930e+00 	 2.969946e-01
1.468170e+00 	 2.992280e-01
1.490420e+00 	 3.049707e-01
1.512660e+00 	 3.111630e-01
1.534910e+00 	 3.108092e-01
1.557150e+00 	 3.056819e-01
1.579400e+00 	 3.060229e-01
1.601640e+00 	 3.102443e-01
1.623890e+00 	 3.167319e-01
1.646130e+00 	 3.241915e-01
1.668380e+00 	 3.246319e-01
1.690620e+00 	 3.194241e-01
1.712870e+00 	 3.158279e-01
1.735110e+00 	 3.300464e-01
1.757360e+00 	 3.197074e-01
1.779600e+00 	 3.187277e-01
1.801850e+00 	 3.283036e-01
1.824090e+00 	 3.210940e-01
1.846340e+00 	 3.301999e-01
1.868580e+00 	 3.288940e-01
1.890830e+00 	 3.291805e-01
1.913070e+00 	 3.274296e-01
1.935320e+00 	 3.440352e-01
1.957560e+00 	 3.418170e-01
1.979810e+00 	 3.529588e-01
2.002050e+00 	 3.475658e-01
2.024300e+00 	 3.473011e-01
2.046540e+00 	 3.424177e-01
2.068790e+00 	 3.443338e-01
2.091030e+00 	 3.518743e-01
2.113280e+00 	 3.725953e-01
2.135520e+00 	 3.756910e-01
2.157770e+00 	 3.834813e-01
2.180010e+00 	 3.898622e-01
2.202260e+00 	 3.846516e-01
2.224500e+00 	 3.893795e-01
2.246750e+00 	 3.874914e-01
2.268990e+00 	 3.891467e-01
2.291240e+00 	 3.818100e-01
2.313480e+00 	 3.876671e-01
2.335730e+00 	 3.780052e-01
2.357970e+00 	 3.940435e-01
2.380220e+00 	 3.992232e-01
2.402460e+00 	 4.079533e-01
2.424710e+00 	 3.951208e-01
2.446950e+00 	 4.041528e-01
2.469200e+00 	 4.164830e-01
2.491440e+00 	 4.222082e-01
2.513690e+00 	 4.116798e-01
2.535930e+00 	 4.150636e-01
2.558180e+00 	 4.352874e-01
2.580420e+00 	 4.367964e-01
2.602670e+00 	 4.235188e-01
2.624910e+00 	 4.074273e-01
2.647160e+00 	 4.153045e-01
2.669400e+00 	 4.062965e-01
2.691650e+00 	 4.249842e-01
2.713890e+00 	 4.248365e-01
2.736140e+00 	 4.235124e-01
2.758380e+00 	 4.294350e-01
2.780630e+00 	 4.289832e-01
2.802880e+00 	 4.288766e-01
2.825120e+00 	 4.293396e-01
2.847370e+00 	 4.309241e-01
2.869610e+00 	 4.247405e-01
2.891860e+00 	 4.190382e-01
2.914100e+00 	 4.177195e-01
2.936350e+00 	 4.091301e-01
2.958590e+00 	 4.209438e-01
2.980840e+00 	 4.167730e-01
3.003080e+00 	 4.193350e-01
3.025330e+00 	 4.181087e-01
3.047570e+00 	 4.039416e-01
3.069820e+00 	 3.934560e-01
3.092060e+00 	 4.071629e-01
3.114310e+00 	 4.166514e-01
3.136550e+00 	 3.986184e-01
3.158800e+00 	 4.043957e-01
3.181040e+00 	 3.993810e-01
3.203290e+00 	 3.886169e-01
3.225530e+00 	 3.863919e-01
3.247780e+00 	 4.060280e-01
3.270020e+00 	 3.983556e-01
3.292270e+00 	 4.096127e-01
3.314510e+00 	 4.143248e-01
3.336760e+00 	 4.199713e-01
3.359000e+00 	 4.182962e-01
3.381250e+00 	 4.085961e-01
3.403490e+00 	 4.243293e-01
3.425740e+00 	 4.307237e-01
3.447980e+00 	 4.301092e-01
3.470230e+00 	 4.305056e-01
3.492470e+00 	 4.137297e-01
3.514720e+00 	 4.323698e-01
3.536960e+00 	 4.369084e-01
3.559210e+00 	 4.147306e-01
3.581450e+00 	 4.261696e-01
3.603700e+00 	 4.309801e-01
3.625940e+00 	 4.270676e-01
3.648190e+00 	 4.311996e-01
3.670430e+00 	 4.372851e-01
3.692680e+00 	 4.380259e-01
3.714920e+00 	 4.498072e-01
3.737170e+00 	 4.248282e-01
3.759410e+00 	 4.385139e-01
3.781660e+00 	 4.191625e-01
3.803900e+00 	 4.141360e-01
3.826150e+00 	 4.219859e-01
3.848390e+00 	 4.346106e-01
3.870640e+00 	 4.203426e-01
3.892880e+00 	 4.086175e-01
3.915130e+00 	 4.111198e-01
3.937370e+00 	 4.088278e-01
3.959620e+00 	 3.930893e-01
3.981860e+00 	 3.983761e-01
4.004110e+00 	 3.710295e-01
4.026350e+00 	 3.651388e-01
4.048600e+00 	 3.634968e-01
4.070840e+00 	 3.609296e-01
4.093090e+00 	 3.418329e-01
4.115330e+00 	 3.242214e-01
4.137580e+00 	 3.206116e-01
4.159820e+00 	 3.118670e-01
4.182070e+00 	 3.119369e-01
4.204310e+00 	 2.997186e-01
4.226560e+00 	 2.975029e-01
4.248800e+00 	 2.835769e-01
4.271050e+00 	 2.800879e-01
4.293290e+00 	 2.800399e-01
4.315540e+00 	 2.802029e-01
4.337780e+00 	 2.764914e-01
4.360030e+00 	 2.782486e-01
4.382270e+00 	 2.752153e-01
4.404520e+00 	 2.704941e-01
4.426760e+00 	 2.693011e-01
4.449010e+00 	 2.702154e-01
4.471250e+00 	 2.657077e-01
4.493500e+00 	 2.651382e-01
4.515740e+00 	 2.646995e-01
4.537990e+00 	 2.582375e-01
4.560230e+00 	 2.615701e-01
4.582480e+00 	 2.694038e-01
4.604720e+00 	 2.729209e-01
4.626970e+00 	 2.787134e-01
4.649210e+00 	 2.751164e-01
4.671460e+00 	 2.722796e-01
4.693700e+00 	 2.825418e-01
4.715950e+00 	 2.856512e-01
4.738190e+00 	 2.731686e-01
4.760440e+00 	 2.831887e-01
4.782680e+00 	 2.656598e-01
4.804930e+00 	 2.854092e-01
4.827170e+00 	 2.888449e-01
4.849420e+00 	 2.971040e-01
4.871660e+00 	 2.957912e-01
4.893910e+00 	 2.979086e-01
4.916150e+00 	 2.990154e-01
4.938400e+00 	 2.898844e-01
4.960640e+00 	 2.935456e-01
4.982890e+00 	 2.965725e-01
5.005130e+00 	 2.921244e-01
5.027380e+00 	 2.995129e-01
5.049620e+00 	 3.052633e-01
5.071870e+00 	 3.058032e-01
5.094110e+00 	 3.134436e-01
5.116360e+00 	 3.094697e-01
5.138600e+00 	 3.066279e-01
5.160850e+00 	 3.156368e-01
5.183090e+00 	 3.074130e-01
5.205340e+00 	 3.114456e-01
5.227580e+00 	 3.009548e-01
5.249830e+00 	 3.135354e-01
5.272070e+00 	 3.115694e-01
5.294320e+00 	 3.152288e-01
5.316560e+00 	 3.163183e-01
5.338810e+00 	 3.166786e-01
5.361050e+00 	 3.243393e-01
5.383300e+00 	 3.322165e-01
5.405540e+00 	 3.334774e-01
5.427790e+00 	 3.416425e-01
5.450030e+00 	 3.334841e-01
5.472280e+00 	 3.224426e-01
5.494520e+00 	 3.299679e-01
5.516770e+00 	 3.414590e-01
5.539010e+00 	 3.366787e-01
5.561260e+00 	 3.479928e-01
5.583510e+00 	 3.461617e-01
5.605750e+00 	 3.485606e-01
5.628000e+00 	 3.488590e-01
5.650240e+00 	 3.393397e-01
5.672490e+00 	 3.510126e-01
5.694730e+00 	 3.397153e-01
5.716980e+00 	 3.458886e-01
5.739220e+00 	 3.506350e-01
5.761470e+00 	 3.615506e-01
5.783710e+00 	 3.604635e-01
5.805960e+00 	 3.681094e-01
5.828200e+00 	 3.680456e-01
5.850450e+00 	 3.786364e-01
5.872690e+00 	 3.775288e-01
5.894940e+00 	 3.687210e-01
5.917180e+00 	 3.662868e-01
5.939430e+00 	 3.861771e-01
5.961670e+00 	 3.946052e-01
5.983920e+00 	 4.248347e-01
6.006160e+00 	 4.001385e-01
6.028410e+00 	 4.123261e-01
6.050650e+00 	 4.290757e-01
6.072900e+00 	 4.149561e-01
6.095140e+00 	 4.213690e-01
6.117390e+00 	 4.359125e-01
6.139630e+00 	 4.278809e-01
6.161880e+00 	 4.298902e-01
6.184120e+00 	 4.486042e-01
6.206370e+00 	 4.542028e-01
6.228610e+00 	 4.545098e-01
6.250860e+00 	 4.599965e-01
6.273100e+00 	 4.698915e-01
6.295350e+00 	 4.653078e-01
6.317590e+00 	 4.900076e-01
6.339840e+00 	 4.920269e-01
6.362080e+00 	 4.961799e-01
6.384330e+00 	 5.158513e-01
6.406570e+00 	 4.981228e-01
6.428820e+00 	 5.078788e-01
6.451060e+00 	 5.238788e-01
6.473310e+00 	 5.253301e-01
6.495550e+00 	 5.264226e-01
6.517800e+00 	 5.433884e-01
6.540040e+00 	 5.570439e-01
6.562290e+00 	 5.685838e-01
6.584530e+00 	 5.760614e-01
6.606780e+00 	 5.980437e-01
6.629020e+00 	 6.001217e-01
6.651270e+00 	 6.024331e-01
6.673510e+00 	 6.172836e-01
6.695760e+00 	 6.227041e-01
6.718000e+00 	 6.210910e-01
6.740250e+00 	 6.294723e-01
6.762490e+00 	 6.505580e-01
6.784740e+00 	 6.586512e-01
6.806980e+00 	 6.748987e-01
6.829230e+00 	 6.877548e-01
6.851470e+00 	 7.201355e-01
6.873720e+00 	 7.450761e-01
6.895960e+00 	 7.505433e-01
6.918210e+00 	 7.604327e-01
6.940450e+00 	 7.842988e-01
6.962700e+00 	 7.934870e-01
6.984940e+00 	 8.105735e-01
7.007190e+00 	 8.328835e-01
7.029430e+00 	 8.611311e-01
7.051680e+00 	 8.705148e-01
7.073920e+00 	 9.133716e-01
7.096170e+00 	 9.503801e-01
7.118410e+00 	 1.005849e+00
7.140660e+00 	 1.052031e+00
7.162900e+00 	 1.074432e+00
7.185150e+00 	 1.117941e+00
7.207390e+00 	 1.168665e+00
7.229640e+00 	 1.215945e+00
7.251880e+00 	 1.258404e+00
7.274130e+00 	 1.337777e+00
7.296370e+00 	 1.388923e+00
7.318620e+00 	 1.460009e+00
7.340860e+00 	 1.487156e+00
7.363110e+00 	 1.567483e+00
7.385350e+00 	 1.640278e+00
7.407600e+00 	 1.675619e+00
7.429840e+00 	 1.717250e+00
7.452090e+00 	 1.796389e+00
7.474330e+00 	 1.835120e+00
7.496580e+00 	 1.876571e+00
7.518820e+00 	 1.949001e+00
7.541070e+00 	 2.040845e+00
7.563310e+00 	 2.132418e+00
7.585560e+00 	 2.242706e+00
7.607800e+00 	 2.345891e+00
7.630050e+00 	 2.475762e+00
7.652290e+00 	 2.589734e+00
7.674540e+00 	 2.718774e+00
7.696780e+00 	 2.881787e+00
7.719030e+00 	 3.036606e+00
7.741270e+00 	 3.187210e+00
7.763520e+00 	 3.372952e+00
7.785760e+00 	 3.563805e+00
7.808010e+00 	 3.648194e+00
7.830250e+00 	 3.802242e+00
7.852500e+00 	 3.871599e+00
7.874740e+00 	 3.849540e+00
7.896990e+00 	 3.863846e+00
7.919230e+00 	 3.742941e+00
7.941480e+00 	 3.496145e+00
7.963720e+00 	 3.218236e+00
7.985970e+00 	 2.850076e+00
8.008210e+00 	 2.497715e+00
8.030460e+00 	 2.140863e+00
8.052700e+00 	 1.818799e+00
8.074950e+00 	 1.464254e+00
8.097190e+00 	 1.174104e+00
8.119440e+00 	 9.246611e-01
8.141680e+00 	 7.187931e-01
8.163930e+00 	 5.610404e-01
8.186170e+00 	 4.455043e-01
8.208420e+00 	 3.681182e-01
8.230660e+00 	 3.126914e-01
8.252910e+00 	 2.731859e-01
8.275150e+00 	 2.358959e-01
8.297400e+00 	 2.092836e-01
8.319640e+00 	 1.765583e-01
8.341890e+00 	 1.520118e-01
8.364140e+00 	 1.320642e-01
8.386380e+00 	 1.100647e-01
8.408630e+00 	 1.012617e-01
8.430870e+00 	 9.035057e-02
8.453120e+00 	 7.547931e-02
8.475360e+00 	 6.398909e-02
8.497610e+00 	 5.478703e-02
8.519850e+00 	 4.680784e-02
8.542100e+00 	 3.982957e-02
8.564340e+00 	 3.296638e-02
8.586590e+00 	 3.047474e-02
8.608830e+00 	 2.865188e-02
8.631080e+00 	 2.680682e-02
8.653320e+00 	 1.712303e-02
8.675570e+00 	 1.437753e-02
8.697810e+00 	 1.000760e-02
8.720060e+00 	 6.511336e-03
8.742300e+00 	 8.916739e-03
8.764550e+00 	 3.626365e-03
8.786790e+00 	 -2.892121e-03
8.809040e+00 	 -2.887535e-03
8.831280e+00 	 -3.703518e-03
8.853530e+00 	 -3.863529e-03
8.875770e+00 	 -7.925697e-03
8.898020e+00 	 -1.264575e-02
8.920260e+00 	 -1.510249e-02
8.942510e+00 	 -1.434165e-02
8.964750e+00 	 -1.375515e-02
8.987000e+00 	 -1.570330e-02
9.009240e+00 	 -1.896070e-02
9.031490e+00 	 -1.886656e-02
9.053730e+00 	 -2.104661e-02
9.075980e+00 	 -2.014859e-02
9.098220e+00 	 -2.461839e-02
9.120470e+00 	 -2.542581e-02
9.142710e+00 	 -2.535306e-02
9.164960e+00 	 -2.489785e-02
9.187200e+00 	 -2.745229e-02
9.209450e+00 	 -2.954182e-02
9.231690e+00 	 -2.997428e-02
9.253940e+00 	 -3.218944e-02
9.276180e+00 	 -2.904694e-02
9.298430e+00 	 -2.881849e-02
9.320670e+00 	 -3.093375e-02
9.342920e+00 	 -3.034271e-02
9.365160e+00 	 -3.049750e-02
9.387410e+00 	 -3.258076e-02
9.409650e+00 	 -3.384092e-02
9.431900e+00 	 -3.503349e-02
9.454140e+00 	 -3.589471e-02
9.476390e+00 	 -3.318619e-02
9.498630e+00 	 -3.761946e-02
9.520880e+00 	 -4.061254e-02
9.543120e+00 	 -3.869774e-02
9.565370e+00 	 -3.743753e-02
9.587610e+00 	 -3.635134e-02
9.609860e+00 	 -3.970351e-02
9.632100e+00 	 -3.994179e-02
9.654350e+00 	 -4.039390e-02
9.676590e+00 	 -4.104799e-02
9.698840e+00 	 -4.138074e-02
9.721080e+00 	 -4.133094e-02
9.743330e+00 	 -4.149629e-02
9.765570e+00 	 -4.230099e-02
9.787820e+00 	 -4.156332e-02
9.810060e+00 	 -4.241939e-02
9.832310e+00 	 -4.181294e-02
9.854550e+00 	 -4.013541e-02
9.876800e+00 	 -4.169080e-02
9.899040e+00 	 -4.191483e-02
9.921290e+00 	 -4.485856e-02
9.943530e+00 	 -4.475290e-02
9.965780e+00 	 -4.442648e-02
9.988020e+00 	 -4.219994e-02
1.001030e+01 	 -4.255708e-02
1.003250e+01 	 -4.390022e-02
1.005480e+01 	 -4.438104e-02
1.007700e+01 	 -4.563652e-02
1.009920e+01 	 -4.498234e-02
1.012150e+01 	 -4.248074e-02
1.014370e+01 	 -4.713036e-02
1.016600e+01 	 -4.707812e-02
1.018820e+01 	 -4.603438e-02
1.021050e+01 	 -4.656334e-02
1.023270e+01 	 -4.775016e-02
1.025500e+01 	 -4.919516e-02
1.027720e+01 	 -4.729820e-02
1.029950e+01 	 -4.573852e-02
1.032170e+01 	 -4.631676e-02
1.034390e+01 	 -4.676738e-02
1.036620e+01 	 -4.700380e-02
1.038840e+01 	 -4.843512e-02
1.041070e+01 	 -4.685144e-02
1.043290e+01 	 -4.557650e-02
1.045520e+01 	 -4.787088e-02
1.047740e+01 	 -4.809606e-02
1.049970e+01 	 -4.866444e-02
1.052190e+01 	 -5.023865e-02
1.054410e+01 	 -4.980836e-02
1.056640e+01 	 -4.936677e-02
1.058860e+01 	 -4.961210e-02
1.061090e+01 	 -4.934805e-02
1.063310e+01 	 -4.895014e-02
1.065540e+01 	 -4.824665e-02
1.067760e+01 	 -4.775271e-02
1.069990e+01 	 -4.818565e-02
1.072210e+01 	 -4.927383e-02
1.074440e+01 	 -4.880341e-02
1.076660e+01 	 -4.657863e-02
1.078880e+01 	 -4.529606e-02
1.081110e+01 	 -4.556975e-02
1.083330e+01 	 -4.381997e-02
1.085560e+01 	 -4.181702e-02
1.087780e+01 	 -4.502487e-02
1.090010e+01 	 -4.849168e-02
1.092230e+01 	 -4.539921e-02
1.094460e+01 	 -4.465882e-02
1.096680e+01 	 -4.665365e-02
1.098900e+01 	 -4.586957e-02
1.101130e+01 	 -4.664256e-02
1.103350e+01 	 -4.664483e-02
1.105580e+01 	 -4.629128e-02
1.107800e+01 	 -4.628246e-02
1.110030e+01 	 -4.615810e-02
1.112250e+01 	 -4.604906e-02
1.114480e+01 	 -4.622032e-02
1.116700e+01 	 -4.436948e-02
1.118930e+01 	 -4.192298e-02
1.121150e+01 	 -4.085512e-02
1.123370e+01 	 -3.142678e-02
1.125600e+01 	 -2.643093e-02
1.127820e+01 	 -1.909577e-02
1.130050e+01 	 -1.857656e-02
1.132270e+01 	 -5.821478e-03
1.134500e+01 	 6.289018e-04
1.136720e+01 	 0.000000e+00
