# Spectral intensities against wavelength averaged over spatial strips 353 to 355
# Wavel (nm); 	 Intens (W/cm**2-sr-um)
4.761290e+02 	 4.058581e+01
4.765760e+02 	 4.387088e+01
4.770220e+02 	 4.240784e+01
4.774690e+02 	 4.122928e+01
4.779150e+02 	 3.986107e+01
4.783610e+02 	 3.910923e+01
4.788080e+02 	 3.420872e+01
4.792540e+02 	 4.147989e+01
4.797000e+02 	 3.618653e+01
4.801470e+02 	 3.644731e+01
4.805930e+02 	 4.391152e+01
4.810390e+02 	 4.023360e+01
4.814860e+02 	 4.059259e+01
4.819320e+02 	 3.328755e+01
4.823780e+02 	 3.524165e+01
4.828250e+02 	 3.635587e+01
4.832710e+02 	 3.715512e+01
4.837170e+02 	 3.656245e+01
4.841630e+02 	 3.376507e+01
4.846100e+02 	 3.544147e+01
4.850560e+02 	 3.770037e+01
4.855020e+02 	 3.825579e+01
4.859490e+02 	 4.047744e+01
4.863950e+02 	 3.694853e+01
4.868410e+02 	 4.176099e+01
4.872870e+02 	 4.387088e+01
4.877340e+02 	 4.110059e+01
4.881800e+02 	 4.040971e+01
4.886260e+02 	 4.167293e+01
4.890720e+02 	 4.209627e+01
4.895190e+02 	 4.027424e+01
4.899650e+02 	 3.772408e+01
4.904110e+02 	 4.183549e+01
4.908570e+02 	 4.432131e+01
4.913030e+02 	 4.628557e+01
4.917500e+02 	 4.227576e+01
4.921960e+02 	 4.363043e+01
4.926420e+02 	 4.394200e+01
4.930880e+02 	 4.692904e+01
4.935340e+02 	 4.387427e+01
4.939810e+02 	 5.027507e+01
4.944270e+02 	 5.126736e+01
4.948730e+02 	 4.745397e+01
4.953190e+02 	 4.560824e+01
4.957650e+02 	 5.106077e+01
4.962110e+02 	 5.356352e+01
4.966580e+02 	 5.258477e+01
4.971040e+02 	 5.708904e+01
4.975500e+02 	 5.567003e+01
4.979960e+02 	 5.403427e+01
4.984420e+02 	 5.646928e+01
4.988880e+02 	 6.036395e+01
4.993340e+02 	 5.703485e+01
4.997810e+02 	 5.687907e+01
5.002270e+02 	 6.048587e+01
5.006730e+02 	 5.954099e+01
5.011190e+02 	 6.535928e+01
5.015650e+02 	 6.780445e+01
5.020110e+02 	 7.185829e+01
5.024570e+02 	 7.010400e+01
5.029030e+02 	 7.304701e+01
5.033490e+02 	 7.260336e+01
5.037950e+02 	 7.558024e+01
5.042410e+02 	 8.398256e+01
5.046870e+02 	 7.942072e+01
5.051330e+02 	 8.053155e+01
5.055790e+02 	 8.555736e+01
5.060260e+02 	 8.620421e+01
5.064720e+02 	 8.546931e+01
5.069180e+02 	 8.859181e+01
5.073640e+02 	 9.151451e+01
5.078100e+02 	 8.914384e+01
5.082560e+02 	 9.389533e+01
5.087020e+02 	 9.835896e+01
5.091480e+02 	 9.803384e+01
5.095940e+02 	 9.385131e+01
5.100400e+02 	 9.902275e+01
5.104860e+02 	 9.539563e+01
5.109320e+02 	 1.010412e+02
5.113780e+02 	 1.010954e+02
5.118240e+02 	 9.698397e+01
5.122700e+02 	 9.859603e+01
5.127150e+02 	 1.024467e+02
5.131610e+02 	 9.974749e+01
5.136070e+02 	 9.269984e+01
5.140530e+02 	 8.384032e+01
5.144990e+02 	 8.547608e+01
5.149450e+02 	 8.179139e+01
5.153910e+02 	 9.122325e+01
5.158370e+02 	 8.350843e+01
5.162830e+02 	 7.988808e+01
5.167290e+02 	 7.318248e+01
5.171750e+02 	 5.786459e+01
5.176210e+02 	 4.136475e+01
5.180670e+02 	 3.012779e+01
5.185120e+02 	 2.446867e+01
5.189580e+02 	 2.423837e+01
5.194040e+02 	 2.520696e+01
5.198500e+02 	 2.538307e+01
5.202960e+02 	 2.432304e+01
5.207420e+02 	 2.348992e+01
5.211880e+02 	 2.293451e+01
5.216340e+02 	 2.339848e+01
5.220790e+02 	 2.175595e+01
5.225250e+02 	 2.225717e+01
5.229710e+02 	 2.279904e+01
5.234170e+02 	 2.294805e+01
5.238630e+02 	 2.265341e+01
5.243090e+02 	 2.514261e+01
5.247540e+02 	 2.387261e+01
5.252000e+02 	 2.558288e+01
5.256460e+02 	 2.581995e+01
5.260920e+02 	 2.684272e+01
5.265380e+02 	 2.664968e+01
5.269830e+02 	 2.928451e+01
5.274290e+02 	 2.849880e+01
5.278750e+02 	 2.900680e+01
5.283210e+02 	 2.901019e+01
5.287670e+02 	 2.973155e+01
5.292120e+02 	 3.108621e+01
5.296580e+02 	 3.021584e+01
5.301040e+02 	 2.876635e+01
5.305500e+02 	 2.939627e+01
5.309950e+02 	 3.061547e+01
5.314410e+02 	 3.327739e+01
5.318870e+02 	 3.491653e+01
5.323330e+02 	 3.267117e+01
5.327780e+02 	 3.196336e+01
5.332240e+02 	 3.439499e+01
5.336700e+02 	 3.566160e+01
5.341150e+02 	 3.710771e+01
5.345610e+02 	 3.674872e+01
5.350070e+02 	 3.508925e+01
5.354530e+02 	 3.399875e+01
5.358980e+02 	 3.840480e+01
5.363440e+02 	 3.756491e+01
5.367900e+02 	 3.629491e+01
5.372350e+02 	 3.980011e+01
5.376810e+02 	 3.800179e+01
5.381270e+02 	 3.931920e+01
5.385720e+02 	 4.189307e+01
5.390180e+02 	 4.346787e+01
5.394640e+02 	 4.241800e+01
5.399090e+02 	 4.184565e+01
5.403550e+02 	 4.159843e+01
5.408000e+02 	 4.421293e+01
5.412460e+02 	 4.485301e+01
5.416920e+02 	 4.400635e+01
5.421370e+02 	 4.735237e+01
5.425830e+02 	 4.609592e+01
5.430290e+02 	 4.848691e+01
5.434740e+02 	 4.607899e+01
5.439200e+02 	 4.776216e+01
5.443650e+02 	 5.194469e+01
5.448110e+02 	 5.058325e+01
5.452560e+02 	 5.024797e+01
5.457020e+02 	 4.715933e+01
5.461480e+02 	 4.609253e+01
5.465930e+02 	 4.565565e+01
5.470390e+02 	 4.554728e+01
5.474840e+02 	 4.815501e+01
5.479300e+02 	 5.039021e+01
5.483750e+02 	 4.658699e+01
5.488210e+02 	 4.859867e+01
5.492660e+02 	 4.736931e+01
5.497120e+02 	 5.212757e+01
5.501580e+02 	 5.076952e+01
5.506030e+02 	 4.957403e+01
5.510490e+02 	 4.680712e+01
5.514940e+02 	 4.742011e+01
5.519400e+02 	 4.424341e+01
5.523850e+02 	 4.658021e+01
5.528310e+02 	 4.376251e+01
5.532760e+02 	 4.725755e+01
5.537220e+02 	 4.960451e+01
5.541670e+02 	 4.791456e+01
5.546120e+02 	 4.632283e+01
5.550580e+02 	 4.213691e+01
5.555030e+02 	 4.150699e+01
5.559490e+02 	 4.204547e+01
5.563940e+02 	 4.130717e+01
5.568400e+02 	 4.070435e+01
5.572850e+02 	 4.009813e+01
5.577310e+02 	 4.154763e+01
5.581760e+02 	 4.255008e+01
5.586210e+02 	 3.912277e+01
5.590670e+02 	 3.686387e+01
5.595120e+02 	 3.354155e+01
5.599580e+02 	 2.926419e+01
5.604030e+02 	 2.669032e+01
5.608480e+02 	 2.633133e+01
5.612940e+02 	 2.691723e+01
5.617390e+02 	 2.554563e+01
5.621850e+02 	 2.944707e+01
5.626300e+02 	 2.941320e+01
5.630750e+02 	 2.565400e+01
5.635210e+02 	 2.404872e+01
5.639660e+02 	 2.229104e+01
5.644110e+02 	 1.919901e+01
5.648570e+02 	 1.603587e+01
5.653020e+02 	 1.593088e+01
5.657480e+02 	 1.415627e+01
5.661930e+02 	 1.535176e+01
5.666380e+02 	 1.673352e+01
5.670830e+02 	 1.684189e+01
5.675290e+02 	 1.453557e+01
5.679740e+02 	 1.517904e+01
5.684190e+02 	 1.413933e+01
5.688650e+02 	 1.384808e+01
5.693100e+02 	 1.500632e+01
5.697550e+02 	 1.477264e+01
5.702010e+02 	 1.464395e+01
5.706460e+02 	 1.465749e+01
5.710910e+02 	 1.380405e+01
5.715360e+02 	 1.510453e+01
5.719820e+02 	 1.544320e+01
5.724270e+02 	 1.676400e+01
5.728720e+02 	 1.727877e+01
5.733170e+02 	 1.747520e+01
5.737630e+02 	 1.712299e+01
5.742080e+02 	 1.679787e+01
5.746530e+02 	 1.665901e+01
5.750980e+02 	 1.638131e+01
5.755440e+02 	 1.776984e+01
5.759890e+02 	 1.720765e+01
5.764340e+02 	 1.613069e+01
5.768790e+02 	 1.644227e+01
5.773250e+02 	 1.663869e+01
5.777700e+02 	 1.600539e+01
5.782150e+02 	 1.739392e+01
5.786600e+02 	 1.773597e+01
5.791050e+02 	 1.824397e+01
5.795500e+02 	 1.729909e+01
5.799960e+02 	 1.901613e+01
5.804410e+02 	 2.052997e+01
5.808860e+02 	 1.866731e+01
5.813310e+02 	 2.021501e+01
5.817760e+02 	 1.993053e+01
5.822210e+02 	 2.052659e+01
5.826670e+02 	 2.169837e+01
5.831120e+02 	 2.013035e+01
5.835570e+02 	 2.166451e+01
5.840020e+02 	 2.211832e+01
5.844470e+02 	 2.161709e+01
5.848920e+02 	 2.096008e+01
5.853370e+02 	 2.150195e+01
5.857820e+02 	 2.103797e+01
5.862270e+02 	 2.149856e+01
5.866730e+02 	 2.234184e+01
5.871180e+02 	 2.347976e+01
5.875630e+02 	 2.486152e+01
5.880080e+02 	 2.576237e+01
5.884530e+02 	 2.564384e+01
5.888980e+02 	 2.478363e+01
5.893430e+02 	 2.535259e+01
5.897880e+02 	 2.588768e+01
5.902330e+02 	 2.429256e+01
5.906780e+02 	 2.695787e+01
5.911230e+02 	 2.437045e+01
5.915680e+02 	 2.283629e+01
5.920130e+02 	 2.168144e+01
5.924580e+02 	 2.162048e+01
5.929030e+02 	 1.927352e+01
5.933480e+02 	 2.119376e+01
5.937930e+02 	 2.125811e+01
5.942380e+02 	 2.106168e+01
5.946830e+02 	 2.166451e+01
5.951280e+02 	 2.087541e+01
5.955730e+02 	 1.878923e+01
5.960180e+02 	 1.893147e+01
5.964630e+02 	 2.025227e+01
5.969080e+02 	 1.977813e+01
5.973530e+02 	 1.977813e+01
5.977980e+02 	 1.898565e+01
5.982430e+02 	 1.789853e+01
5.986880e+02 	 2.064851e+01
5.991330e+02 	 1.922949e+01
5.995780e+02 	 1.850136e+01
6.000230e+02 	 1.686560e+01
6.004680e+02 	 1.702139e+01
6.009130e+02 	 1.742101e+01
6.013580e+02 	 1.822027e+01
6.018030e+02 	 1.842008e+01
6.022480e+02 	 1.969008e+01
6.026920e+02 	 1.814237e+01
6.031370e+02 	 1.555835e+01
6.035820e+02 	 1.562947e+01
6.040270e+02 	 1.607989e+01
6.044720e+02 	 1.688253e+01
6.049170e+02 	 1.628987e+01
6.053620e+02 	 1.583944e+01
6.058070e+02 	 1.549739e+01
6.062520e+02 	 1.588347e+01
6.066960e+02 	 1.389888e+01
6.071410e+02 	 1.281515e+01
6.075860e+02 	 1.200912e+01
6.080310e+02 	 1.294723e+01
6.084760e+02 	 1.116923e+01
6.089210e+02 	 1.246632e+01
6.093650e+02 	 1.387179e+01
6.098100e+02 	 1.352296e+01
6.102550e+02 	 1.385485e+01
6.107000e+02 	 1.255099e+01
6.111450e+02 	 1.191429e+01
6.115900e+02 	 1.158816e+01
6.120340e+02 	 1.326219e+01
6.124790e+02 	 1.240875e+01
6.129240e+02 	 1.169416e+01
6.133690e+02 	 1.188652e+01
6.138130e+02 	 9.921579e+00
6.142580e+02 	 1.035710e+01
6.147030e+02 	 9.870440e+00
6.151480e+02 	 9.251019e+00
6.155920e+02 	 9.890760e+00
6.160370e+02 	 9.536853e+00
6.164820e+02 	 9.973733e+00
6.169270e+02 	 1.032391e+01
6.173710e+02 	 9.958493e+00
6.178160e+02 	 1.032121e+01
6.182610e+02 	 1.020640e+01
6.187060e+02 	 1.066461e+01
6.191500e+02 	 9.885341e+00
6.195950e+02 	 1.021046e+01
6.200400e+02 	 8.285141e+00
6.204840e+02 	 8.067040e+00
6.209290e+02 	 9.078637e+00
6.213740e+02 	 8.798560e+00
6.218190e+02 	 9.095571e+00
6.222630e+02 	 8.583168e+00
6.227080e+02 	 8.147643e+00
6.231530e+02 	 8.473101e+00
6.235970e+02 	 8.933349e+00
6.240420e+02 	 7.705344e+00
6.244870e+02 	 8.711861e+00
6.249310e+02 	 8.899483e+00
6.253760e+02 	 8.254323e+00
6.258200e+02 	 8.916077e+00
6.262650e+02 	 8.885936e+00
6.267100e+02 	 9.059333e+00
6.271540e+02 	 9.780693e+00
6.275990e+02 	 1.069611e+01
6.280440e+02 	 9.283531e+00
6.284880e+02 	 8.911336e+00
6.289330e+02 	 8.950283e+00
6.293770e+02 	 9.167029e+00
6.298220e+02 	 9.671643e+00
6.302660e+02 	 8.796528e+00
6.307110e+02 	 8.960443e+00
6.311560e+02 	 1.043364e+01
6.316000e+02 	 9.785435e+00
6.320450e+02 	 1.025686e+01
6.324890e+02 	 9.273032e+00
6.329340e+02 	 1.068967e+01
6.333780e+02 	 1.177544e+01
6.338230e+02 	 1.038284e+01
6.342670e+02 	 9.823704e+00
6.347120e+02 	 1.023349e+01
6.351570e+02 	 1.214797e+01
6.356010e+02 	 1.040486e+01
6.360460e+02 	 1.174835e+01
6.364900e+02 	 1.132163e+01
6.369350e+02 	 1.105069e+01
6.373790e+02 	 1.136565e+01
6.378240e+02 	 1.061686e+01
6.382680e+02 	 1.152144e+01
6.387130e+02 	 1.102699e+01
6.391570e+02 	 1.198880e+01
6.396020e+02 	 1.289643e+01
6.400460e+02 	 1.117735e+01
6.404900e+02 	 1.069882e+01
6.409350e+02 	 1.112520e+01
6.413790e+02 	 1.060027e+01
6.418240e+02 	 1.101378e+01
6.422680e+02 	 1.165013e+01
6.427130e+02 	 1.256115e+01
6.431570e+02 	 1.187365e+01
6.436020e+02 	 1.073438e+01
6.440460e+02 	 1.053931e+01
6.444900e+02 	 1.022706e+01
6.449350e+02 	 1.146725e+01
6.453790e+02 	 1.099210e+01
6.458240e+02 	 1.163828e+01
6.462680e+02 	 9.711944e+00
6.467120e+02 	 9.503325e+00
6.471570e+02 	 9.254067e+00
6.476010e+02 	 9.770872e+00
6.480460e+02 	 9.517211e+00
6.484900e+02 	 9.583928e+00
6.489340e+02 	 1.037438e+01
6.493790e+02 	 1.027244e+01
6.498230e+02 	 9.895840e+00
6.502670e+02 	 8.777224e+00
6.507120e+02 	 9.709912e+00
6.511560e+02 	 1.109811e+01
6.516000e+02 	 9.973056e+00
6.520450e+02 	 8.545237e+00
6.524890e+02 	 1.014408e+01
6.529330e+02 	 9.511453e+00
6.533780e+02 	 7.210552e+00
6.538220e+02 	 8.127323e+00
6.542660e+02 	 7.611533e+00
6.547100e+02 	 8.500533e+00
6.551550e+02 	 7.374128e+00
6.555990e+02 	 5.865368e+00
6.560430e+02 	 6.360160e+00
6.564880e+02 	 8.153739e+00
6.569320e+02 	 7.369725e+00
6.573760e+02 	 8.816848e+00
6.578200e+02 	 8.815155e+00
6.582650e+02 	 9.575461e+00
6.587090e+02 	 8.620083e+00
6.591530e+02 	 8.006080e+00
6.595970e+02 	 7.863163e+00
6.600420e+02 	 7.351776e+00
6.604860e+02 	 6.539315e+00
6.609300e+02 	 7.484533e+00
6.613740e+02 	 7.477421e+00
6.618190e+02 	 7.614920e+00
6.622630e+02 	 6.559635e+00
6.627070e+02 	 7.271173e+00
6.631510e+02 	 7.706360e+00
6.635950e+02 	 7.687395e+00
6.640390e+02 	 7.469632e+00
6.644840e+02 	 8.363712e+00
6.649280e+02 	 7.939024e+00
6.653720e+02 	 7.482840e+00
6.658160e+02 	 6.784848e+00
6.662600e+02 	 7.521448e+00
6.667050e+02 	 6.374045e+00
6.671490e+02 	 6.828536e+00
6.675930e+02 	 7.041896e+00
6.680370e+02 	 7.612549e+00
6.684810e+02 	 6.425861e+00
6.689250e+02 	 7.077795e+00
6.693690e+02 	 6.542701e+00
6.698130e+02 	 6.078728e+00
6.702580e+02 	 6.430264e+00
6.707020e+02 	 7.098115e+00
6.711460e+02 	 5.859611e+00
6.715900e+02 	 6.480725e+00
6.720340e+02 	 7.040541e+00
6.724780e+02 	 5.959517e+00
6.729220e+02 	 6.680539e+00
6.733660e+02 	 6.579955e+00
6.738100e+02 	 6.281589e+00
6.742540e+02 	 6.631432e+00
6.746980e+02 	 6.593501e+00
6.751420e+02 	 7.035461e+00
6.755870e+02 	 5.734304e+00
6.760310e+02 	 6.008624e+00
6.764750e+02 	 5.980176e+00
6.769190e+02 	 5.832517e+00
6.773630e+02 	 5.785443e+00
6.778070e+02 	 6.706955e+00
6.782510e+02 	 5.638461e+00
6.786950e+02 	 6.051635e+00
6.791390e+02 	 5.738029e+00
6.795830e+02 	 5.326549e+00
6.800270e+02 	 6.249755e+00
6.804710e+02 	 6.500029e+00
6.809150e+02 	 6.035040e+00
6.813590e+02 	 5.588339e+00
6.818030e+02 	 5.376333e+00
6.822470e+02 	 5.853853e+00
6.826910e+02 	 6.442795e+00
6.831350e+02 	 5.722112e+00
6.835790e+02 	 6.187440e+00
6.840220e+02 	 6.267704e+00
6.844660e+02 	 5.766816e+00
6.849100e+02 	 5.984240e+00
6.853540e+02 	 5.413925e+00
6.857980e+02 	 5.775960e+00
6.862420e+02 	 5.700437e+00
6.866860e+02 	 6.649381e+00
6.871300e+02 	 5.810165e+00
6.875740e+02 	 5.986949e+00
6.880180e+02 	 5.975096e+00
6.884620e+02 	 6.919976e+00
6.889060e+02 	 6.246029e+00
6.893490e+02 	 6.782816e+00
6.897930e+02 	 6.472936e+00
6.902370e+02 	 6.801781e+00
6.906810e+02 	 5.695696e+00
6.911250e+02 	 6.588421e+00
6.915690e+02 	 6.389963e+00
6.920130e+02 	 6.728968e+00
6.924570e+02 	 6.338147e+00
6.929000e+02 	 6.395720e+00
6.933440e+02 	 5.556504e+00
6.937880e+02 	 5.886704e+00
6.942320e+02 	 5.693664e+00
6.946760e+02 	 5.445760e+00
6.951200e+02 	 6.046555e+00
6.955630e+02 	 6.209453e+00
6.960070e+02 	 5.508413e+00
6.964510e+02 	 5.698744e+00
6.968950e+02 	 6.588760e+00
6.973390e+02 	 6.918283e+00
6.977820e+02 	 6.636851e+00
6.982260e+02 	 6.917605e+00
6.986700e+02 	 6.398768e+00
6.991140e+02 	 6.593840e+00
6.995570e+02 	 6.313763e+00
7.000010e+02 	 6.336115e+00
7.004450e+02 	 6.018107e+00
7.008890e+02 	 6.142059e+00
7.013320e+02 	 5.797635e+00
7.017760e+02 	 6.255851e+00
7.022200e+02 	 5.704501e+00
7.026640e+02 	 6.737773e+00
7.031070e+02 	 5.577840e+00
7.035510e+02 	 5.734643e+00
