# s/Rn  Cp(CFD)  Cp(Newton)  x(m)  y(m)
0.0183584 1.80894 1.80833 -1.005340e-02 1.756455e-04
0.053491 1.80395 1.80377 -1.004114e-02 5.267585e-04
0.0886307 1.7954 1.79477 -1.001664e-02 8.773001e-04
0.123777 1.78179 1.78137 -9.979935e-03 1.226843e-03
0.15893 1.76407 1.76363 -9.931063e-03 1.574962e-03
0.19409 1.74174 1.74165 -9.870091e-03 1.921231e-03
0.229256 1.71525 1.71552 -9.797094e-03 2.265230e-03
0.264428 1.68465 1.68538 -9.712165e-03 2.606539e-03
0.299605 1.65032 1.65137 -9.615407e-03 2.944742e-03
0.334787 1.61254 1.61365 -9.506943e-03 3.279427e-03
0.369974 1.57167 1.57243 -9.386904e-03 3.610187e-03
0.405165 1.52803 1.52789 -9.255441e-03 3.936617e-03
0.440359 1.48195 1.48025 -9.112714e-03 4.258320e-03
0.475556 1.43371 1.42977 -8.958899e-03 4.574904e-03
0.510756 1.38357 1.37667 -8.794185e-03 4.885983e-03
0.545957 1.33182 1.32124 -8.618775e-03 5.191179e-03
0.581159 1.27871 1.26374 -8.432884e-03 5.490120e-03
0.616362 1.22452 1.20446 -8.236739e-03 5.782440e-03
0.651565 1.16953 1.14369 -8.030582e-03 6.067785e-03
0.686767 1.114 1.08173 -7.814664e-03 6.345807e-03
0.721967 1.05892 1.01891 -7.589250e-03 6.616167e-03
0.757165 1.00377 0.955515 -7.354615e-03 6.878537e-03
0.792361 0.949158 0.891877 -7.111047e-03 7.132596e-03
0.827553 0.894799 0.828306 -6.858842e-03 7.378036e-03
0.862741 0.842749 0.76512 -6.598309e-03 7.614557e-03
0.897924 0.79009 0.702632 -6.329765e-03 7.841873e-03
0.933103 0.738103 0.641151 -6.053539e-03 8.059705e-03
0.968275 0.68726 0.580983 -5.769966e-03 8.267789e-03
1.00344 0.637937 0.522426 -5.479394e-03 8.465872e-03
1.0386 0.590416 0.465767 -5.182175e-03 8.653712e-03
1.07376 0.544671 0.411288 -4.878672e-03 8.831080e-03
1.1089 0.501708 0.359256 -4.569255e-03 8.997760e-03
1.14404 0.461358 0.309928 -4.254301e-03 9.153548e-03
1.17917 0.423326 0.263545 -3.934192e-03 9.298255e-03
1.21429 0.386781 0.220335 -3.609320e-03 9.431702e-03
1.2494 0.351979 0.180508 -3.280078e-03 9.553728e-03
1.28451 0.319178 0.144258 -2.946869e-03 9.664183e-03
1.3196 0.288263 0.111762 -2.610097e-03 9.762930e-03
1.35469 0.259503 0.0831762 -2.270172e-03 9.849849e-03
1.38976 0.232723 0.0586389 -1.927509e-03 9.924831e-03
1.44897 0.208545 0.0545463 -1.345408e-03 1.003309e-02
1.53204 0.208049 0.0545463 -5.278969e-04 1.018042e-02
1.61511 0.213402 0.0545463 2.896166e-04 1.032775e-02
1.69818 0.218462 0.0545463 1.107132e-03 1.047508e-02
1.78125 0.221524 0.0545463 1.924650e-03 1.062242e-02
1.86432 0.221401 0.0545463 2.742171e-03 1.076975e-02
1.94738 0.220517 0.0545463 3.559693e-03 1.091708e-02
2.03045 0.217834 0.0545463 4.377216e-03 1.106442e-02
2.11352 0.214171 0.0545463 5.194742e-03 1.121175e-02
2.19659 0.211182 0.0545463 6.012269e-03 1.135908e-02
2.27966 0.208813 0.0545463 6.829797e-03 1.150642e-02
2.36273 0.208932 0.0545463 7.647327e-03 1.165375e-02
2.4458 0.210115 0.0545463 8.464858e-03 1.180109e-02
2.52887 0.212048 0.0545463 9.282390e-03 1.194842e-02
2.61194 0.213603 0.0545463 1.009992e-02 1.209576e-02
2.69501 0.214773 0.0545463 1.091746e-02 1.224309e-02
2.77808 0.214845 0.0545463 1.173499e-02 1.239043e-02
2.86116 0.214379 0.0545463 1.255253e-02 1.253776e-02
2.94423 0.212964 0.0545463 1.337007e-02 1.268510e-02
3.0273 0.210385 0.0545463 1.418761e-02 1.283243e-02
3.11037 0.207721 0.0545463 1.500514e-02 1.297977e-02
3.19344 0.205328 0.0545463 1.582268e-02 1.312710e-02
3.27651 0.203681 0.0545463 1.664022e-02 1.327444e-02
3.35958 0.202384 0.0545463 1.745776e-02 1.342178e-02
3.44265 0.201683 0.0545463 1.827531e-02 1.356911e-02
3.52572 0.201094 0.0545463 1.909285e-02 1.371645e-02
3.60879 0.200483 0.0545463 1.991039e-02 1.386379e-02
3.69187 0.199747 0.0545463 2.072793e-02 1.401112e-02
3.77494 0.198831 0.0545463 2.154548e-02 1.415846e-02
3.85801 0.197726 0.0545463 2.236302e-02 1.430580e-02
3.94108 0.196501 0.0545463 2.318057e-02 1.445313e-02
4.02415 0.195216 0.0545463 2.399811e-02 1.460047e-02
4.10722 0.193977 0.0545463 2.481566e-02 1.474781e-02
4.1903 0.192812 0.0545463 2.563321e-02 1.489515e-02
4.27337 0.191719 0.0545463 2.645075e-02 1.504248e-02
4.35644 0.190667 0.0545463 2.726830e-02 1.518982e-02
4.43951 0.189619 0.0545463 2.808585e-02 1.533716e-02
4.52258 0.188545 0.0545463 2.890339e-02 1.548450e-02
4.60565 0.187411 0.0545463 2.972094e-02 1.563183e-02
4.68873 0.186218 0.0545463 3.053849e-02 1.577917e-02
4.7718 0.185009 0.0545463 3.135604e-02 1.592651e-02
4.85487 0.183834 0.0545463 3.217359e-02 1.607385e-02
4.93794 0.182738 0.0545463 3.299114e-02 1.622119e-02
5.02101 0.181719 0.0545463 3.380869e-02 1.636852e-02
5.10409 0.180755 0.0545463 3.462624e-02 1.651586e-02
5.18716 0.17982 0.0545463 3.544379e-02 1.666320e-02
5.27023 0.178891 0.0545463 3.626134e-02 1.681054e-02
5.3533 0.177948 0.0545463 3.707889e-02 1.695788e-02
5.43637 0.176973 0.0545463 3.789644e-02 1.710521e-02
5.51945 0.175957 0.0545463 3.871399e-02 1.725255e-02
5.60252 0.174914 0.0545463 3.953154e-02 1.739989e-02
5.68559 0.173842 0.0545463 4.034909e-02 1.754723e-02
5.76866 0.172778 0.0545463 4.116665e-02 1.769457e-02
5.85174 0.17176 0.0545463 4.198420e-02 1.784190e-02
5.93481 0.17079 0.0545463 4.280175e-02 1.798924e-02
6.01788 0.169882 0.0545463 4.361930e-02 1.813658e-02
6.10095 0.169052 0.0545463 4.443685e-02 1.828392e-02
6.18403 0.168291 0.0545463 4.525441e-02 1.843126e-02
6.2671 0.167587 0.0545463 4.607196e-02 1.857860e-02
6.35017 0.166927 0.0545463 4.688951e-02 1.872594e-02
6.43324 0.166301 0.0545463 4.770707e-02 1.887327e-02
6.51631 0.165701 0.0545463 4.852462e-02 1.902061e-02
6.59939 0.165118 0.0545463 4.934217e-02 1.916795e-02
6.68246 0.164544 0.0545463 5.015973e-02 1.931529e-02
6.76553 0.163963 0.0545463 5.097728e-02 1.946263e-02
6.8486 0.163367 0.0545463 5.179483e-02 1.960997e-02
6.93168 0.162755 0.0545463 5.261239e-02 1.975731e-02
7.01475 0.162102 0.0545463 5.342994e-02 1.990464e-02
7.09782 0.161387 0.0545463 5.424750e-02 2.005198e-02
7.18089 0.160596 0.0545463 5.506505e-02 2.019932e-02
7.26397 0.159727 0.0545463 5.588260e-02 2.034666e-02
7.34704 0.158781 0.0545463 5.670016e-02 2.049400e-02
7.43011 0.157777 0.0545463 5.751771e-02 2.064134e-02
7.51318 0.156702 0.0545463 5.833527e-02 2.078868e-02
7.59626 0.155604 0.0545463 5.915282e-02 2.093602e-02
7.67933 0.154474 0.0545463 5.997038e-02 2.108335e-02
7.7624 0.153343 0.0545463 6.078793e-02 2.123069e-02
7.84547 0.152247 0.0545463 6.160549e-02 2.137803e-02
7.92855 0.151204 0.0545463 6.242304e-02 2.152537e-02
8.01162 0.150228 0.0545463 6.324060e-02 2.167271e-02
8.09469 0.149336 0.0545463 6.405815e-02 2.182005e-02
8.17776 0.148531 0.0545463 6.487571e-02 2.196739e-02
8.26084 0.147843 0.0545463 6.569327e-02 2.211473e-02
8.34391 0.147247 0.0545463 6.651082e-02 2.226207e-02
8.42698 0.146789 0.0545463 6.732838e-02 2.240941e-02
8.51005 0.146393 0.0545463 6.814593e-02 2.255674e-02
8.59313 0.146174 0.0545463 6.896349e-02 2.270408e-02
8.6762 0.145992 0.0545463 6.978105e-02 2.285142e-02
8.75927 0.145897 0.0545463 7.059860e-02 2.299876e-02
8.84235 0.145828 0.0545463 7.141616e-02 2.314610e-02
8.92542 0.14578 0.0545463 7.223371e-02 2.329344e-02
9.00849 0.145735 0.0545463 7.305127e-02 2.344078e-02
9.09156 0.145687 0.0545463 7.386883e-02 2.358812e-02
9.17464 0.145635 0.0545463 7.468638e-02 2.373546e-02
9.25771 0.145574 0.0545463 7.550394e-02 2.388280e-02
9.34078 0.145501 0.0545463 7.632150e-02 2.403014e-02
9.42385 0.145415 0.0545463 7.713905e-02 2.417747e-02
9.50693 0.145306 0.0545463 7.795661e-02 2.432481e-02
9.59 0.145199 0.0545463 7.877417e-02 2.447215e-02
9.67307 0.144943 0.0545463 7.959172e-02 2.461949e-02
