# Variables: pos.x pos.y pos.z volume rho vel.x vel.y vel.z p a mu k[0] mu_t k_t S tke omega massf[0] massf[1] dt_chem e[0] T[0]
 -1.980000e-05 5.500000e-02 0.000000e+00 4.000000e-09 1.233246e+00 8.457767e-05 -1.272115e-08 0.000000e+00 1.000004e+05 3.368959e+02 1.717017e-05 2.411657e-02 0.000000e+00 0.000000e+00 0.000000e+00 0.000000e+00 1.000000e+00 9.999915e-01 8.508963e-06 -1.000000e+00 -1.070167e+05 2.732051e+02
 -1.940000e-05 5.500000e-02 0.000000e+00 4.000000e-09 1.233245e+00 2.699235e-04 -1.477261e-08 0.000000e+00 1.000004e+05 3.368960e+02 1.717018e-05 2.411659e-02 0.000000e+00 0.000000e+00 0.000000e+00 0.000000e+00 1.000000e+00 9.999901e-01 9.949306e-06 -1.000000e+00 -1.070165e+05 2.732053e+02
 -1.900000e-05 5.500000e-02 0.000000e+00 4.000000e-09 1.233243e+00 4.621010e-04 -3.185961e-08 0.000000e+00 1.000004e+05 3.368962e+02 1.717020e-05 2.411662e-02 0.000000e+00 0.000000e+00 0.000000e+00 0.000000e+00 1.000000e+00 9.999870e-01 1.299560e-05 -1.000000e+00 -1.070162e+05 2.732057e+02
 -1.860000e-05 5.500000e-02 0.000000e+00 4.000000e-09 1.233241e+00 6.704938e-04 -4.137657e-08 0.000000e+00 1.000004e+05 3.368965e+02 1.717024e-05 2.411668e-02 0.000000e+00 0.000000e+00 0.000000e+00 0.000000e+00 1.000000e+00 9.999819e-01 1.807259e-05 -1.000000e+00 -1.070156e+05 2.732064e+02
 -1.820000e-05 5.500000e-02 0.000000e+00 4.000000e-09 1.233237e+00 9.030501e-04 -4.044030e-08 0.000000e+00 1.000003e+05 3.368969e+02 1.717028e-05 2.411676e-02 0.000000e+00 0.000000e+00 0.000000e+00 0.000000e+00 1.000000e+00 9.999742e-01 2.584747e-05 -1.000000e+00 -1.070148e+05 2.732074e+02
 -1.780000e-05 5.500000e-02 0.000000e+00 4.000000e-09 1.233233e+00 1.167227e-03 -3.777533e-08 0.000000e+00 1.000002e+05 3.368973e+02 1.717034e-05 2.411685e-02 0.000000e+00 0.000000e+00 0.000000e+00 0.000000e+00 1.000000e+00 9.999627e-01 3.730512e-05 -1.000000e+00 -1.070137e+05 2.732086e+02
 -1.740000e-05 5.500000e-02 0.000000e+00 4.000000e-09 1.233228e+00 1.471825e-03 -4.126139e-08 0.000000e+00 1.000002e+05 3.368979e+02 1.717042e-05 2.411698e-02 0.000000e+00 0.000000e+00 0.000000e+00 0.000000e+00 1.000000e+00 9.999462e-01 5.384229e-05 -1.000000e+00 -1.070123e+05 2.732101e+02
 -1.700000e-05 5.500000e-02 0.000000e+00 4.000000e-09 1.233223e+00 1.826276e-03 -4.100474e-08 0.000000e+00 1.000001e+05 3.368985e+02 1.717052e-05 2.411713e-02 0.000000e+00 0.000000e+00 0.000000e+00 0.000000e+00 1.000000e+00 9.999226e-01 7.739144e-05 -1.000000e+00 -1.070105e+05 2.732120e+02
 -1.660000e-05 5.500000e-02 0.000000e+00 4.000000e-09 1.233217e+00 2.239818e-03 -3.792382e-08 0.000000e+00 9.999998e+04 3.368991e+02 1.717063e-05 2.411732e-02 0.000000e+00 0.000000e+00 0.000000e+00 0.000000e+00 1.000000e+00 9.998894e-01 1.105820e-04 -1.000000e+00 -1.070083e+05 2.732143e+02
 -1.620000e-05 5.500000e-02 0.000000e+00 4.000000e-09 1.233211e+00 2.715844e-03 -2.369316e-08 0.000000e+00 9.999985e+04 3.368996e+02 1.717077e-05 2.411754e-02 0.000000e+00 0.000000e+00 0.000000e+00 0.000000e+00 1.000000e+00 9.998431e-01 1.569460e-04 -1.000000e+00 -1.070056e+05 2.732170e+02
 -1.580000e-05 5.500000e-02 0.000000e+00 4.000000e-09 1.233206e+00 3.253681e-03 3.043368e-09 0.000000e+00 9.999970e+04 3.369001e+02 1.717093e-05 2.411781e-02 0.000000e+00 0.000000e+00 0.000000e+00 0.000000e+00 1.000000e+00 9.997788e-01 2.211765e-04 -1.000000e+00 -1.070022e+05 2.732203e+02
 -1.540000e-05 5.500000e-02 0.000000e+00 4.000000e-09 1.233202e+00 3.824354e-03 -1.125757e-08 0.000000e+00 9.999952e+04 3.369002e+02 1.717112e-05 2.411812e-02 0.000000e+00 0.000000e+00 0.000000e+00 0.000000e+00 1.000000e+00 9.996906e-01 3.094453e-04 -1.000000e+00 -1.069980e+05 2.732241e+02
 -1.500000e-05 5.500000e-02 0.000000e+00 4.000000e-09 1.233201e+00 4.649236e-03 -9.995251e-10 0.000000e+00 9.999931e+04 3.369000e+02 1.717135e-05 2.411849e-02 0.000000e+00 0.000000e+00 0.000000e+00 0.000000e+00 1.000000e+00 9.995702e-01 4.297901e-04 -1.000000e+00 -1.069929e+05 2.732286e+02
 -1.460000e-05 5.500000e-02 0.000000e+00 4.000000e-09 1.233204e+00 5.539655e-03 -2.652042e-10 0.000000e+00 9.999908e+04 3.368992e+02 1.717161e-05 2.411891e-02 0.000000e+00 0.000000e+00 0.000000e+00 0.000000e+00 1.000000e+00 9.994074e-01 5.925760e-04 -1.000000e+00 -1.069866e+05 2.732337e+02
 -1.420000e-05 5.500000e-02 0.000000e+00 4.000000e-09 1.233212e+00 6.399298e-03 6.866904e-09 0.000000e+00 9.999881e+04 3.368975e+02 1.717191e-05 2.411940e-02 0.000000e+00 0.000000e+00 0.000000e+00 0.000000e+00 1.000000e+00 9.991890e-01 8.110395e-04 -1.000000e+00 -1.069788e+05 2.732397e+02
 -1.380000e-05 5.500000e-02 0.000000e+00 4.000000e-09 1.233229e+00 7.348551e-03 9.179877e-10 0.000000e+00 9.999851e+04 3.368946e+02 1.717226e-05 2.411997e-02 0.000000e+00 0.000000e+00 0.000000e+00 0.000000e+00 1.000000e+00 9.988981e-01 1.101917e-03 -1.000000e+00 -1.069694e+05 2.732464e+02
 -1.340000e-05 5.500000e-02 0.000000e+00 4.000000e-09 1.233258e+00 8.370956e-03 2.897577e-09 0.000000e+00 9.999816e+04 3.368899e+02 1.717265e-05 2.412061e-02 0.000000e+00 0.000000e+00 0.000000e+00 0.000000e+00 1.000000e+00 9.985138e-01 1.486156e-03 -1.000000e+00 -1.069579e+05 2.732541e+02
 -1.300000e-05 5.500000e-02 0.000000e+00 4.000000e-09 1.233304e+00 9.452349e-03 3.172643e-10 0.000000e+00 9.999779e+04 3.368829e+02 1.717310e-05 2.412133e-02 0.000000e+00 0.000000e+00 0.000000e+00 0.000000e+00 1.000000e+00 9.980103e-01 1.989712e-03 -1.000000e+00 -1.069438e+05 2.732628e+02
 -1.260000e-05 5.500000e-02 0.000000e+00 4.000000e-09 1.233371e+00 1.058786e-02 1.018964e-08 0.000000e+00 9.999738e+04 3.368728e+02 1.717360e-05 2.412214e-02 0.000000e+00 0.000000e+00 0.000000e+00 0.000000e+00 1.000000e+00 9.973556e-01 2.644406e-03 -1.000000e+00 -1.069267e+05 2.732724e+02
 -1.220000e-05 5.500000e-02 0.000000e+00 4.000000e-09 1.233467e+00 1.175537e-02 3.903247e-09 0.000000e+00 9.999693e+04 3.368587e+02 1.717416e-05 2.412305e-02 0.000000e+00 0.000000e+00 0.000000e+00 0.000000e+00 1.000000e+00 9.965112e-01 3.488831e-03 -1.000000e+00 -1.069059e+05 2.732831e+02
 -1.180000e-05 5.500000e-02 0.000000e+00 4.000000e-09 1.233599e+00 1.293840e-02 2.443959e-08 0.000000e+00 9.999645e+04 3.368395e+02 1.717478e-05 2.412405e-02 0.000000e+00 0.000000e+00 0.000000e+00 0.000000e+00 1.000000e+00 9.954307e-01 4.569287e-03 -1.000000e+00 -1.068808e+05 2.732949e+02
 -1.140000e-05 5.500000e-02 0.000000e+00 4.000000e-09 1.233778e+00 1.410552e-02 1.954019e-08 0.000000e+00 9.999594e+04 3.368137e+02 1.717547e-05 2.412515e-02 0.000000e+00 0.000000e+00 0.000000e+00 0.000000e+00 1.000000e+00 9.940593e-01 5.940683e-03 -1.000000e+00 -1.068504e+05 2.733077e+02
 -1.100000e-05 5.500000e-02 0.000000e+00 4.000000e-09 1.234016e+00 1.522032e-02 3.272488e-08 0.000000e+00 9.999541e+04 3.367799e+02 1.717621e-05 2.412636e-02 0.000000e+00 0.000000e+00 0.000000e+00 0.000000e+00 1.000000e+00 9.923326e-01 7.667380e-03 -1.000000e+00 -1.068139e+05 2.733215e+02
 -1.060000e-05 5.500000e-02 0.000000e+00 4.000000e-09 1.234325e+00 1.624061e-02 2.488498e-08 0.000000e+00 9.999486e+04 3.367361e+02 1.717702e-05 2.412765e-02 0.000000e+00 0.000000e+00 0.000000e+00 0.000000e+00 1.000000e+00 9.901761e-01 9.823896e-03 -1.000000e+00 -1.067702e+05 2.733362e+02
 -1.020000e-05 5.500000e-02 0.000000e+00 4.000000e-09 1.234722e+00 1.711821e-02 4.569046e-08 0.000000e+00 9.999430e+04 3.366802e+02 1.717788e-05 2.412904e-02 0.000000e+00 0.000000e+00 0.000000e+00 0.000000e+00 1.000000e+00 9.875046e-01 1.249541e-02 -1.000000e+00 -1.067181e+05 2.733518e+02
 -9.800000e-06 5.500000e-02 0.000000e+00 4.000000e-09 1.235224e+00 1.780525e-02 4.942028e-08 0.000000e+00 9.999373e+04 3.366097e+02 1.717881e-05 2.413052e-02 0.000000e+00 0.000000e+00 0.000000e+00 0.000000e+00 1.000000e+00 9.842220e-01 1.577798e-02 -1.000000e+00 -1.066562e+05 2.733681e+02
 -9.400000e-06 5.500000e-02 0.000000e+00 4.000000e-09 1.235853e+00 1.825214e-02 7.200814e-08 0.000000e+00 9.999316e+04 3.365219e+02 1.717977e-05 2.413207e-02 0.000000e+00 0.000000e+00 0.000000e+00 0.000000e+00 1.000000e+00 9.802216e-01 1.977840e-02 -1.000000e+00 -1.065830e+05 2.733848e+02
 -9.000000e-06 5.500000e-02 0.000000e+00 4.000000e-09 1.236630e+00 1.844560e-02 6.737988e-08 0.000000e+00 9.999260e+04 3.364136e+02 1.718078e-05 2.413367e-02 0.000000e+00 0.000000e+00 0.000000e+00 0.000000e+00 1.000000e+00 9.753864e-01 2.461358e-02 -1.000000e+00 -1.064970e+05 2.734018e+02
 -8.600000e-06 5.500000e-02 0.000000e+00 4.000000e-09 1.237578e+00 1.833931e-02 8.686573e-08 0.000000e+00 9.999192e+04 3.362818e+02 1.718182e-05 2.413532e-02 0.000000e+00 0.000000e+00 0.000000e+00 0.000000e+00 1.000000e+00 9.695906e-01 3.040943e-02 -1.000000e+00 -1.063965e+05 2.734187e+02
 -8.200000e-06 5.500000e-02 0.000000e+00 4.000000e-09 1.238727e+00 1.775481e-02 9.160935e-08 0.000000e+00 9.999147e+04 3.361227e+02 1.718287e-05 2.413698e-02 0.000000e+00 0.000000e+00 0.000000e+00 0.000000e+00 1.000000e+00 9.627009e-01 3.729909e-02 -1.000000e+00 -1.062796e+05 2.734353e+02
 -7.800000e-06 5.500000e-02 0.000000e+00 4.000000e-09 1.240102e+00 1.687186e-02 9.244273e-08 0.000000e+00 9.999094e+04 3.359329e+02 1.718393e-05 2.413864e-02 0.000000e+00 0.000000e+00 0.000000e+00 0.000000e+00 1.000000e+00 9.545794e-01 4.542055e-02 -1.000000e+00 -1.061446e+05 2.734512e+02
 -7.400000e-06 5.500000e-02 0.000000e+00 4.000000e-09 1.241733e+00 1.547211e-02 6.989530e-08 0.000000e+00 9.999054e+04 3.357085e+02 1.718497e-05 2.414027e-02 0.000000e+00 0.000000e+00 0.000000e+00 0.000000e+00 1.000000e+00 9.450864e-01 5.491359e-02 -1.000000e+00 -1.059896e+05 2.734660e+02
 -7.000000e-06 5.500000e-02 0.000000e+00 4.000000e-09 1.243648e+00 1.366265e-02 2.871161e-08 0.000000e+00 9.999015e+04 3.354458e+02 1.718598e-05 2.414184e-02 0.000000e+00 0.000000e+00 0.000000e+00 0.000000e+00 1.000000e+00 9.340840e-01 6.591603e-02 -1.000000e+00 -1.058129e+05 2.734792e+02
 -6.600000e-06 5.500000e-02 0.000000e+00 4.000000e-09 1.245875e+00 1.135193e-02 -3.896055e-08 0.000000e+00 9.998986e+04 3.351412e+02 1.718694e-05 2.414330e-02 0.000000e+00 0.000000e+00 0.000000e+00 0.000000e+00 1.000000e+00 9.214405e-01 7.855947e-02 -1.000000e+00 -1.056127e+05 2.734905e+02
 -6.200000e-06 5.500000e-02 0.000000e+00 4.000000e-09 1.248443e+00 8.607283e-03 -1.164859e-07 0.000000e+00 9.998964e+04 3.347914e+02 1.718781e-05 2.414464e-02 0.000000e+00 0.000000e+00 0.000000e+00 0.000000e+00 1.000000e+00 9.070355e-01 9.296453e-02 -1.000000e+00 -1.053876e+05 2.734994e+02
 -5.800000e-06 5.500000e-02 0.000000e+00 4.000000e-09 1.251376e+00 5.420233e-03 -2.073250e-07 0.000000e+00 9.998953e+04 3.343934e+02 1.718859e-05 2.414580e-02 0.000000e+00 0.000000e+00 0.000000e+00 0.000000e+00 1.000000e+00 8.907643e-01 1.092357e-01 -1.000000e+00 -1.051362e+05 2.735054e+02
 -5.400000e-06 5.500000e-02 0.000000e+00 4.000000e-09 1.254696e+00 1.851111e-03 -3.252026e-07 0.000000e+00 9.998953e+04 3.339448e+02 1.718925e-05 2.414676e-02 0.000000e+00 0.000000e+00 0.000000e+00 0.000000e+00 1.000000e+00 8.725437e-01 1.274563e-01 -1.000000e+00 -1.048576e+05 2.735083e+02
 -5.000000e-06 5.500000e-02 0.000000e+00 4.000000e-09 1.258423e+00 -2.048459e-03 -4.473560e-07 0.000000e+00 9.998965e+04 3.334436e+02 1.718976e-05 2.414747e-02 0.000000e+00 0.000000e+00 0.000000e+00 0.000000e+00 1.000000e+00 8.523166e-01 1.476834e-01 -1.000000e+00 -1.045512e+05 2.735076e+02
 -4.600000e-06 5.500000e-02 0.000000e+00 4.000000e-09 1.262568e+00 -6.201936e-03 -5.442440e-07 0.000000e+00 9.998989e+04 3.328890e+02 1.719011e-05 2.414791e-02 0.000000e+00 0.000000e+00 0.000000e+00 0.000000e+00 1.000000e+00 8.300570e-01 1.699430e-01 -1.000000e+00 -1.042168e+05 2.735030e+02
 -4.200000e-06 5.500000e-02 0.000000e+00 4.000000e-09 1.267139e+00 -1.051978e-02 -5.931196e-07 0.000000e+00 9.999026e+04 3.322806e+02 1.719027e-05 2.414804e-02 0.000000e+00 0.000000e+00 0.000000e+00 0.000000e+00 1.000000e+00 8.057734e-01 1.942266e-01 -1.000000e+00 -1.038545e+05 2.734944e+02
 -3.800000e-06 5.500000e-02 0.000000e+00 4.000000e-09 1.272137e+00 -1.489881e-02 -5.643843e-07 0.000000e+00 9.999076e+04 3.316195e+02 1.719023e-05 2.414783e-02 0.000000e+00 0.000000e+00 0.000000e+00 0.000000e+00 1.000000e+00 7.795120e-01 2.204880e-01 -1.000000e+00 -1.034651e+05 2.734817e+02
 -3.400000e-06 5.500000e-02 0.000000e+00 4.000000e-09 1.277556e+00 -1.922407e-02 -4.091309e-07 0.000000e+00 9.999139e+04 3.309073e+02 1.718997e-05 2.414728e-02 0.000000e+00 0.000000e+00 0.000000e+00 0.000000e+00 1.000000e+00 7.513582e-01 2.486418e-01 -1.000000e+00 -1.030500e+05 2.734647e+02
 -3.000000e-06 5.500000e-02 0.000000e+00 4.000000e-09 1.283380e+00 -2.337675e-02 -9.401759e-08 0.000000e+00 9.999215e+04 3.301470e+02 1.718948e-05 2.414636e-02 0.000000e+00 0.000000e+00 0.000000e+00 0.000000e+00 1.000000e+00 7.214373e-01 2.785627e-01 -1.000000e+00 -1.026110e+05 2.734435e+02
 -2.600000e-06 5.500000e-02 0.000000e+00 4.000000e-09 1.289587e+00 -2.723302e-02 4.123865e-07 0.000000e+00 9.999303e+04 3.293425e+02 1.718876e-05 2.414506e-02 0.000000e+00 0.000000e+00 0.000000e+00 0.000000e+00 1.000000e+00 6.899127e-01 3.100873e-01 -1.000000e+00 -1.021502e+05 2.734185e+02
 -2.200000e-06 5.500000e-02 0.000000e+00 4.000000e-09 1.296146e+00 -3.068522e-02 1.086074e-06 0.000000e+00 9.999402e+04 3.284987e+02 1.718781e-05 2.414340e-02 0.000000e+00 0.000000e+00 0.000000e+00 0.000000e+00 1.000000e+00 6.569840e-01 3.430160e-01 -1.000000e+00 -1.016706e+05 2.733898e+02
 -1.800000e-06 5.500000e-02 0.000000e+00 4.000000e-09 1.303020e+00 -3.361115e-02 1.794706e-06 0.000000e+00 9.999512e+04 3.276214e+02 1.718663e-05 2.414139e-02 0.000000e+00 0.000000e+00 0.000000e+00 0.000000e+00 1.000000e+00 6.228823e-01 3.771177e-01 -1.000000e+00 -1.011752e+05 2.733578e+02
 -1.400000e-06 5.500000e-02 0.000000e+00 4.000000e-09 1.310162e+00 -3.595611e-02 2.271820e-06 0.000000e+00 9.999627e+04 3.267173e+02 1.718524e-05 2.413905e-02 0.000000e+00 0.000000e+00 0.000000e+00 0.000000e+00 1.000000e+00 5.878651e-01 4.121349e-01 -1.000000e+00 -1.006676e+05 2.733231e+02
 -1.000000e-06 5.500000e-02 0.000000e+00 4.000000e-09 1.317522e+00 -3.758206e-02 2.213807e-06 0.000000e+00 9.999755e+04 3.257934e+02 1.718365e-05 2.413641e-02 0.000000e+00 0.000000e+00 0.000000e+00 0.000000e+00 1.000000e+00 5.522101e-01 4.477899e-01 -1.000000e+00 -1.001516e+05 2.732863e+02
 -6.000000e-07 5.500000e-02 0.000000e+00 4.000000e-09 1.325040e+00 -3.856968e-02 1.372909e-06 0.000000e+00 9.999874e+04 3.248575e+02 1.718189e-05 2.413351e-02 0.000000e+00 0.000000e+00 0.000000e+00 0.000000e+00 1.000000e+00 5.162079e-01 4.837921e-01 -1.000000e+00 -9.963108e+04 2.732479e+02
 -2.000000e-07 5.500000e-02 0.000000e+00 4.000000e-09 1.332662e+00 -3.878811e-02 -1.192372e-07 0.000000e+00 1.000003e+05 3.239173e+02 1.718000e-05 2.413041e-02 0.000000e+00 0.000000e+00 0.000000e+00 0.000000e+00 1.000000e+00 4.801549e-01 5.198451e-01 -1.000000e+00 -9.911009e+04 2.732087e+02
 2.000000e-07 5.500000e-02 0.000000e+00 4.000000e-09 1.340315e+00 -3.825046e-02 -1.553298e-06 0.000000e+00 1.000016e+05 3.229809e+02 1.717799e-05 2.412716e-02 0.000000e+00 0.000000e+00 0.000000e+00 0.000000e+00 1.000000e+00 4.443457e-01 5.556543e-01 -1.000000e+00 -9.859259e+04 2.731694e+02
 6.000000e-07 5.500000e-02 0.000000e+00 4.000000e-09 1.347940e+00 -3.705353e-02 -2.232651e-06 0.000000e+00 1.000029e+05 3.220560e+02 1.717592e-05 2.412382e-02 0.000000e+00 0.000000e+00 0.000000e+00 0.000000e+00 1.000000e+00 4.090657e-01 5.909343e-01 -1.000000e+00 -9.808245e+04 2.731306e+02
 1.000000e-06 5.500000e-02 0.000000e+00 4.000000e-09 1.355472e+00 -3.517419e-02 -2.186556e-06 0.000000e+00 1.000042e+05 3.211499e+02 1.717383e-05 2.412046e-02 0.000000e+00 0.000000e+00 0.000000e+00 0.000000e+00 1.000000e+00 3.745847e-01 6.254153e-01 -1.000000e+00 -9.758330e+04 2.730932e+02
 1.400000e-06 5.500000e-02 0.000000e+00 4.000000e-09 1.362850e+00 -3.269376e-02 -1.602589e-06 0.000000e+00 1.000054e+05 3.202697e+02 1.717174e-05 2.411714e-02 0.000000e+00 0.000000e+00 0.000000e+00 0.000000e+00 1.000000e+00 3.411513e-01 6.588487e-01 -1.000000e+00 -9.709849e+04 2.730578e+02
 1.800000e-06 5.500000e-02 0.000000e+00 4.000000e-09 1.370015e+00 -2.968025e-02 -8.631261e-07 0.000000e+00 1.000066e+05 3.194215e+02 1.716971e-05 2.411391e-02 0.000000e+00 0.000000e+00 0.000000e+00 0.000000e+00 1.000000e+00 3.089873e-01 6.910127e-01 -1.000000e+00 -9.663105e+04 2.730249e+02
 2.200000e-06 5.500000e-02 0.000000e+00 4.000000e-09 1.376915e+00 -2.623832e-02 -2.079724e-07 0.000000e+00 1.000077e+05 3.186109e+02 1.716777e-05 2.411085e-02 0.000000e+00 0.000000e+00 0.000000e+00 0.000000e+00 1.000000e+00 2.782847e-01 7.217153e-01 -1.000000e+00 -9.618359e+04 2.729951e+02
 2.600000e-06 5.500000e-02 0.000000e+00 4.000000e-09 1.383503e+00 -2.246981e-02 2.479739e-07 0.000000e+00 1.000086e+05 3.178425e+02 1.716595e-05 2.410801e-02 0.000000e+00 0.000000e+00 0.000000e+00 0.000000e+00 1.000000e+00 2.492028e-01 7.507972e-01 -1.000000e+00 -9.575829e+04 2.729689e+02
 3.000000e-06 5.500000e-02 0.000000e+00 4.000000e-09 1.389739e+00 -1.848831e-02 4.952213e-07 0.000000e+00 1.000094e+05 3.171199e+02 1.716428e-05 2.410542e-02 0.000000e+00 0.000000e+00 0.000000e+00 0.000000e+00 1.000000e+00 2.218668e-01 7.781332e-01 -1.000000e+00 -9.535689e+04 2.729464e+02
 3.400000e-06 5.500000e-02 0.000000e+00 4.000000e-09 1.395593e+00 -1.440616e-02 5.756029e-07 0.000000e+00 1.000101e+05 3.164460e+02 1.716280e-05 2.410313e-02 0.000000e+00 0.000000e+00 0.000000e+00 0.000000e+00 1.000000e+00 1.963672e-01 8.036328e-01 -1.000000e+00 -9.498068e+04 2.729279e+02
 3.800000e-06 5.500000e-02 0.000000e+00 4.000000e-09 1.401040e+00 -1.033286e-02 5.454980e-07 0.000000e+00 1.000107e+05 3.158224e+02 1.716151e-05 2.410116e-02 0.000000e+00 0.000000e+00 0.000000e+00 0.000000e+00 1.000000e+00 1.727607e-01 8.272393e-01 -1.000000e+00 -9.463049e+04 2.729137e+02
 4.200000e-06 5.500000e-02 0.000000e+00 4.000000e-09 1.406064e+00 -6.369813e-03 4.562581e-07 0.000000e+00 1.000111e+05 3.152502e+02 1.716043e-05 2.409953e-02 0.000000e+00 0.000000e+00 0.000000e+00 0.000000e+00 1.000000e+00 1.510717e-01 8.489283e-01 -1.000000e+00 -9.430672e+04 2.729035e+02
 4.600000e-06 5.500000e-02 0.000000e+00 4.000000e-09 1.410659e+00 -2.604949e-03 3.424918e-07 0.000000e+00 1.000113e+05 3.147294e+02 1.715956e-05 2.409824e-02 0.000000e+00 0.000000e+00 0.000000e+00 0.000000e+00 1.000000e+00 1.312945e-01 8.687055e-01 -1.000000e+00 -9.400938e+04 2.728974e+02
 5.000000e-06 5.500000e-02 0.000000e+00 4.000000e-09 1.414824e+00 8.874192e-04 2.129144e-07 0.000000e+00 1.000114e+05 3.142593e+02 1.715891e-05 2.409731e-02 0.000000e+00 0.000000e+00 0.000000e+00 0.000000e+00 1.000000e+00 1.133965e-01 8.866035e-01 -1.000000e+00 -9.373813e+04 2.728952e+02
 5.400000e-06 5.500000e-02 0.000000e+00 4.000000e-09 1.418567e+00 4.049620e-03 8.849946e-08 0.000000e+00 1.000114e+05 3.138383e+02 1.715847e-05 2.409670e-02 0.000000e+00 0.000000e+00 0.000000e+00 0.000000e+00 1.000000e+00 9.732104e-02 9.026790e-01 -1.000000e+00 -9.349229e+04 2.728966e+02
 5.800000e-06 5.500000e-02 0.000000e+00 4.000000e-09 1.421900e+00 6.842778e-03 -9.238824e-09 0.000000e+00 1.000113e+05 3.134645e+02 1.715823e-05 2.409641e-02 0.000000e+00 0.000000e+00 0.000000e+00 0.000000e+00 1.000000e+00 8.299140e-02 9.170086e-01 -1.000000e+00 -9.327092e+04 2.729013e+02
 6.200000e-06 5.500000e-02 0.000000e+00 4.000000e-09 1.424843e+00 9.227445e-03 -7.347328e-08 0.000000e+00 1.000110e+05 3.131354e+02 1.715817e-05 2.409642e-02 0.000000e+00 0.000000e+00 0.000000e+00 0.000000e+00 1.000000e+00 7.031452e-02 9.296855e-01 -1.000000e+00 -9.307286e+04 2.729089e+02
 6.600000e-06 5.500000e-02 0.000000e+00 4.000000e-09 1.427416e+00 1.121309e-02 -1.198668e-07 0.000000e+00 1.000106e+05 3.128482e+02 1.715828e-05 2.409668e-02 0.000000e+00 0.000000e+00 0.000000e+00 0.000000e+00 1.000000e+00 5.918475e-02 9.408152e-01 -1.000000e+00 -9.289675e+04 2.729190e+02
 7.000000e-06 5.500000e-02 0.000000e+00 4.000000e-09 1.429646e+00 1.275949e-02 -1.392474e-07 0.000000e+00 1.000102e+05 3.125995e+02 1.715853e-05 2.409717e-02 0.000000e+00 0.000000e+00 0.000000e+00 0.000000e+00 1.000000e+00 4.948755e-02 9.505125e-01 -1.000000e+00 -9.274115e+04 2.729312e+02
 7.400000e-06 5.500000e-02 0.000000e+00 4.000000e-09 1.431561e+00 1.392428e-02 -1.444461e-07 0.000000e+00 1.000097e+05 3.123863e+02 1.715891e-05 2.409785e-02 0.000000e+00 0.000000e+00 0.000000e+00 0.000000e+00 1.000000e+00 4.110297e-02 9.588970e-01 -1.000000e+00 -9.260448e+04 2.729450e+02
 7.800000e-06 5.500000e-02 0.000000e+00 4.000000e-09 1.433189e+00 1.465998e-02 -1.282633e-07 0.000000e+00 1.000090e+05 3.122050e+02 1.715938e-05 2.409869e-02 0.000000e+00 0.000000e+00 0.000000e+00 0.000000e+00 1.000000e+00 3.390883e-02 9.660912e-01 -1.000000e+00 -9.248516e+04 2.729602e+02
 8.200000e-06 5.500000e-02 0.000000e+00 4.000000e-09 1.434561e+00 1.510039e-02 -1.061511e-07 0.000000e+00 1.000085e+05 3.120523e+02 1.715994e-05 2.409965e-02 0.000000e+00 0.000000e+00 0.000000e+00 0.000000e+00 1.000000e+00 2.778354e-02 9.722165e-01 -1.000000e+00 -9.238158e+04 2.729762e+02
 8.600000e-06 5.500000e-02 0.000000e+00 4.000000e-09 1.435703e+00 1.514373e-02 -8.666135e-08 0.000000e+00 1.000077e+05 3.119249e+02 1.716055e-05 2.410069e-02 0.000000e+00 0.000000e+00 0.000000e+00 0.000000e+00 1.000000e+00 2.260851e-02 9.773915e-01 -1.000000e+00 -9.229218e+04 2.729926e+02
 9.000000e-06 5.500000e-02 0.000000e+00 4.000000e-09 1.436647e+00 1.494642e-02 -7.792509e-08 0.000000e+00 1.000070e+05 3.118196e+02 1.716121e-05 2.410180e-02 0.000000e+00 0.000000e+00 0.000000e+00 0.000000e+00 1.000000e+00 1.827016e-02 9.817298e-01 -1.000000e+00 -9.221542e+04 2.730093e+02
 9.400000e-06 5.500000e-02 0.000000e+00 4.000000e-09 1.437417e+00 1.452812e-02 -6.347519e-08 0.000000e+00 1.000064e+05 3.117335e+02 1.716188e-05 2.410293e-02 0.000000e+00 0.000000e+00 0.000000e+00 0.000000e+00 1.000000e+00 1.466144e-02 9.853386e-01 -1.000000e+00 -9.214985e+04 2.730258e+02
 9.800000e-06 5.500000e-02 0.000000e+00 4.000000e-09 1.438038e+00 1.390605e-02 -5.285484e-08 0.000000e+00 1.000057e+05 3.116638e+02 1.716256e-05 2.410407e-02 0.000000e+00 0.000000e+00 0.000000e+00 0.000000e+00 1.000000e+00 1.168299e-02 9.883170e-01 -1.000000e+00 -9.209412e+04 2.730420e+02
 1.020000e-05 5.500000e-02 0.000000e+00 4.000000e-09 1.438533e+00 1.312983e-02 -4.402962e-08 0.000000e+00 1.000051e+05 3.116081e+02 1.716324e-05 2.410519e-02 0.000000e+00 0.000000e+00 0.000000e+00 0.000000e+00 1.000000e+00 9.243930e-03 9.907561e-01 -1.000000e+00 -9.204698e+04 2.730576e+02
 1.060000e-05 5.500000e-02 0.000000e+00 4.000000e-09 1.438923e+00 1.224284e-02 -3.066817e-08 0.000000e+00 1.000045e+05 3.115641e+02 1.716389e-05 2.410628e-02 0.000000e+00 0.000000e+00 0.000000e+00 0.000000e+00 1.000000e+00 7.262186e-03 9.927378e-01 -1.000000e+00 -9.200728e+04 2.730725e+02
 1.100000e-05 5.500000e-02 0.000000e+00 4.000000e-09 1.439226e+00 1.128365e-02 -1.781925e-08 0.000000e+00 1.000039e+05 3.115297e+02 1.716452e-05 2.410732e-02 0.000000e+00 0.000000e+00 0.000000e+00 0.000000e+00 1.000000e+00 5.664623e-03 9.943354e-01 -1.000000e+00 -9.197398e+04 2.730865e+02
 1.140000e-05 5.500000e-02 0.000000e+00 4.000000e-09 1.439457e+00 1.028604e-02 -1.104561e-09 0.000000e+00 1.000033e+05 3.115032e+02 1.716512e-05 2.410830e-02 0.000000e+00 0.000000e+00 0.000000e+00 0.000000e+00 1.000000e+00 4.386863e-03 9.956131e-01 -1.000000e+00 -9.194616e+04 2.730996e+02
 1.180000e-05 5.500000e-02 0.000000e+00 4.000000e-09 1.439631e+00 9.279767e-03 3.619600e-09 0.000000e+00 1.000028e+05 3.114832e+02 1.716568e-05 2.410922e-02 0.000000e+00 0.000000e+00 0.000000e+00 0.000000e+00 1.000000e+00 3.372909e-03 9.966271e-01 -1.000000e+00 -9.192299e+04 2.731116e+02
 1.220000e-05 5.500000e-02 0.000000e+00 4.000000e-09 1.439759e+00 8.289163e-03 5.841851e-09 0.000000e+00 1.000024e+05 3.114682e+02 1.716619e-05 2.411006e-02 0.000000e+00 0.000000e+00 0.000000e+00 0.000000e+00 1.000000e+00 2.574612e-03 9.974254e-01 -1.000000e+00 -9.190376e+04 2.731227e+02
 1.260000e-05 5.500000e-02 0.000000e+00 4.000000e-09 1.439850e+00 7.331114e-03 4.919320e-09 0.000000e+00 1.000020e+05 3.114574e+02 1.716666e-05 2.411084e-02 0.000000e+00 0.000000e+00 0.000000e+00 0.000000e+00 1.000000e+00 1.951042e-03 9.980490e-01 -1.000000e+00 -9.188784e+04 2.731327e+02
 1.300000e-05 5.500000e-02 0.000000e+00 4.000000e-09 1.439914e+00 6.424513e-03 2.937093e-09 0.000000e+00 1.000016e+05 3.114497e+02 1.716709e-05 2.411154e-02 0.000000e+00 0.000000e+00 0.000000e+00 0.000000e+00 1.000000e+00 1.467781e-03 9.985322e-01 -1.000000e+00 -9.187469e+04 2.731418e+02
 1.340000e-05 5.500000e-02 0.000000e+00 4.000000e-09 1.439956e+00 5.569805e-03 -7.035322e-11 0.000000e+00 1.000013e+05 3.114444e+02 1.716748e-05 2.411217e-02 0.000000e+00 0.000000e+00 0.000000e+00 0.000000e+00 1.000000e+00 1.096197e-03 9.989038e-01 -1.000000e+00 -9.186386e+04 2.731498e+02
 1.380000e-05 5.500000e-02 0.000000e+00 4.000000e-09 1.439983e+00 4.803333e-03 -2.370570e-11 0.000000e+00 1.000010e+05 3.114409e+02 1.716782e-05 2.411273e-02 0.000000e+00 0.000000e+00 0.000000e+00 0.000000e+00 1.000000e+00 8.127242e-04 9.991873e-01 -1.000000e+00 -9.185496e+04 2.731570e+02
 1.420000e-05 5.500000e-02 0.000000e+00 4.000000e-09 1.439998e+00 4.085043e-03 -4.053807e-09 0.000000e+00 1.000007e+05 3.114388e+02 1.716812e-05 2.411323e-02 0.000000e+00 0.000000e+00 0.000000e+00 0.000000e+00 1.000000e+00 5.981648e-04 9.994018e-01 -1.000000e+00 -9.184765e+04 2.731633e+02
 1.460000e-05 5.500000e-02 0.000000e+00 4.000000e-09 1.440004e+00 3.495323e-03 5.042902e-09 0.000000e+00 1.000005e+05 3.114376e+02 1.716839e-05 2.411367e-02 0.000000e+00 0.000000e+00 0.000000e+00 0.000000e+00 1.000000e+00 4.370376e-04 9.995630e-01 -1.000000e+00 -9.184166e+04 2.731688e+02
 1.500000e-05 5.500000e-02 0.000000e+00 4.000000e-09 1.440005e+00 2.756679e-03 -2.361705e-09 0.000000e+00 1.000004e+05 3.114371e+02 1.716862e-05 2.411405e-02 0.000000e+00 0.000000e+00 0.000000e+00 0.000000e+00 1.000000e+00 3.169832e-04 9.996830e-01 -1.000000e+00 -9.183675e+04 2.731736e+02
 1.540000e-05 5.500000e-02 0.000000e+00 4.000000e-09 1.440003e+00 2.280582e-03 1.920441e-09 0.000000e+00 1.000002e+05 3.114371e+02 1.716883e-05 2.411438e-02 0.000000e+00 0.000000e+00 0.000000e+00 0.000000e+00 1.000000e+00 2.282319e-04 9.997718e-01 -1.000000e+00 -9.183274e+04 2.731778e+02
 1.580000e-05 5.500000e-02 0.000000e+00 4.000000e-09 1.439998e+00 1.903390e-03 -5.199615e-10 0.000000e+00 1.000001e+05 3.114374e+02 1.716900e-05 2.411466e-02 0.000000e+00 0.000000e+00 0.000000e+00 0.000000e+00 1.000000e+00 1.631362e-04 9.998369e-01 -1.000000e+00 -9.182948e+04 2.731814e+02
 1.620000e-05 5.500000e-02 0.000000e+00 4.000000e-09 1.439993e+00 1.554996e-03 -1.561836e-08 0.000000e+00 1.000000e+05 3.114379e+02 1.716915e-05 2.411490e-02 0.000000e+00 0.000000e+00 0.000000e+00 0.000000e+00 1.000000e+00 1.157672e-04 9.998842e-01 -1.000000e+00 -9.182682e+04 2.731844e+02
 1.660000e-05 5.500000e-02 0.000000e+00 4.000000e-09 1.439986e+00 1.257183e-03 -2.151225e-08 0.000000e+00 9.999994e+04 3.114384e+02 1.716927e-05 2.411511e-02 0.000000e+00 0.000000e+00 0.000000e+00 0.000000e+00 1.000000e+00 8.157323e-05 9.999184e-01 -1.000000e+00 -9.182466e+04 2.731869e+02
 1.700000e-05 5.500000e-02 0.000000e+00 4.000000e-09 1.439980e+00 1.003701e-03 -3.535518e-08 0.000000e+00 9.999988e+04 3.114389e+02 1.716938e-05 2.411528e-02 0.000000e+00 0.000000e+00 0.000000e+00 0.000000e+00 1.000000e+00 5.709369e-05 9.999429e-01 -1.000000e+00 -9.182292e+04 2.731891e+02
 1.740000e-05 5.500000e-02 0.000000e+00 4.000000e-09 1.439974e+00 7.904383e-04 -4.439435e-08 0.000000e+00 9.999984e+04 3.114395e+02 1.716946e-05 2.411542e-02 0.000000e+00 0.000000e+00 0.000000e+00 0.000000e+00 1.000000e+00 3.972409e-05 9.999603e-01 -1.000000e+00 -9.182153e+04 2.731908e+02
 1.780000e-05 5.500000e-02 0.000000e+00 4.000000e-09 1.439969e+00 6.106673e-04 -2.906748e-08 0.000000e+00 9.999980e+04 3.114399e+02 1.716953e-05 2.411554e-02 0.000000e+00 0.000000e+00 0.000000e+00 0.000000e+00 1.000000e+00 2.752564e-05 9.999725e-01 -1.000000e+00 -9.182043e+04 2.731922e+02
 1.820000e-05 5.500000e-02 0.000000e+00 4.000000e-09 1.439965e+00 4.590799e-04 -1.943398e-08 0.000000e+00 9.999978e+04 3.114404e+02 1.716959e-05 2.411563e-02 0.000000e+00 0.000000e+00 0.000000e+00 0.000000e+00 1.000000e+00 1.907345e-05 9.999809e-01 -1.000000e+00 -9.181957e+04 2.731934e+02
 1.860000e-05 5.500000e-02 0.000000e+00 4.000000e-09 1.439962e+00 3.307358e-04 -2.073440e-08 0.000000e+00 9.999976e+04 3.114407e+02 1.716963e-05 2.411570e-02 0.000000e+00 0.000000e+00 0.000000e+00 0.000000e+00 1.000000e+00 1.333760e-05 9.999867e-01 -1.000000e+00 -9.181892e+04 2.731943e+02
 1.900000e-05 5.500000e-02 0.000000e+00 4.000000e-09 1.439959e+00 2.215121e-04 -2.461786e-08 0.000000e+00 9.999975e+04 3.114410e+02 1.716967e-05 2.411575e-02 0.000000e+00 0.000000e+00 0.000000e+00 0.000000e+00 1.000000e+00 9.591864e-06 9.999904e-01 -1.000000e+00 -9.181846e+04 2.731949e+02
 1.940000e-05 5.500000e-02 0.000000e+00 4.000000e-09 1.439957e+00 1.265956e-04 -2.646876e-08 0.000000e+00 9.999975e+04 3.114411e+02 1.716969e-05 2.411578e-02 0.000000e+00 0.000000e+00 0.000000e+00 0.000000e+00 1.000000e+00 7.344226e-06 9.999927e-01 -1.000000e+00 -9.181816e+04 2.731953e+02
 1.980000e-05 5.500000e-02 0.000000e+00 4.000000e-09 1.439956e+00 4.125467e-05 -9.472054e-09 0.000000e+00 9.999975e+04 3.114412e+02 1.716970e-05 2.411580e-02 0.000000e+00 0.000000e+00 0.000000e+00 0.000000e+00 1.000000e+00 6.281455e-06 9.999937e-01 -1.000000e+00 -9.181800e+04 2.731955e+02
