# Variables: 1:pos.x 2:pos.y 3:pos.z 4:volume 5:rho 6:vel.x 7:vel.y 8:vel.z 9:p 10:a 11:mu 12:k[0] 13:mu_t 14:k_t 15:S 16:tke 17:omega 18:massf[0] 19:e[0] 20:T[0]
 3.665705e-01 1.284155e-02 0.000000e+00 3.405481e-05 1.768712e-01 7.129799e+02 2.544937e-01 0.000000e+00 3.154496e+03 1.580157e+02 4.132154e-06 4.770600e-03 3.449955e-06 3.894660e-03 0.000000e+00 2.222478e+01 1.139740e+06 1.000000e+00 4.458746e+04 6.212903e+01
 3.665705e-01 1.845903e-02 0.000000e+00 3.395884e-05 1.767477e-01 7.130106e+02 3.758027e-01 0.000000e+00 3.151412e+03 1.579937e+02 4.130836e-06 4.768923e-03 3.001748e-06 3.388679e-03 0.000000e+00 8.306791e+00 4.891774e+05 1.000000e+00 4.457499e+04 6.211166e+01
 3.665705e-01 2.405281e-02 0.000000e+00 3.376800e-05 1.766799e-01 7.130287e+02 4.425499e-01 0.000000e+00 3.149717e+03 1.579815e+02 4.130111e-06 4.768002e-03 2.666133e-06 3.009803e-03 0.000000e+00 4.339039e+00 2.875611e+05 1.000000e+00 4.456814e+04 6.210212e+01
 3.665705e-01 2.960741e-02 0.000000e+00 3.348442e-05 1.766767e-01 7.130317e+02 4.489277e-01 0.000000e+00 3.149638e+03 1.579810e+02 4.130078e-06 4.767959e-03 2.426159e-06 2.738895e-03 0.000000e+00 2.665374e+00 1.941062e+05 1.000000e+00 4.456782e+04 6.210167e+01
 3.665704e-01 3.510777e-02 0.000000e+00 3.311126e-05 1.767429e-01 7.130192e+02 3.920010e-01 0.000000e+00 3.151291e+03 1.579928e+02 4.130784e-06 4.768858e-03 2.244729e-06 2.534079e-03 0.000000e+00 1.835358e+00 1.445156e+05 1.000000e+00 4.457451e+04 6.211098e+01
 3.665704e-01 4.053943e-02 0.000000e+00 3.265260e-05 1.769876e-01 7.129712e+02 1.797135e-01 0.000000e+00 3.157405e+03 1.580366e+02 4.133400e-06 4.772185e-03 2.104934e-06 2.376264e-03 0.000000e+00 1.361222e+00 1.144579e+05 1.000000e+00 4.459924e+04 6.214545e+01
 3.665704e-01 4.588867e-02 0.000000e+00 3.211336e-05 1.771085e-01 7.129485e+02 7.541512e-02 0.000000e+00 3.160422e+03 1.580581e+02 4.134685e-06 4.773820e-03 1.990732e-06 2.247341e-03 0.000000e+00 1.063746e+00 9.464005e+04 1.000000e+00 4.461139e+04 6.216237e+01
 3.665704e-01 5.114264e-02 0.000000e+00 3.149919e-05 1.771265e-01 7.129455e+02 6.039054e-02 0.000000e+00 3.160869e+03 1.580613e+02 4.134871e-06 4.774057e-03 1.895428e-06 2.139752e-03 0.000000e+00 8.639716e-01 8.073923e+04 1.000000e+00 4.461315e+04 6.216483e+01
 3.665704e-01 5.628949e-02 0.000000e+00 3.081637e-05 1.771562e-01 7.129387e+02 3.287453e-02 0.000000e+00 3.161663e+03 1.580679e+02 4.135266e-06 4.774559e-03 1.814851e-06 2.048789e-03 0.000000e+00 7.225161e-01 7.052945e+04 1.000000e+00 4.461688e+04 6.217003e+01
 3.665703e-01 6.131844e-02 0.000000e+00 3.007162e-05 1.773134e-01 7.129016e+02 -1.130203e-01 0.000000e+00 3.165827e+03 1.581018e+02 4.137290e-06 4.777135e-03 1.746853e-06 1.972026e-03 0.000000e+00 6.183119e-01 6.276240e+04 1.000000e+00 4.463603e+04 6.219671e+01
 3.665703e-01 6.621983e-02 0.000000e+00 2.927202e-05 1.780022e-01 7.127480e+02 -7.366782e-01 0.000000e+00 3.183690e+03 1.582401e+02 4.145555e-06 4.787653e-03 1.694562e-06 1.912994e-03 0.000000e+00 5.400500e-01 5.672930e+04 1.000000e+00 4.471419e+04 6.230562e+01
 3.665702e-01 7.098520e-02 0.000000e+00 2.842488e-05 1.804296e-01 7.122292e+02 -2.880630e+00 0.000000e+00 3.245961e+03 1.587018e+02 4.173177e-06 4.822827e-03 1.670265e-06 1.885565e-03 0.000000e+00 4.813462e-01 5.199775e+04 1.000000e+00 4.497547e+04 6.266969e+01
 3.665702e-01 7.560733e-02 0.000000e+00 2.753757e-05 1.832214e-01 7.116884e+02 -5.246168e+00 0.000000e+00 3.315944e+03 1.591767e+02 4.201665e-06 4.859141e-03 1.651455e-06 1.864330e-03 0.000000e+00 4.331770e-01 4.805954e+04 1.000000e+00 4.524504e+04 6.304532e+01
 3.665702e-01 8.008017e-02 0.000000e+00 2.661742e-05 1.840411e-01 7.115629e+02 -5.866067e+00 0.000000e+00 3.335209e+03 1.592825e+02 4.208024e-06 4.867252e-03 1.612474e-06 1.820324e-03 0.000000e+00 3.911550e-01 4.464530e+04 1.000000e+00 4.530522e+04 6.312918e+01
 3.665701e-01 8.439889e-02 0.000000e+00 2.567163e-05 1.841130e-01 7.115705e+02 -5.885020e+00 0.000000e+00 3.336261e+03 1.592766e+02 4.207666e-06 4.866794e-03 1.570059e-06 1.772442e-03 0.000000e+00 3.557865e-01 4.172176e+04 1.000000e+00 4.530183e+04 6.312445e+01
 3.665701e-01 8.855984e-02 0.000000e+00 2.470716e-05 1.837655e-01 7.116421e+02 -5.599377e+00 0.000000e+00 3.327424e+03 1.592158e+02 4.204013e-06 4.862135e-03 1.529082e-06 1.726183e-03 0.000000e+00 3.262761e-01 3.921236e+04 1.000000e+00 4.526725e+04 6.307627e+01
 3.665700e-01 9.256048e-02 0.000000e+00 2.373063e-05 1.832953e-01 7.117225e+02 -5.228067e+00 0.000000e+00 3.316075e+03 1.591478e+02 4.199927e-06 4.856925e-03 1.489017e-06 1.680954e-03 0.000000e+00 3.010694e-01 3.706146e+04 1.000000e+00 4.522859e+04 6.302240e+01
 3.665699e-01 9.639932e-02 0.000000e+00 2.274827e-05 1.830535e-01 7.117783e+02 -5.023229e+00 0.000000e+00 3.309694e+03 1.590995e+02 4.197031e-06 4.853231e-03 1.448825e-06 1.635581e-03 0.000000e+00 2.787635e-01 3.522104e+04 1.000000e+00 4.520118e+04 6.298420e+01
 3.665699e-01 1.000759e-01 0.000000e+00 2.176588e-05 1.828605e-01 7.118164e+02 -4.858721e+00 0.000000e+00 3.304852e+03 1.590670e+02 4.195077e-06 4.850739e-03 1.411865e-06 1.593856e-03 0.000000e+00 2.599289e-01 3.366551e+04 1.000000e+00 4.518268e+04 6.295843e+01
 3.665698e-01 1.035906e-01 0.000000e+00 2.078876e-05 1.826970e-01 7.118430e+02 -4.727043e+00 0.000000e+00 3.300966e+03 1.590446e+02 4.193732e-06 4.849025e-03 1.385962e-06 1.564614e-03 0.000000e+00 2.450862e-01 3.230745e+04 1.000000e+00 4.516996e+04 6.294070e+01
 3.665698e-01 1.069448e-01 0.000000e+00 1.982171e-05 1.825908e-01 7.118684e+02 -4.622974e+00 0.000000e+00 3.298137e+03 1.590226e+02 4.192415e-06 4.847345e-03 1.368934e-06 1.545393e-03 0.000000e+00 2.327777e-01 3.104853e+04 1.000000e+00 4.515749e+04 6.292333e+01
 3.665697e-01 1.101404e-01 0.000000e+00 1.886901e-05 1.825075e-01 7.118885e+02 -4.537468e+00 0.000000e+00 3.295884e+03 1.590046e+02 4.191332e-06 4.845965e-03 1.348115e-06 1.521889e-03 0.000000e+00 2.205691e-01 2.986082e+04 1.000000e+00 4.514725e+04 6.290905e+01
 3.665696e-01 1.131801e-01 0.000000e+00 1.793441e-05 1.824373e-01 7.119011e+02 -4.467207e+00 0.000000e+00 3.294185e+03 1.589942e+02 4.190707e-06 4.845168e-03 1.309711e-06 1.478535e-03 0.000000e+00 2.071435e-01 2.885445e+04 1.000000e+00 4.514133e+04 6.290081e+01
 3.665695e-01 1.160672e-01 0.000000e+00 1.702117e-05 1.823808e-01 7.119122e+02 -4.412369e+00 0.000000e+00 3.292819e+03 1.589858e+02 4.190206e-06 4.844529e-03 1.260501e-06 1.422982e-03 0.000000e+00 1.945041e-01 2.814283e+04 1.000000e+00 4.513659e+04 6.289420e+01
 3.665695e-01 1.188054e-01 0.000000e+00 1.613203e-05 1.823288e-01 7.119260e+02 -4.369361e+00 0.000000e+00 3.291469e+03 1.589759e+02 4.189610e-06 4.843769e-03 1.221931e-06 1.379440e-03 0.000000e+00 1.857795e-01 2.772105e+04 1.000000e+00 4.513095e+04 6.288634e+01
 3.665694e-01 1.213989e-01 0.000000e+00 1.526928e-05 1.822719e-01 7.119397e+02 -4.336688e+00 0.000000e+00 3.290029e+03 1.589659e+02 4.189012e-06 4.843007e-03 1.197545e-06 1.351910e-03 0.000000e+00 1.805853e-01 2.748611e+04 1.000000e+00 4.512529e+04 6.287846e+01
 3.665693e-01 1.238523e-01 0.000000e+00 1.443474e-05 1.822120e-01 7.119521e+02 -4.312465e+00 0.000000e+00 3.288558e+03 1.589565e+02 4.188447e-06 4.842287e-03 1.183982e-06 1.336600e-03 0.000000e+00 1.778093e-01 2.736461e+04 1.000000e+00 4.511994e+04 6.287101e+01
 3.665692e-01 1.261702e-01 0.000000e+00 1.362984e-05 1.821569e-01 7.119646e+02 -4.292616e+00 0.000000e+00 3.287144e+03 1.589464e+02 4.187839e-06 4.841513e-03 1.177549e-06 1.329338e-03 0.000000e+00 1.765241e-01 2.730696e+04 1.000000e+00 4.511420e+04 6.286300e+01
 3.665691e-01 1.283577e-01 0.000000e+00 1.285563e-05 1.821049e-01 7.119773e+02 -4.267090e+00 0.000000e+00 3.285752e+03 1.589354e+02 4.187181e-06 4.840674e-03 1.174665e-06 1.326081e-03 0.000000e+00 1.759638e-01 2.727934e+04 1.000000e+00 4.510797e+04 6.285432e+01
 3.665690e-01 1.304199e-01 0.000000e+00 1.211279e-05 1.820500e-01 7.119900e+02 -4.231165e+00 0.000000e+00 3.284312e+03 1.589245e+02 4.186527e-06 4.839839e-03 1.173118e-06 1.324334e-03 0.000000e+00 1.756816e-01 2.726331e+04 1.000000e+00 4.510178e+04 6.284569e+01
 3.665689e-01 1.323621e-01 0.000000e+00 1.140173e-05 1.820141e-01 7.119984e+02 -4.195973e+00 0.000000e+00 3.283369e+03 1.589173e+02 4.186098e-06 4.839293e-03 1.172315e-06 1.323428e-03 0.000000e+00 1.755223e-01 2.725186e+04 1.000000e+00 4.509772e+04 6.284004e+01
 3.665689e-01 1.341894e-01 0.000000e+00 1.072257e-05 1.820026e-01 7.119986e+02 -4.164988e+00 0.000000e+00 3.283161e+03 1.589173e+02 4.186097e-06 4.839292e-03 1.172066e-06 1.323148e-03 0.000000e+00 1.754443e-01 2.724381e+04 1.000000e+00 4.509771e+04 6.284003e+01
 3.665688e-01 1.359071e-01 0.000000e+00 1.007517e-05 1.820116e-01 7.119962e+02 -4.142145e+00 0.000000e+00 3.283414e+03 1.589195e+02 4.186230e-06 4.839460e-03 1.172123e-06 1.323212e-03 0.000000e+00 1.754095e-01 2.723841e+04 1.000000e+00 4.509896e+04 6.284177e+01
 3.665687e-01 1.375205e-01 0.000000e+00 9.459224e-06 1.820287e-01 7.119918e+02 -4.118880e+00 0.000000e+00 3.283885e+03 1.589235e+02 4.186466e-06 4.839761e-03 1.172250e-06 1.323356e-03 0.000000e+00 1.753813e-01 2.723365e+04 1.000000e+00 4.510120e+04 6.284489e+01
 3.665686e-01 1.390347e-01 0.000000e+00 8.874215e-06 1.820340e-01 7.119885e+02 -4.088591e+00 0.000000e+00 3.284085e+03 1.589260e+02 4.186618e-06 4.839956e-03 1.172282e-06 1.323391e-03 0.000000e+00 1.753516e-01 2.722909e+04 1.000000e+00 4.510264e+04 6.284690e+01
 3.665685e-01 1.404548e-01 0.000000e+00 8.319495e-06 1.820242e-01 7.119892e+02 -4.057495e+00 0.000000e+00 3.283874e+03 1.589252e+02 4.186567e-06 4.839890e-03 1.172156e-06 1.323249e-03 0.000000e+00 1.753069e-01 2.722362e+04 1.000000e+00 4.510215e+04 6.284622e+01
 3.665684e-01 1.417857e-01 0.000000e+00 7.794290e-06 1.819893e-01 7.119940e+02 -4.014592e+00 0.000000e+00 3.283074e+03 1.589211e+02 4.186321e-06 4.839577e-03 1.171812e-06 1.322860e-03 0.000000e+00 1.752470e-01 2.721708e+04 1.000000e+00 4.509983e+04 6.284298e+01
 3.665683e-01 1.430322e-01 0.000000e+00 7.297729e-06 1.819464e-01 7.120007e+02 -3.976866e+00 0.000000e+00 3.282075e+03 1.589156e+02 4.185992e-06 4.839158e-03 1.171440e-06 1.322440e-03 0.000000e+00 1.751920e-01 2.721078e+04 1.000000e+00 4.509672e+04 6.283865e+01
 3.665681e-01 1.441989e-01 0.000000e+00 6.828861e-06 1.819065e-01 7.120066e+02 -3.950673e+00 0.000000e+00 3.281141e+03 1.589104e+02 4.185682e-06 4.838762e-03 1.171113e-06 1.322072e-03 0.000000e+00 1.751444e-01 2.720499e+04 1.000000e+00 4.509378e+04 6.283455e+01
 3.665680e-01 1.452904e-01 0.000000e+00 6.386679e-06 1.818692e-01 7.120126e+02 -3.940297e+00 0.000000e+00 3.280262e+03 1.589054e+02 4.185382e-06 4.838380e-03 1.170842e-06 1.321766e-03 0.000000e+00 1.751066e-01 2.719983e+04 1.000000e+00 4.509095e+04 6.283060e+01
 3.665679e-01 1.463110e-01 0.000000e+00 5.970134e-06 1.818374e-01 7.120152e+02 -3.937458e+00 0.000000e+00 3.279597e+03 1.589032e+02 4.185252e-06 4.838214e-03 1.170618e-06 1.321513e-03 0.000000e+00 1.750741e-01 2.719523e+04 1.000000e+00 4.508971e+04 6.282888e+01
 3.665678e-01 1.472648e-01 0.000000e+00 5.578151e-06 1.818086e-01 7.120171e+02 -3.942851e+00 0.000000e+00 3.279007e+03 1.589015e+02 4.185147e-06 4.838081e-03 1.170416e-06 1.321284e-03 0.000000e+00 1.750444e-01 2.719102e+04 1.000000e+00 4.508872e+04 6.282750e+01
 3.665677e-01 1.481558e-01 0.000000e+00 5.209640e-06 1.817908e-01 7.120167e+02 -3.955831e+00 0.000000e+00 3.278691e+03 1.589016e+02 4.185155e-06 4.838091e-03 1.170308e-06 1.321163e-03 0.000000e+00 1.750197e-01 2.718702e+04 1.000000e+00 4.508880e+04 6.282761e+01
 3.665676e-01 1.489878e-01 0.000000e+00 4.863508e-06 1.817755e-01 7.120148e+02 -3.975840e+00 0.000000e+00 3.278473e+03 1.589030e+02 4.185239e-06 4.838197e-03 1.170304e-06 1.321158e-03 0.000000e+00 1.750146e-01 2.718405e+04 1.000000e+00 4.508959e+04 6.282871e+01
 3.665675e-01 1.497643e-01 0.000000e+00 4.538668e-06 1.817628e-01 7.120129e+02 -3.996103e+00 0.000000e+00 3.278305e+03 1.589045e+02 4.185329e-06 4.838312e-03 1.170299e-06 1.321152e-03 0.000000e+00 1.750084e-01 2.718128e+04 1.000000e+00 4.509044e+04 6.282989e+01
 3.665673e-01 1.504889e-01 0.000000e+00 4.234049e-06 1.817512e-01 7.120101e+02 -4.014848e+00 0.000000e+00 3.278197e+03 1.589069e+02 4.185474e-06 4.838497e-03 1.170226e-06 1.321070e-03 0.000000e+00 1.749874e-01 2.717799e+04 1.000000e+00 4.509182e+04 6.283181e+01
 3.665672e-01 1.511647e-01 0.000000e+00 3.948597e-06 1.817402e-01 7.120067e+02 -4.029665e+00 0.000000e+00 3.278133e+03 1.589102e+02 4.185671e-06 4.838748e-03 1.170204e-06 1.321045e-03 0.000000e+00 1.749810e-01 2.717585e+04 1.000000e+00 4.509368e+04 6.283441e+01
 3.665671e-01 1.517949e-01 0.000000e+00 3.681286e-06 1.817281e-01 7.120028e+02 -4.041056e+00 0.000000e+00 3.278071e+03 1.589140e+02 4.185897e-06 4.839036e-03 1.170205e-06 1.321046e-03 0.000000e+00 1.749767e-01 2.717337e+04 1.000000e+00 4.509582e+04 6.283739e+01
 3.665670e-01 1.523823e-01 0.000000e+00 3.431118e-06 1.817199e-01 7.119995e+02 -4.048593e+00 0.000000e+00 3.278032e+03 1.589167e+02 4.186056e-06 4.839240e-03 1.170317e-06 1.321172e-03 0.000000e+00 1.749919e-01 2.717191e+04 1.000000e+00 4.509733e+04 6.283949e+01
 3.665668e-01 1.529298e-01 0.000000e+00 3.197128e-06 1.817096e-01 7.119953e+02 -4.053596e+00 0.000000e+00 3.277986e+03 1.589200e+02 4.186258e-06 4.839497e-03 1.170627e-06 1.321523e-03 0.000000e+00 1.750364e-01 2.717006e+04 1.000000e+00 4.509924e+04 6.284215e+01
 3.665667e-01 1.534398e-01 0.000000e+00 2.978388e-06 1.817039e-01 7.119925e+02 -4.055632e+00 0.000000e+00 3.277990e+03 1.589226e+02 4.186414e-06 4.839696e-03 1.180744e-06 1.332944e-03 0.000000e+00 1.765494e-01 2.716925e+04 1.000000e+00 4.510071e+04 6.284421e+01
 3.665666e-01 1.539149e-01 0.000000e+00 2.774004e-06 1.816752e-01 7.119803e+02 -4.056179e+00 0.000000e+00 3.278005e+03 1.589355e+02 4.187188e-06 4.840683e-03 1.431750e-06 1.616306e-03 0.000000e+00 2.141878e-01 2.717833e+04 1.000000e+00 4.510804e+04 6.285442e+01
 3.665665e-01 1.543574e-01 0.000000e+00 2.583121e-06 1.813858e-01 7.118740e+02 -4.053807e+00 0.000000e+00 3.277998e+03 1.590621e+02 4.194784e-06 4.850366e-03 6.205755e-06 7.005688e-03 0.000000e+00 9.371652e-01 2.738948e+04 1.000000e+00 4.517992e+04 6.295458e+01
 3.665663e-01 1.547693e-01 0.000000e+00 2.404924e-06 1.783600e-01 7.107160e+02 -3.978199e+00 0.000000e+00 3.278437e+03 1.604164e+02 4.276379e-06 4.954557e-03 6.122576e-05 6.911787e-02 0.000000e+00 1.033240e+01 3.009249e+04 1.000000e+00 4.595253e+04 6.403115e+01
 3.665662e-01 1.551529e-01 0.000000e+00 2.238635e-06 1.640126e-01 7.042967e+02 -3.342141e+00 0.000000e+00 3.275454e+03 1.672096e+02 4.694458e-06 5.493128e-03 1.882482e-04 2.125137e-01 0.000000e+00 8.125341e+01 4.455775e+04 1.000000e+00 4.992686e+04 6.956906e+01
 3.665661e-01 1.555098e-01 0.000000e+00 2.083514e-06 1.454686e-01 6.929272e+02 -2.986686e+00 0.000000e+00 3.255573e+03 1.770081e+02 5.321713e-06 6.315428e-03 4.531336e-04 5.115434e-01 0.000000e+00 2.717892e+02 6.381867e+04 1.000000e+00 5.594977e+04 7.796150e+01
 3.665659e-01 1.558421e-01 0.000000e+00 1.938860e-06 1.337921e-01 6.836143e+02 -2.428599e+00 0.000000e+00 3.237697e+03 1.840632e+02 5.789536e-06 6.939342e-03 7.372940e-04 8.323325e-01 0.000000e+00 4.345868e+02 7.289994e+04 1.000000e+00 6.049867e+04 8.430002e+01
 3.665658e-01 1.561512e-01 0.000000e+00 1.804008e-06 1.256570e-01 6.756095e+02 -2.086234e+00 0.000000e+00 3.229863e+03 1.896980e+02 6.172077e-06 7.455963e-03 9.032881e-04 1.019724e+00 0.000000e+00 5.675918e+02 7.895452e+04 1.000000e+00 6.425950e+04 8.954043e+01
 3.665656e-01 1.564388e-01 0.000000e+00 1.678330e-06 1.189260e-01 6.679852e+02 -1.802440e+00 0.000000e+00 3.222470e+03 1.947691e+02 6.522626e-06 7.934289e-03 9.747965e-04 1.100449e+00 0.000000e+00 6.919807e+02 8.441902e+04 1.000000e+00 6.774107e+04 9.439172e+01
 3.665655e-01 1.567064e-01 0.000000e+00 1.561233e-06 1.130905e-01 6.604706e+02 -1.570489e+00 0.000000e+00 3.215855e+03 1.995259e+02 6.856501e-06 8.394096e-03 1.021556e-03 1.153236e+00 0.000000e+00 8.136829e+02 9.007516e+04 1.000000e+00 7.109032e+04 9.905864e+01
 3.665653e-01 1.569552e-01 0.000000e+00 1.452159e-06 1.079837e-01 6.530772e+02 -1.371489e+00 0.000000e+00 3.209991e+03 2.040031e+02 7.174947e-06 8.836392e-03 1.046439e-03 1.181327e+00 0.000000e+00 9.310027e+02 9.606901e+04 1.000000e+00 7.431654e+04 1.035541e+02
 3.665652e-01 1.571867e-01 0.000000e+00 1.350579e-06 1.034718e-01 6.457971e+02 -1.200938e+00 0.000000e+00 3.204874e+03 2.082373e+02 7.479630e-06 9.262895e-03 1.052853e-03 1.188568e+00 0.000000e+00 1.043501e+03 1.025502e+05 1.000000e+00 7.743349e+04 1.078973e+02
 3.665650e-01 1.574020e-01 0.000000e+00 1.255999e-06 9.944564e-02 6.386138e+02 -1.053508e+00 0.000000e+00 3.200387e+03 2.122621e+02 7.772243e-06 9.675480e-03 1.044026e-03 1.178603e+00 0.000000e+00 1.151205e+03 1.096523e+05 1.000000e+00 8.045569e+04 1.121085e+02
 3.665649e-01 1.576022e-01 0.000000e+00 1.167954e-06 9.582018e-02 6.315077e+02 -9.256384e-01 0.000000e+00 3.196448e+03 2.161072e+02 8.054368e-06 1.007597e-02 1.022897e-03 1.154750e+00 0.000000e+00 1.254371e+03 1.175014e+05 1.000000e+00 8.339704e+04 1.162071e+02
 3.665647e-01 1.577884e-01 0.000000e+00 1.086006e-06 9.252827e-02 6.244579e+02 -8.142715e-01 0.000000e+00 3.192975e+03 2.197984e+02 8.327433e-06 1.046607e-02 9.920724e-04 1.119952e+00 0.000000e+00 1.353383e+03 1.262248e+05 1.000000e+00 8.627026e+04 1.202107e+02
 3.665646e-01 1.579615e-01 0.000000e+00 1.009745e-06 8.951647e-02 6.174437e+02 -7.169709e-01 0.000000e+00 3.189900e+03 2.233578e+02 8.592714e-06 1.084730e-02 9.538353e-04 1.076786e+00 0.000000e+00 1.448709e+03 1.359579e+05 1.000000e+00 8.908696e+04 1.241355e+02
 3.665644e-01 1.581224e-01 0.000000e+00 9.387877e-07 8.674201e-02 6.104447e+02 -6.316457e-01 0.000000e+00 3.187158e+03 2.268042e+02 8.851321e-06 1.122105e-02 9.101811e-04 1.027505e+00 0.000000e+00 1.540883e+03 1.468472e+05 1.000000e+00 9.185739e+04 1.279959e+02
 3.665643e-01 1.582720e-01 0.000000e+00 8.727737e-07 8.417113e-02 6.034438e+02 -5.565389e-01 0.000000e+00 3.184689e+03 2.301526e+02 9.104139e-06 1.158840e-02 8.628276e-04 9.740476e-01 0.000000e+00 1.630479e+03 1.590558e+05 1.000000e+00 9.458971e+04 1.318031e+02
 3.665641e-01 1.584111e-01 0.000000e+00 8.113663e-07 8.177543e-02 5.964222e+02 -4.903713e-01 0.000000e+00 3.182443e+03 2.334172e+02 9.352033e-06 1.195043e-02 8.130947e-04 9.179040e-01 0.000000e+00 1.718103e+03 1.727932e+05 1.000000e+00 9.729216e+04 1.355688e+02
 3.665640e-01 1.585404e-01 0.000000e+00 7.542506e-07 7.953022e-02 5.893582e+02 -4.321734e-01 0.000000e+00 3.180365e+03 2.366118e+02 9.595885e-06 1.230830e-02 7.621697e-04 8.604148e-01 0.000000e+00 1.804535e+03 1.882963e+05 1.000000e+00 9.997348e+04 1.393050e+02
 3.665638e-01 1.586606e-01 0.000000e+00 7.011322e-07 7.741695e-02 5.822361e+02 -3.802921e-01 0.000000e+00 3.178410e+03 2.397458e+02 9.836279e-06 1.266276e-02 7.111987e-04 8.028735e-01 0.000000e+00 1.890678e+03 2.058066e+05 1.000000e+00 1.026394e+05 1.430197e+02
 3.665636e-01 1.587724e-01 0.000000e+00 6.517361e-07 7.541883e-02 5.750410e+02 -3.341630e-01 0.000000e+00 3.176479e+03 2.428271e+02 1.007371e-05 1.301443e-02 6.608647e-04 7.460514e-01 0.000000e+00 1.977558e+03 2.256801e+05 1.000000e+00 1.052946e+05 1.467196e+02
 3.665635e-01 1.588762e-01 0.000000e+00 6.058054e-07 7.347376e-02 5.675154e+02 -2.933338e-01 0.000000e+00 3.174623e+03 2.459484e+02 1.031524e-05 1.337376e-02 6.080522e-04 6.864312e-01 0.000000e+00 2.068053e+03 2.498907e+05 1.000000e+00 1.080189e+05 1.505157e+02
 3.665633e-01 1.589728e-01 0.000000e+00 5.631002e-07 7.156910e-02 5.595734e+02 -2.577715e-01 0.000000e+00 3.173106e+03 2.491401e+02 1.056324e-05 1.374434e-02 5.535011e-04 6.248484e-01 0.000000e+00 2.153222e+03 2.784153e+05 1.000000e+00 1.108407e+05 1.544475e+02
 3.665631e-01 1.590625e-01 0.000000e+00 5.233968e-07 6.974359e-02 5.514008e+02 -2.264522e-01 0.000000e+00 3.171981e+03 2.523348e+02 1.081246e-05 1.411837e-02 5.017541e-04 5.664311e-01 0.000000e+00 2.233103e+03 3.103985e+05 1.000000e+00 1.137015e+05 1.584339e+02
 3.665630e-01 1.591459e-01 0.000000e+00 4.864867e-07 6.798667e-02 5.429649e+02 -1.981258e-01 0.000000e+00 3.171144e+03 2.555407e+02 1.106348e-05 1.449671e-02 4.527391e-04 5.110980e-01 0.000000e+00 2.308481e+03 3.466568e+05 1.000000e+00 1.166090e+05 1.624853e+02
 3.665628e-01 1.592234e-01 0.000000e+00 4.521753e-07 6.629009e-02 5.342271e+02 -1.727571e-01 0.000000e+00 3.170570e+03 2.587667e+02 1.131696e-05 1.488037e-02 4.064262e-04 4.588152e-01 0.000000e+00 2.379883e+03 3.881688e+05 1.000000e+00 1.195718e+05 1.666137e+02
 3.665626e-01 1.592955e-01 0.000000e+00 4.202811e-07 6.464571e-02 5.251395e+02 -1.499410e-01 0.000000e+00 3.170233e+03 2.620232e+02 1.157369e-05 1.527057e-02 3.627907e-04 4.095551e-01 0.000000e+00 2.447609e+03 4.361377e+05 1.000000e+00 1.226003e+05 1.708336e+02
 3.665624e-01 1.593625e-01 0.000000e+00 3.906354e-07 6.304597e-02 5.156449e+02 -1.293486e-01 0.000000e+00 3.170125e+03 2.653222e+02 1.183459e-05 1.566873e-02 3.218046e-04 3.632858e-01 0.000000e+00 2.511725e+03 4.920798e+05 1.000000e+00 1.257069e+05 1.751624e+02
 3.665622e-01 1.594247e-01 0.000000e+00 3.630806e-07 6.148361e-02 5.056728e+02 -1.107028e-01 0.000000e+00 3.170246e+03 2.686772e+02 1.210073e-05 1.607654e-02 2.834304e-04 3.199651e-01 0.000000e+00 2.572057e+03 5.579457e+05 1.000000e+00 1.289061e+05 1.796203e+02
 3.665621e-01 1.594826e-01 0.000000e+00 3.374702e-07 5.995157e-02 4.951368e+02 -9.365606e-02 0.000000e+00 3.170613e+03 2.721043e+02 1.237338e-05 1.649601e-02 2.476201e-04 2.795388e-01 0.000000e+00 2.628131e+03 6.362976e+05 1.000000e+00 1.322156e+05 1.842318e+02
 3.665619e-01 1.595364e-01 0.000000e+00 3.136677e-07 5.844268e-02 4.839285e+02 -7.817994e-02 0.000000e+00 3.171246e+03 2.756220e+02 1.265401e-05 1.692950e-02 2.143160e-04 2.419417e-01 0.000000e+00 2.679084e+03 7.305679e+05 1.000000e+00 1.356562e+05 1.890260e+02
 3.665617e-01 1.595863e-01 0.000000e+00 2.915461e-07 5.695060e-02 4.719110e+02 -6.322284e-02 0.000000e+00 3.172225e+03 2.792524e+02 1.294438e-05 1.737987e-02 1.834556e-04 2.071034e-01 0.000000e+00 2.723495e+03 8.454592e+05 1.000000e+00 1.392534e+05 1.940383e+02
 3.665615e-01 1.596328e-01 0.000000e+00 2.709871e-07 5.546637e-02 4.589089e+02 -5.110084e-02 0.000000e+00 3.173513e+03 2.830214e+02 1.324662e-05 1.785056e-02 1.549684e-04 1.749441e-01 0.000000e+00 2.759127e+03 9.875458e+05 1.000000e+00 1.430377e+05 1.993115e+02
 3.665613e-01 1.596760e-01 0.000000e+00 2.518807e-07 5.398693e-02 4.446890e+02 -3.385152e-02 0.000000e+00 3.175472e+03 2.869616e+02 1.356337e-05 1.834587e-02 1.287903e-04 1.453916e-01 0.000000e+00 2.782321e+03 1.166303e+06 1.000000e+00 1.470482e+05 2.048998e+02
 3.665611e-01 1.597161e-01 0.000000e+00 2.341245e-07 5.250068e-02 4.289347e+02 -2.374259e-02 0.000000e+00 3.178051e+03 2.911133e+02 1.389789e-05 1.887120e-02 1.048593e-04 1.183759e-01 0.000000e+00 2.787692e+03 1.395730e+06 1.000000e+00 1.513338e+05 2.108715e+02
 3.665609e-01 1.597534e-01 0.000000e+00 2.176233e-07 5.100019e-02 4.112168e+02 -6.194740e-03 0.000000e+00 3.181471e+03 2.955235e+02 1.425406e-05 1.943294e-02 8.313284e-05 9.384881e-02 0.000000e+00 2.766167e+03 1.696979e+06 1.000000e+00 1.559538e+05 2.173091e+02
 3.665607e-01 1.597881e-01 0.000000e+00 2.022885e-07 4.948186e-02 3.909185e+02 1.154862e-02 0.000000e+00 3.186342e+03 3.002529e+02 1.463684e-05 2.003935e-02 6.360892e-05 7.180823e-02 0.000000e+00 2.703136e+03 2.102784e+06 1.000000e+00 1.609854e+05 2.243201e+02
 3.665605e-01 1.598204e-01 0.000000e+00 1.880377e-07 4.794110e-02 3.671567e+02 3.405755e-02 0.000000e+00 3.193223e+03 3.053688e+02 1.505178e-05 2.069974e-02 4.630842e-05 5.227766e-02 0.000000e+00 2.574886e+03 2.665660e+06 1.000000e+00 1.665180e+05 2.320294e+02
 3.665603e-01 1.598503e-01 0.000000e+00 1.747944e-07 4.638050e-02 3.386080e+02 6.432519e-02 0.000000e+00 3.203078e+03 3.109425e+02 1.550476e-05 2.142418e-02 3.128958e-05 3.532287e-02 0.000000e+00 2.342903e+03 3.472870e+06 1.000000e+00 1.726522e+05 2.405769e+02
 3.665601e-01 1.598782e-01 0.000000e+00 1.624874e-07 4.482129e-02 3.033862e+02 9.730579e-02 0.000000e+00 3.217087e+03 3.169956e+02 1.599764e-05 2.221639e-02 1.873374e-05 2.114856e-02 0.000000e+00 1.954022e+03 4.675062e+06 1.000000e+00 1.794397e+05 2.500347e+02
 3.665599e-01 1.599041e-01 0.000000e+00 1.510503e-07 4.331739e-02 2.591009e+02 1.475645e-01 0.000000e+00 3.236110e+03 3.234033e+02 1.652030e-05 2.306077e-02 9.032549e-06 1.019686e-02 0.000000e+00 1.368900e+03 6.564792e+06 1.000000e+00 1.867673e+05 2.602452e+02
 3.665597e-01 1.599282e-01 0.000000e+00 1.404217e-07 4.197086e-02 2.045240e+02 1.511124e-01 0.000000e+00 3.256280e+03 3.295725e+02 1.702421e-05 2.387889e-02 2.929195e-06 3.306774e-03 0.000000e+00 6.934427e+02 9.935864e+06 1.000000e+00 1.939607e+05 2.702687e+02
 3.665595e-01 1.599505e-01 0.000000e+00 1.305443e-07 4.093402e-02 1.436093e+02 8.880395e-02 0.000000e+00 3.269602e+03 3.344023e+02 1.741913e-05 2.452269e-02 5.013582e-07 5.659841e-04 0.000000e+00 2.194278e+02 1.791547e+07 1.000000e+00 1.996873e+05 2.782482e+02
 3.665592e-01 1.599713e-01 0.000000e+00 1.213650e-07 4.027782e-02 8.343437e+01 3.911985e-02 0.000000e+00 3.274407e+03 3.373630e+02 1.766136e-05 2.491869e-02 3.324630e-08 3.753181e-05 0.000000e+00 3.726964e+01 4.515230e+07 1.000000e+00 2.032389e+05 2.831970e+02
 3.665590e-01 1.599907e-01 0.000000e+00 1.128344e-07 4.005897e-02 2.711759e+01 9.796538e-03 0.000000e+00 3.275472e+03 3.383382e+02 1.774118e-05 2.504935e-02 3.391017e-10 3.828125e-07 0.000000e+00 1.686807e+00 1.992738e+08 1.000000e+00 2.044156e+05 2.848367e+02
