# Variables: pos.x pos.y pos.z volume rho vel.x vel.y vel.z p a mu k[0] mu_t k_t S tke omega massf[0] massf[1] dt_chem e[0] T[0]
 -1.980000e-05 5.500000e-02 0.000000e+00 4.000000e-09 7.154816e-01 -2.910791e-03 1.051372e-06 0.000000e+00 9.981778e+04 4.554294e+02 1.971514e-05 3.645321e-02 0.000000e+00 0.000000e+00 0.000000e+00 0.000000e+00 1.000000e+00 9.994500e-02 9.000550e-01 -1.000000e+00 2.866284e+05 2.993795e+02
 -1.940000e-05 5.500000e-02 0.000000e+00 4.000000e-09 7.155381e-01 -8.906324e-03 2.968752e-07 0.000000e+00 9.981781e+04 4.554112e+02 1.971416e-05 3.645079e-02 0.000000e+00 0.000000e+00 0.000000e+00 0.000000e+00 1.000000e+00 9.994100e-02 9.000590e-01 -1.000000e+00 2.866074e+05 2.993606e+02
 -1.900000e-05 5.500000e-02 0.000000e+00 4.000000e-09 7.156495e-01 -1.524736e-02 -1.499584e-07 0.000000e+00 9.981787e+04 4.553750e+02 1.971224e-05 3.644601e-02 0.000000e+00 0.000000e+00 0.000000e+00 0.000000e+00 1.000000e+00 9.993294e-02 9.000671e-01 -1.000000e+00 2.865660e+05 2.993234e+02
 -1.860000e-05 5.500000e-02 0.000000e+00 4.000000e-09 7.158195e-01 -2.213769e-02 -7.615321e-08 0.000000e+00 9.981797e+04 4.553199e+02 1.970933e-05 3.643873e-02 0.000000e+00 0.000000e+00 0.000000e+00 0.000000e+00 1.000000e+00 9.992038e-02 9.000796e-01 -1.000000e+00 2.865030e+05 2.992671e+02
 -1.820000e-05 5.500000e-02 0.000000e+00 4.000000e-09 7.160525e-01 -2.979787e-02 -1.108902e-07 0.000000e+00 9.981809e+04 4.552443e+02 1.970535e-05 3.642875e-02 0.000000e+00 0.000000e+00 0.000000e+00 0.000000e+00 1.000000e+00 9.990267e-02 9.000973e-01 -1.000000e+00 2.864169e+05 2.991904e+02
 -1.780000e-05 5.500000e-02 0.000000e+00 4.000000e-09 7.163544e-01 -3.843318e-02 -1.166180e-07 0.000000e+00 9.981822e+04 4.551464e+02 1.970025e-05 3.641585e-02 0.000000e+00 0.000000e+00 0.000000e+00 0.000000e+00 1.000000e+00 9.987894e-02 9.001211e-01 -1.000000e+00 2.863057e+05 2.990920e+02
 -1.740000e-05 5.500000e-02 0.000000e+00 4.000000e-09 7.167321e-01 -4.826486e-02 -1.075557e-07 0.000000e+00 9.981836e+04 4.550237e+02 1.969391e-05 3.639972e-02 0.000000e+00 0.000000e+00 0.000000e+00 0.000000e+00 1.000000e+00 9.984808e-02 9.001519e-01 -1.000000e+00 2.861670e+05 2.989702e+02
 -1.700000e-05 5.500000e-02 0.000000e+00 4.000000e-09 7.171941e-01 -5.950766e-02 -1.618551e-07 0.000000e+00 9.981850e+04 4.548735e+02 1.968625e-05 3.638003e-02 0.000000e+00 0.000000e+00 0.000000e+00 0.000000e+00 1.000000e+00 9.980869e-02 9.001913e-01 -1.000000e+00 2.859982e+05 2.988233e+02
 -1.660000e-05 5.500000e-02 0.000000e+00 4.000000e-09 7.177500e-01 -7.238949e-02 2.812589e-07 0.000000e+00 9.981863e+04 4.546926e+02 1.967713e-05 3.635638e-02 0.000000e+00 0.000000e+00 0.000000e+00 0.000000e+00 1.000000e+00 9.975907e-02 9.002409e-01 -1.000000e+00 2.857960e+05 2.986491e+02
 -1.620000e-05 5.500000e-02 0.000000e+00 4.000000e-09 7.184111e-01 -8.713788e-02 2.738946e-07 0.000000e+00 9.981872e+04 4.544774e+02 1.966645e-05 3.632834e-02 0.000000e+00 0.000000e+00 0.000000e+00 0.000000e+00 1.000000e+00 9.969716e-02 9.003028e-01 -1.000000e+00 2.855569e+05 2.984457e+02
 -1.580000e-05 5.500000e-02 0.000000e+00 4.000000e-09 7.191896e-01 -1.039961e-01 6.354391e-07 0.000000e+00 9.981877e+04 4.542239e+02 1.965406e-05 3.629541e-02 0.000000e+00 0.000000e+00 0.000000e+00 0.000000e+00 1.000000e+00 9.962051e-02 9.003795e-01 -1.000000e+00 2.852772e+05 2.982106e+02
 -1.540000e-05 5.500000e-02 0.000000e+00 4.000000e-09 7.200992e-01 -1.232145e-01 7.245956e-07 0.000000e+00 9.981876e+04 4.539275e+02 1.963983e-05 3.625707e-02 0.000000e+00 0.000000e+00 0.000000e+00 0.000000e+00 1.000000e+00 9.952624e-02 9.004738e-01 -1.000000e+00 2.849528e+05 2.979419e+02
 -1.500000e-05 5.500000e-02 0.000000e+00 4.000000e-09 7.211548e-01 -1.450541e-01 6.341120e-07 0.000000e+00 9.981866e+04 4.535835e+02 1.962363e-05 3.621274e-02 0.000000e+00 0.000000e+00 0.000000e+00 0.000000e+00 1.000000e+00 9.941103e-02 9.005890e-01 -1.000000e+00 2.845794e+05 2.976374e+02
 -1.460000e-05 5.500000e-02 0.000000e+00 4.000000e-09 7.223722e-01 -1.697769e-01 6.672747e-07 0.000000e+00 9.981847e+04 4.531867e+02 1.960534e-05 3.616186e-02 0.000000e+00 0.000000e+00 0.000000e+00 0.000000e+00 1.000000e+00 9.927102e-02 9.007290e-01 -1.000000e+00 2.841526e+05 2.972955e+02
 -1.420000e-05 5.500000e-02 0.000000e+00 4.000000e-09 7.237683e-01 -1.976429e-01 7.327763e-07 0.000000e+00 9.981814e+04 4.527319e+02 1.958483e-05 3.610379e-02 0.000000e+00 0.000000e+00 0.000000e+00 0.000000e+00 1.000000e+00 9.910180e-02 9.008982e-01 -1.000000e+00 2.836681e+05 2.969145e+02
 -1.380000e-05 5.500000e-02 0.000000e+00 4.000000e-09 7.253606e-01 -2.289034e-01 8.009198e-07 0.000000e+00 9.981764e+04 4.522133e+02 1.956202e-05 3.603794e-02 0.000000e+00 0.000000e+00 0.000000e+00 0.000000e+00 1.000000e+00 9.889841e-02 9.011016e-01 -1.000000e+00 2.831214e+05 2.964937e+02
 -1.340000e-05 5.500000e-02 0.000000e+00 4.000000e-09 7.271674e-01 -2.637987e-01 8.138694e-07 0.000000e+00 9.981694e+04 4.516254e+02 1.953683e-05 3.596370e-02 0.000000e+00 0.000000e+00 0.000000e+00 0.000000e+00 1.000000e+00 9.865526e-02 9.013447e-01 -1.000000e+00 2.825084e+05 2.960325e+02
 -1.300000e-05 5.500000e-02 0.000000e+00 4.000000e-09 7.292073e-01 -3.025526e-01 8.022859e-07 0.000000e+00 9.981599e+04 4.509624e+02 1.950922e-05 3.588046e-02 0.000000e+00 0.000000e+00 0.000000e+00 0.000000e+00 1.000000e+00 9.836615e-02 9.016339e-01 -1.000000e+00 2.818253e+05 2.955314e+02
 -1.260000e-05 5.500000e-02 0.000000e+00 4.000000e-09 7.314988e-01 -3.453678e-01 7.126662e-07 0.000000e+00 9.981473e+04 4.502186e+02 1.947919e-05 3.578768e-02 0.000000e+00 0.000000e+00 0.000000e+00 0.000000e+00 1.000000e+00 9.802426e-02 9.019757e-01 -1.000000e+00 2.810687e+05 2.949916e+02
 -1.220000e-05 5.500000e-02 0.000000e+00 4.000000e-09 7.340605e-01 -3.924211e-01 6.982546e-07 0.000000e+00 9.981310e+04 4.493887e+02 1.944679e-05 3.568485e-02 0.000000e+00 0.000000e+00 0.000000e+00 0.000000e+00 1.000000e+00 9.762217e-02 9.023778e-01 -1.000000e+00 2.802359e+05 2.944155e+02
 -1.180000e-05 5.500000e-02 0.000000e+00 4.000000e-09 7.369104e-01 -4.438580e-01 7.687447e-07 0.000000e+00 9.981103e+04 4.484674e+02 1.941210e-05 3.557154e-02 0.000000e+00 0.000000e+00 0.000000e+00 0.000000e+00 1.000000e+00 9.715193e-02 9.028481e-01 -1.000000e+00 2.793248e+05 2.938063e+02
 -1.140000e-05 5.500000e-02 0.000000e+00 4.000000e-09 7.400654e-01 -4.997887e-01 9.445931e-07 0.000000e+00 9.980847e+04 4.474503e+02 1.937527e-05 3.544741e-02 0.000000e+00 0.000000e+00 0.000000e+00 0.000000e+00 1.000000e+00 9.660507e-02 9.033949e-01 -1.000000e+00 2.783342e+05 2.931688e+02
 -1.100000e-05 5.500000e-02 0.000000e+00 4.000000e-09 7.435413e-01 -5.602833e-01 1.077478e-06 0.000000e+00 9.980534e+04 4.463332e+02 1.933652e-05 3.531223e-02 0.000000e+00 0.000000e+00 0.000000e+00 0.000000e+00 1.000000e+00 9.597277e-02 9.040272e-01 -1.000000e+00 2.772641e+05 2.925088e+02
 -1.060000e-05 5.500000e-02 0.000000e+00 4.000000e-09 7.473520e-01 -6.253688e-01 1.080839e-06 0.000000e+00 9.980156e+04 4.451129e+02 1.929612e-05 3.516588e-02 0.000000e+00 0.000000e+00 0.000000e+00 0.000000e+00 1.000000e+00 9.524595e-02 9.047541e-01 -1.000000e+00 2.761156e+05 2.918337e+02
 -1.020000e-05 5.500000e-02 0.000000e+00 4.000000e-09 7.515091e-01 -6.950265e-01 1.057897e-06 0.000000e+00 9.979704e+04 4.437871e+02 1.925442e-05 3.500842e-02 0.000000e+00 0.000000e+00 0.000000e+00 0.000000e+00 1.000000e+00 9.441544e-02 9.055846e-01 -1.000000e+00 2.748909e+05 2.911521e+02
 -9.800000e-06 5.500000e-02 0.000000e+00 4.000000e-09 7.560214e-01 -7.691884e-01 9.539652e-07 0.000000e+00 9.979170e+04 4.423545e+02 1.921183e-05 3.484004e-02 0.000000e+00 0.000000e+00 0.000000e+00 0.000000e+00 1.000000e+00 9.347223e-02 9.065278e-01 -1.000000e+00 2.735938e+05 2.904741e+02
 -9.400000e-06 5.500000e-02 0.000000e+00 4.000000e-09 7.608944e-01 -8.477321e-01 7.639393e-07 0.000000e+00 9.978547e+04 4.408153e+02 1.916882e-05 3.466114e-02 0.000000e+00 0.000000e+00 0.000000e+00 0.000000e+00 1.000000e+00 9.240766e-02 9.075923e-01 -1.000000e+00 2.722295e+05 2.898111e+02
 -9.000000e-06 5.500000e-02 0.000000e+00 4.000000e-09 7.661299e-01 -9.304744e-01 5.660651e-07 0.000000e+00 9.977825e+04 4.391706e+02 1.912594e-05 3.447228e-02 0.000000e+00 0.000000e+00 0.000000e+00 0.000000e+00 1.000000e+00 9.121372e-02 9.087863e-01 -1.000000e+00 2.708046e+05 2.891755e+02
 -8.600000e-06 5.500000e-02 0.000000e+00 4.000000e-09 7.717252e-01 -1.017164e+00 4.496530e-07 0.000000e+00 9.976998e+04 4.374234e+02 1.908379e-05 3.427423e-02 0.000000e+00 0.000000e+00 0.000000e+00 0.000000e+00 1.000000e+00 8.988333e-02 9.101167e-01 -1.000000e+00 2.693272e+05 2.885810e+02
 -8.200000e-06 5.500000e-02 0.000000e+00 4.000000e-09 7.776733e-01 -1.107478e+00 3.592642e-07 0.000000e+00 9.976062e+04 4.355779e+02 1.904299e-05 3.406796e-02 0.000000e+00 0.000000e+00 0.000000e+00 0.000000e+00 1.000000e+00 8.841067e-02 9.115893e-01 -1.000000e+00 2.678068e+05 2.880418e+02
 -7.800000e-06 5.500000e-02 0.000000e+00 4.000000e-09 7.839621e-01 -1.201023e+00 1.186058e-07 0.000000e+00 9.975014e+04 4.336400e+02 1.900423e-05 3.385459e-02 0.000000e+00 0.000000e+00 0.000000e+00 0.000000e+00 1.000000e+00 8.679143e-02 9.132086e-01 -1.000000e+00 2.662541e+05 2.875727e+02
 -7.400000e-06 5.500000e-02 0.000000e+00 4.000000e-09 7.905746e-01 -1.297344e+00 -1.887913e-07 0.000000e+00 9.973853e+04 4.316170e+02 1.896820e-05 3.363545e-02 0.000000e+00 0.000000e+00 0.000000e+00 0.000000e+00 1.000000e+00 8.502317e-02 9.149768e-01 -1.000000e+00 2.646809e+05 2.871887e+02
 -7.000000e-06 5.500000e-02 0.000000e+00 4.000000e-09 7.974886e-01 -1.395936e+00 -6.440355e-07 0.000000e+00 9.972581e+04 4.295176e+02 1.893558e-05 3.341199e-02 0.000000e+00 0.000000e+00 0.000000e+00 0.000000e+00 1.000000e+00 8.310552e-02 9.168945e-01 -1.000000e+00 2.630996e+05 2.869044e+02
 -6.600000e-06 5.500000e-02 0.000000e+00 4.000000e-09 8.046775e-01 -1.496255e+00 -1.236701e-06 0.000000e+00 9.971205e+04 4.273517e+02 1.890703e-05 3.318575e-02 0.000000e+00 0.000000e+00 0.000000e+00 0.000000e+00 1.000000e+00 8.104039e-02 9.189596e-01 -1.000000e+00 2.615232e+05 2.867338e+02
 -6.200000e-06 5.500000e-02 0.000000e+00 4.000000e-09 8.121102e-01 -1.597731e+00 -1.844429e-06 0.000000e+00 9.969733e+04 4.251303e+02 1.888318e-05 3.295837e-02 0.000000e+00 0.000000e+00 0.000000e+00 0.000000e+00 1.000000e+00 7.883212e-02 9.211679e-01 -1.000000e+00 2.599650e+05 2.866898e+02
 -5.800000e-06 5.500000e-02 0.000000e+00 4.000000e-09 8.197525e-01 -1.699774e+00 -2.289368e-06 0.000000e+00 9.968177e+04 4.228651e+02 1.886456e-05 3.273150e-02 0.000000e+00 0.000000e+00 0.000000e+00 0.000000e+00 1.000000e+00 7.648749e-02 9.235125e-01 -1.000000e+00 2.584377e+05 2.867835e+02
 -5.400000e-06 5.500000e-02 0.000000e+00 4.000000e-09 8.275674e-01 -1.801755e+00 -2.666321e-06 0.000000e+00 9.966556e+04 4.205680e+02 1.885165e-05 3.250673e-02 0.000000e+00 0.000000e+00 0.000000e+00 0.000000e+00 1.000000e+00 7.401573e-02 9.259843e-01 -1.000000e+00 2.569533e+05 2.870242e+02
 -5.000000e-06 5.500000e-02 0.000000e+00 4.000000e-09 8.355171e-01 -1.903010e+00 -2.778517e-06 0.000000e+00 9.964891e+04 4.182512e+02 1.884477e-05 3.228560e-02 0.000000e+00 0.000000e+00 0.000000e+00 0.000000e+00 1.000000e+00 7.142834e-02 9.285717e-01 -1.000000e+00 2.555229e+05 2.874183e+02
 -4.600000e-06 5.500000e-02 0.000000e+00 4.000000e-09 8.435636e-01 -2.002856e+00 -2.301622e-06 0.000000e+00 9.963212e+04 4.159264e+02 1.884415e-05 3.206949e-02 0.000000e+00 0.000000e+00 0.000000e+00 0.000000e+00 1.000000e+00 6.873886e-02 9.312611e-01 -1.000000e+00 2.541559e+05 2.879696e+02
 -4.200000e-06 5.500000e-02 0.000000e+00 4.000000e-09 8.516712e-01 -2.100513e+00 -1.008936e-06 0.000000e+00 9.961554e+04 4.136048e+02 1.884984e-05 3.185960e-02 0.000000e+00 0.000000e+00 0.000000e+00 0.000000e+00 1.000000e+00 6.596258e-02 9.340374e-01 -1.000000e+00 2.528598e+05 2.886786e+02
 -3.800000e-06 5.500000e-02 0.000000e+00 4.000000e-09 8.598071e-01 -2.195150e+00 1.255943e-06 0.000000e+00 9.959960e+04 4.112964e+02 1.886176e-05 3.165691e-02 0.000000e+00 0.000000e+00 0.000000e+00 0.000000e+00 1.000000e+00 6.311616e-02 9.368838e-01 -1.000000e+00 2.516401e+05 2.895423e+02
 -3.400000e-06 5.500000e-02 0.000000e+00 4.000000e-09 8.679426e-01 -2.286114e+00 4.492180e-06 0.000000e+00 9.958473e+04 4.090103e+02 1.887964e-05 3.146213e-02 0.000000e+00 0.000000e+00 0.000000e+00 0.000000e+00 1.000000e+00 6.021720e-02 9.397828e-01 -1.000000e+00 2.504997e+05 2.905540e+02
 -3.000000e-06 5.500000e-02 0.000000e+00 4.000000e-09 8.760547e-01 -2.372805e+00 7.945523e-06 0.000000e+00 9.957137e+04 4.067535e+02 1.890307e-05 3.127570e-02 0.000000e+00 0.000000e+00 0.000000e+00 0.000000e+00 1.000000e+00 5.728381e-02 9.427162e-01 -1.000000e+00 2.494390e+05 2.917037e+02
 -2.600000e-06 5.500000e-02 0.000000e+00 4.000000e-09 8.841273e-01 -2.454352e+00 1.031168e-05 0.000000e+00 9.956013e+04 4.045320e+02 1.893147e-05 3.109779e-02 0.000000e+00 0.000000e+00 0.000000e+00 0.000000e+00 1.000000e+00 5.433413e-02 9.456659e-01 -1.000000e+00 2.484562e+05 2.929778e+02
 -2.200000e-06 5.500000e-02 0.000000e+00 4.000000e-09 8.921508e-01 -2.530021e+00 1.063510e-05 0.000000e+00 9.955157e+04 4.023498e+02 1.896415e-05 3.092827e-02 0.000000e+00 0.000000e+00 0.000000e+00 0.000000e+00 1.000000e+00 5.138598e-02 9.486140e-01 -1.000000e+00 2.475470e+05 2.943594e+02
 -1.800000e-06 5.500000e-02 0.000000e+00 4.000000e-09 9.001204e-01 -2.599924e+00 7.424446e-06 0.000000e+00 9.954592e+04 4.002092e+02 1.900026e-05 3.076675e-02 0.000000e+00 0.000000e+00 0.000000e+00 0.000000e+00 1.000000e+00 4.845645e-02 9.515436e-01 -1.000000e+00 2.467046e+05 2.958288e+02
 -1.400000e-06 5.500000e-02 0.000000e+00 4.000000e-09 9.080375e-01 -2.664424e+00 2.893493e-07 0.000000e+00 9.954333e+04 3.981111e+02 1.903885e-05 3.061261e-02 0.000000e+00 0.000000e+00 0.000000e+00 0.000000e+00 1.000000e+00 4.556158e-02 9.544384e-01 -1.000000e+00 2.459204e+05 2.973637e+02
 -1.000000e-06 5.500000e-02 0.000000e+00 4.000000e-09 9.159123e-01 -2.722622e+00 -6.757544e-06 0.000000e+00 9.954439e+04 3.960550e+02 1.907893e-05 3.046506e-02 0.000000e+00 0.000000e+00 0.000000e+00 0.000000e+00 1.000000e+00 4.271618e-02 9.572838e-01 -1.000000e+00 2.451846e+05 2.989403e+02
 -6.000000e-07 5.500000e-02 0.000000e+00 4.000000e-09 9.237626e-01 -2.772416e+00 -1.014361e-05 0.000000e+00 9.955009e+04 3.940398e+02 1.911950e-05 3.032323e-02 0.000000e+00 0.000000e+00 0.000000e+00 0.000000e+00 1.000000e+00 3.993354e-02 9.600665e-01 -1.000000e+00 2.444866e+05 3.005342e+02
 -2.000000e-07 5.500000e-02 0.000000e+00 4.000000e-09 9.316074e-01 -2.812538e+00 -1.015932e-05 0.000000e+00 9.956098e+04 3.920636e+02 1.915954e-05 3.018613e-02 0.000000e+00 0.000000e+00 0.000000e+00 0.000000e+00 1.000000e+00 3.722540e-02 9.627746e-01 -1.000000e+00 2.438150e+05 3.021204e+02
 2.000000e-07 5.500000e-02 0.000000e+00 4.000000e-09 9.394623e-01 -2.843696e+00 -7.598366e-06 0.000000e+00 9.957674e+04 3.901233e+02 1.919799e-05 3.005265e-02 0.000000e+00 0.000000e+00 0.000000e+00 0.000000e+00 1.000000e+00 3.460188e-02 9.653981e-01 -1.000000e+00 2.431579e+05 3.036733e+02
 6.000000e-07 5.500000e-02 0.000000e+00 4.000000e-09 9.473425e-01 -2.867446e+00 -3.868561e-06 0.000000e+00 9.959672e+04 3.882153e+02 1.923387e-05 2.992169e-02 0.000000e+00 0.000000e+00 0.000000e+00 0.000000e+00 1.000000e+00 3.207150e-02 9.679285e-01 -1.000000e+00 2.425029e+05 3.051678e+02
 1.000000e-06 5.500000e-02 0.000000e+00 4.000000e-09 9.552652e-01 -2.884454e+00 -7.580945e-07 0.000000e+00 9.962055e+04 3.863364e+02 1.926626e-05 2.979218e-02 0.000000e+00 0.000000e+00 0.000000e+00 0.000000e+00 1.000000e+00 2.964119e-02 9.703588e-01 -1.000000e+00 2.418389e+05 3.065806e+02
 1.400000e-06 5.500000e-02 0.000000e+00 4.000000e-09 9.632490e-01 -2.894403e+00 1.320503e-06 0.000000e+00 9.964831e+04 3.844839e+02 1.929435e-05 2.966321e-02 0.000000e+00 0.000000e+00 0.000000e+00 0.000000e+00 1.000000e+00 2.731640e-02 9.726836e-01 -1.000000e+00 2.411561e+05 3.078909e+02
 1.800000e-06 5.500000e-02 0.000000e+00 4.000000e-09 9.713098e-01 -2.897844e+00 2.440582e-06 0.000000e+00 9.968008e+04 3.826556e+02 1.931750e-05 2.953400e-02 0.000000e+00 0.000000e+00 0.000000e+00 0.000000e+00 1.000000e+00 2.510118e-02 9.748988e-01 -1.000000e+00 2.404463e+05 3.090807e+02
 2.200000e-06 5.500000e-02 0.000000e+00 4.000000e-09 9.794516e-01 -2.895233e+00 2.829579e-06 0.000000e+00 9.971477e+04 3.808495e+02 1.933511e-05 2.940382e-02 0.000000e+00 0.000000e+00 0.000000e+00 0.000000e+00 1.000000e+00 2.299827e-02 9.770017e-01 -1.000000e+00 2.397018e+05 3.101340e+02
 2.600000e-06 5.500000e-02 0.000000e+00 4.000000e-09 9.876853e-01 -2.883735e+00 2.652867e-06 0.000000e+00 9.975282e+04 3.790650e+02 1.934681e-05 2.927223e-02 0.000000e+00 0.000000e+00 0.000000e+00 0.000000e+00 1.000000e+00 2.100929e-02 9.789907e-01 -1.000000e+00 2.389181e+05 3.110394e+02
 3.000000e-06 5.500000e-02 0.000000e+00 4.000000e-09 9.960131e-01 -2.862354e+00 2.262225e-06 0.000000e+00 9.979425e+04 3.773024e+02 1.935235e-05 2.913894e-02 0.000000e+00 0.000000e+00 0.000000e+00 0.000000e+00 1.000000e+00 1.913478e-02 9.808652e-01 -1.000000e+00 2.380923e+05 3.117888e+02
 3.400000e-06 5.500000e-02 0.000000e+00 4.000000e-09 1.004422e+00 -2.832801e+00 1.936706e-06 0.000000e+00 9.983771e+04 3.755621e+02 1.935161e-05 2.900376e-02 0.000000e+00 0.000000e+00 0.000000e+00 0.000000e+00 1.000000e+00 1.737437e-02 9.826256e-01 -1.000000e+00 2.372224e+05 3.123764e+02
 3.800000e-06 5.500000e-02 0.000000e+00 4.000000e-09 1.012893e+00 -2.795539e+00 1.435661e-06 0.000000e+00 9.988210e+04 3.738456e+02 1.934457e-05 2.886667e-02 0.000000e+00 0.000000e+00 0.000000e+00 0.000000e+00 1.000000e+00 1.572689e-02 9.842731e-01 -1.000000e+00 2.363086e+05 3.128004e+02
 4.200000e-06 5.500000e-02 0.000000e+00 4.000000e-09 1.021407e+00 -2.750149e+00 8.757142e-07 0.000000e+00 9.992658e+04 3.721553e+02 1.933141e-05 2.872788e-02 0.000000e+00 0.000000e+00 0.000000e+00 0.000000e+00 1.000000e+00 1.419048e-02 9.858095e-01 -1.000000e+00 2.353533e+05 3.130625e+02
 4.600000e-06 5.500000e-02 0.000000e+00 4.000000e-09 1.029933e+00 -2.696296e+00 2.062021e-07 0.000000e+00 9.997034e+04 3.704945e+02 1.931241e-05 2.858775e-02 0.000000e+00 0.000000e+00 0.000000e+00 0.000000e+00 1.000000e+00 1.276267e-02 9.872373e-01 -1.000000e+00 2.343603e+05 3.131678e+02
 5.000000e-06 5.500000e-02 0.000000e+00 4.000000e-09 1.038440e+00 -2.633949e+00 -1.747132e-07 0.000000e+00 1.000126e+05 3.688672e+02 1.928799e-05 2.844677e-02 0.000000e+00 0.000000e+00 0.000000e+00 0.000000e+00 1.000000e+00 1.144049e-02 9.885595e-01 -1.000000e+00 2.333351e+05 3.131245e+02
 5.400000e-06 5.500000e-02 0.000000e+00 4.000000e-09 1.046889e+00 -2.563341e+00 -3.484402e-07 0.000000e+00 1.000525e+05 3.672780e+02 1.925866e-05 2.830557e-02 0.000000e+00 0.000000e+00 0.000000e+00 0.000000e+00 1.000000e+00 1.022052e-02 9.897795e-01 -1.000000e+00 2.322847e+05 3.129434e+02
 5.800000e-06 5.500000e-02 0.000000e+00 4.000000e-09 1.055238e+00 -2.484920e+00 -6.329628e-07 0.000000e+00 1.000895e+05 3.657319e+02 1.922501e-05 2.816489e-02 0.000000e+00 0.000000e+00 0.000000e+00 0.000000e+00 1.000000e+00 9.098952e-03 9.909010e-01 -1.000000e+00 2.312168e+05 3.126375e+02
 6.200000e-06 5.500000e-02 0.000000e+00 4.000000e-09 1.063444e+00 -2.399237e+00 -9.250551e-07 0.000000e+00 1.001231e+05 3.642340e+02 1.918772e-05 2.802552e-02 0.000000e+00 0.000000e+00 0.000000e+00 0.000000e+00 1.000000e+00 8.071700e-03 9.919283e-01 -1.000000e+00 2.301400e+05 3.122214e+02
 6.600000e-06 5.500000e-02 0.000000e+00 4.000000e-09 1.071461e+00 -2.306852e+00 -9.850748e-07 0.000000e+00 1.001527e+05 3.627895e+02 1.914748e-05 2.788830e-02 0.000000e+00 0.000000e+00 0.000000e+00 0.000000e+00 1.000000e+00 7.134414e-03 9.928656e-01 -1.000000e+00 2.290634e+05 3.117112e+02
 7.000000e-06 5.500000e-02 0.000000e+00 4.000000e-09 1.079243e+00 -2.208212e+00 -8.844662e-07 0.000000e+00 1.001779e+05 3.614035e+02 1.910501e-05 2.775407e-02 0.000000e+00 0.000000e+00 0.000000e+00 0.000000e+00 1.000000e+00 6.282549e-03 9.937175e-01 -1.000000e+00 2.279959e+05 3.111234e+02
 7.400000e-06 5.500000e-02 0.000000e+00 4.000000e-09 1.086746e+00 -2.103693e+00 -6.844689e-07 0.000000e+00 1.001983e+05 3.600805e+02 1.906103e-05 2.762364e-02 0.000000e+00 0.000000e+00 0.000000e+00 0.000000e+00 1.000000e+00 5.511414e-03 9.944886e-01 -1.000000e+00 2.269464e+05 3.104747e+02
 7.800000e-06 5.500000e-02 0.000000e+00 4.000000e-09 1.093927e+00 -1.993693e+00 -4.921530e-07 0.000000e+00 1.002135e+05 3.588247e+02 1.901625e-05 2.749779e-02 0.000000e+00 0.000000e+00 0.000000e+00 0.000000e+00 1.000000e+00 4.816215e-03 9.951838e-01 -1.000000e+00 2.259234e+05 3.097816e+02
 8.200000e-06 5.500000e-02 0.000000e+00 4.000000e-09 1.100748e+00 -1.878792e+00 -3.099604e-07 0.000000e+00 1.002233e+05 3.576395e+02 1.897132e-05 2.737721e-02 0.000000e+00 0.000000e+00 0.000000e+00 0.000000e+00 1.000000e+00 4.192103e-03 9.958079e-01 -1.000000e+00 2.249344e+05 3.090598e+02
 8.600000e-06 5.500000e-02 0.000000e+00 4.000000e-09 1.107179e+00 -1.759883e+00 -2.946627e-07 0.000000e+00 1.002280e+05 3.565278e+02 1.892687e-05 2.726253e-02 0.000000e+00 0.000000e+00 0.000000e+00 0.000000e+00 1.000000e+00 3.634212e-03 9.963658e-01 -1.000000e+00 2.239865e+05 3.083241e+02
 9.000000e-06 5.500000e-02 0.000000e+00 4.000000e-09 1.113194e+00 -1.638139e+00 -2.633681e-07 0.000000e+00 1.002276e+05 3.554914e+02 1.888344e-05 2.715426e-02 0.000000e+00 0.000000e+00 0.000000e+00 0.000000e+00 1.000000e+00 3.137700e-03 9.968623e-01 -1.000000e+00 2.230856e+05 3.075880e+02
 9.400000e-06 5.500000e-02 0.000000e+00 4.000000e-09 1.118777e+00 -1.514906e+00 -1.575767e-07 0.000000e+00 1.002227e+05 3.545315e+02 1.884154e-05 2.705283e-02 0.000000e+00 0.000000e+00 0.000000e+00 0.000000e+00 1.000000e+00 2.697787e-03 9.973022e-01 -1.000000e+00 2.222365e+05 3.068636e+02
 9.800000e-06 5.500000e-02 0.000000e+00 4.000000e-09 1.123918e+00 -1.391544e+00 -9.375032e-08 0.000000e+00 1.002138e+05 3.536483e+02 1.880155e-05 2.695851e-02 0.000000e+00 0.000000e+00 0.000000e+00 0.000000e+00 1.000000e+00 2.309795e-03 9.976902e-01 -1.000000e+00 2.214429e+05 3.061611e+02
 1.020000e-05 5.500000e-02 0.000000e+00 4.000000e-09 1.128613e+00 -1.269357e+00 -5.213815e-08 0.000000e+00 1.002013e+05 3.528410e+02 1.876380e-05 2.687146e-02 0.000000e+00 0.000000e+00 0.000000e+00 0.000000e+00 1.000000e+00 1.969178e-03 9.980308e-01 -1.000000e+00 2.207071e+05 3.054889e+02
 1.060000e-05 5.500000e-02 0.000000e+00 4.000000e-09 1.132869e+00 -1.149565e+00 -4.052481e-08 0.000000e+00 1.001859e+05 3.521079e+02 1.872853e-05 2.679172e-02 0.000000e+00 0.000000e+00 0.000000e+00 0.000000e+00 1.000000e+00 1.671553e-03 9.983284e-01 -1.000000e+00 2.200305e+05 3.048535e+02
 1.100000e-05 5.500000e-02 0.000000e+00 4.000000e-09 1.136694e+00 -1.033294e+00 -4.741684e-08 0.000000e+00 1.001682e+05 3.514467e+02 1.869590e-05 2.671923e-02 0.000000e+00 0.000000e+00 0.000000e+00 0.000000e+00 1.000000e+00 1.412730e-03 9.985873e-01 -1.000000e+00 2.194132e+05 3.042598e+02
 1.140000e-05 5.500000e-02 0.000000e+00 4.000000e-09 1.140105e+00 -9.215546e-01 -8.579478e-08 0.000000e+00 1.001487e+05 3.508544e+02 1.866599e-05 2.665380e-02 0.000000e+00 0.000000e+00 0.000000e+00 0.000000e+00 1.000000e+00 1.188732e-03 9.988113e-01 -1.000000e+00 2.188544e+05 3.037111e+02
 1.180000e-05 5.500000e-02 0.000000e+00 4.000000e-09 1.143123e+00 -8.152275e-01 -1.099187e-07 0.000000e+00 1.001283e+05 3.503272e+02 1.863882e-05 2.659519e-02 0.000000e+00 0.000000e+00 0.000000e+00 0.000000e+00 1.000000e+00 9.958137e-04 9.990042e-01 -1.000000e+00 2.183524e+05 3.032091e+02
 1.220000e-05 5.500000e-02 0.000000e+00 4.000000e-09 1.145774e+00 -7.150703e-01 -2.235936e-07 0.000000e+00 1.001073e+05 3.498613e+02 1.861437e-05 2.654307e-02 0.000000e+00 0.000000e+00 0.000000e+00 0.000000e+00 1.000000e+00 8.304762e-04 9.991695e-01 -1.000000e+00 2.179049e+05 3.027544e+02
 1.260000e-05 5.500000e-02 0.000000e+00 4.000000e-09 1.148085e+00 -6.216984e-01 -3.187409e-07 0.000000e+00 1.000863e+05 3.494523e+02 1.859255e-05 2.649706e-02 0.000000e+00 0.000000e+00 0.000000e+00 0.000000e+00 1.000000e+00 6.894753e-04 9.993105e-01 -1.000000e+00 2.175089e+05 3.023463e+02
 1.300000e-05 5.500000e-02 0.000000e+00 4.000000e-09 1.150083e+00 -5.355725e-01 -4.841427e-07 0.000000e+00 1.000658e+05 3.490955e+02 1.857323e-05 2.645672e-02 0.000000e+00 0.000000e+00 0.000000e+00 0.000000e+00 1.000000e+00 5.698262e-04 9.994302e-01 -1.000000e+00 2.171612e+05 3.019833e+02
 1.340000e-05 5.500000e-02 0.000000e+00 4.000000e-09 1.151800e+00 -4.569608e-01 -4.747351e-07 0.000000e+00 1.000461e+05 3.487865e+02 1.855627e-05 2.642161e-02 0.000000e+00 0.000000e+00 0.000000e+00 0.000000e+00 1.000000e+00 4.688034e-04 9.995312e-01 -1.000000e+00 2.168579e+05 3.016633e+02
 1.380000e-05 5.500000e-02 0.000000e+00 4.000000e-09 1.153263e+00 -3.859586e-01 -4.528013e-07 0.000000e+00 1.000275e+05 3.485205e+02 1.854150e-05 2.639127e-02 0.000000e+00 0.000000e+00 0.000000e+00 0.000000e+00 1.000000e+00 3.839372e-04 9.996161e-01 -1.000000e+00 2.165954e+05 3.013834e+02
 1.420000e-05 5.500000e-02 0.000000e+00 4.000000e-09 1.154502e+00 -3.224973e-01 -5.545254e-07 0.000000e+00 1.000101e+05 3.482930e+02 1.852873e-05 2.636522e-02 0.000000e+00 0.000000e+00 0.000000e+00 0.000000e+00 1.000000e+00 3.130059e-04 9.996870e-01 -1.000000e+00 2.163697e+05 3.011406e+02
 1.460000e-05 5.500000e-02 0.000000e+00 4.000000e-09 1.155544e+00 -2.663939e-01 -7.633882e-07 0.000000e+00 9.999427e+04 3.480998e+02 1.851778e-05 2.634301e-02 0.000000e+00 0.000000e+00 0.000000e+00 0.000000e+00 1.000000e+00 2.540265e-04 9.997460e-01 -1.000000e+00 2.161771e+05 3.009317e+02
 1.500000e-05 5.500000e-02 0.000000e+00 4.000000e-09 1.156415e+00 -2.173627e-01 -9.423795e-07 0.000000e+00 9.997995e+04 3.479368e+02 1.850846e-05 2.632421e-02 0.000000e+00 0.000000e+00 0.000000e+00 0.000000e+00 1.000000e+00 2.052418e-04 9.997948e-01 -1.000000e+00 2.160138e+05 3.007534e+02
 1.540000e-05 5.500000e-02 0.000000e+00 4.000000e-09 1.157138e+00 -1.750462e-01 -1.107484e-06 0.000000e+00 9.996721e+04 3.478003e+02 1.850058e-05 2.630842e-02 0.000000e+00 0.000000e+00 0.000000e+00 0.000000e+00 1.000000e+00 1.651066e-04 9.998349e-01 -1.000000e+00 2.158764e+05 3.006025e+02
 1.580000e-05 5.500000e-02 0.000000e+00 4.000000e-09 1.157734e+00 -1.390232e-01 -9.076281e-07 0.000000e+00 9.995607e+04 3.476867e+02 1.849398e-05 2.629524e-02 0.000000e+00 0.000000e+00 0.000000e+00 0.000000e+00 1.000000e+00 1.322725e-04 9.998677e-01 -1.000000e+00 2.157617e+05 3.004757e+02
 1.620000e-05 5.500000e-02 0.000000e+00 4.000000e-09 1.158222e+00 -1.087886e-01 -7.275524e-07 0.000000e+00 9.994649e+04 3.475928e+02 1.848850e-05 2.628433e-02 0.000000e+00 0.000000e+00 0.000000e+00 0.000000e+00 1.000000e+00 1.055724e-04 9.998944e-01 -1.000000e+00 2.156667e+05 3.003701e+02
 1.660000e-05 5.500000e-02 0.000000e+00 4.000000e-09 1.158619e+00 -8.383561e-02 -6.652693e-07 0.000000e+00 9.993835e+04 3.475160e+02 1.848398e-05 2.627538e-02 0.000000e+00 0.000000e+00 0.000000e+00 0.000000e+00 1.000000e+00 8.400455e-05 9.999160e-01 -1.000000e+00 2.155886e+05 3.002830e+02
 1.700000e-05 5.500000e-02 0.000000e+00 4.000000e-09 1.158941e+00 -6.351169e-02 -3.774231e-07 0.000000e+00 9.993159e+04 3.474536e+02 1.848030e-05 2.626810e-02 0.000000e+00 0.000000e+00 0.000000e+00 0.000000e+00 1.000000e+00 6.671708e-05 9.999333e-01 -1.000000e+00 2.155251e+05 3.002119e+02
 1.740000e-05 5.500000e-02 0.000000e+00 4.000000e-09 1.159197e+00 -4.729057e-02 -6.827268e-07 0.000000e+00 9.992603e+04 3.474035e+02 1.847733e-05 2.626224e-02 0.000000e+00 0.000000e+00 0.000000e+00 0.000000e+00 1.000000e+00 5.299363e-05 9.999470e-01 -1.000000e+00 2.154740e+05 3.001544e+02
 1.780000e-05 5.500000e-02 0.000000e+00 4.000000e-09 1.159400e+00 -3.443433e-02 -4.159617e-07 0.000000e+00 9.992161e+04 3.473639e+02 1.847497e-05 2.625760e-02 0.000000e+00 0.000000e+00 0.000000e+00 0.000000e+00 1.000000e+00 4.223954e-05 9.999578e-01 -1.000000e+00 2.154335e+05 3.001088e+02
 1.820000e-05 5.500000e-02 0.000000e+00 4.000000e-09 1.159556e+00 -2.454869e-02 -2.809323e-07 0.000000e+00 9.991807e+04 3.473332e+02 1.847313e-05 2.625400e-02 0.000000e+00 0.000000e+00 0.000000e+00 0.000000e+00 1.000000e+00 3.396929e-05 9.999660e-01 -1.000000e+00 2.154020e+05 3.000732e+02
 1.860000e-05 5.500000e-02 0.000000e+00 4.000000e-09 1.159674e+00 -1.674361e-02 -2.915172e-07 0.000000e+00 9.991550e+04 3.473101e+02 1.847175e-05 2.625129e-02 0.000000e+00 0.000000e+00 0.000000e+00 0.000000e+00 1.000000e+00 2.779515e-05 9.999722e-01 -1.000000e+00 2.153783e+05 3.000463e+02
 1.900000e-05 5.500000e-02 0.000000e+00 4.000000e-09 1.159757e+00 -1.090955e-02 -3.677248e-07 0.000000e+00 9.991353e+04 3.472936e+02 1.847076e-05 2.624935e-02 0.000000e+00 0.000000e+00 0.000000e+00 0.000000e+00 1.000000e+00 2.341648e-05 9.999766e-01 -1.000000e+00 2.153613e+05 3.000271e+02
 1.940000e-05 5.500000e-02 0.000000e+00 4.000000e-09 1.159812e+00 -6.051737e-03 -1.897809e-07 0.000000e+00 9.991237e+04 3.472830e+02 1.847012e-05 2.624810e-02 0.000000e+00 0.000000e+00 0.000000e+00 0.000000e+00 1.000000e+00 2.060891e-05 9.999794e-01 -1.000000e+00 2.153504e+05 3.000147e+02
 1.980000e-05 5.500000e-02 0.000000e+00 4.000000e-09 1.159838e+00 -2.246222e-03 1.194677e-07 0.000000e+00 9.991171e+04 3.472777e+02 1.846981e-05 2.624748e-02 0.000000e+00 0.000000e+00 0.000000e+00 0.000000e+00 1.000000e+00 1.921279e-05 9.999808e-01 -1.000000e+00 2.153450e+05 3.000086e+02
