# x(m)  tau_w(Pa)  Cf   y_plus
0.000060 344.816572 0.019850 0.034918 9.764071
0.000179 347.353647 0.019996 0.020160 9.227714
0.000299 347.315327 0.019994 0.015616 8.659970
0.000419 344.921017 0.019856 0.013198 8.091996
0.000538 339.784798 0.019561 0.011639 7.552538
0.000658 331.464731 0.019082 0.010528 7.048003
0.000778 320.209869 0.018434 0.009684 6.572475
0.000897 306.009314 0.017616 0.009016 6.123781
0.001017 288.725929 0.016621 0.008469 5.704553
0.001137 269.543760 0.015517 0.008011 5.314248
0.001256 249.037764 0.014337 0.007620 4.950730
0.001376 227.321774 0.013086 0.007281 4.608057
0.001496 205.328762 0.011820 0.006983 4.290267
0.001615 184.718378 0.010634 0.006720 4.001226
0.001735 166.081293 0.009561 0.006484 3.745483
0.001854 150.075611 0.008639 0.006271 3.523218
0.001974 136.387506 0.007851 0.006078 3.332924
0.002094 124.989615 0.007195 0.005902 3.171030
0.002213 115.346220 0.006640 0.005740 3.033499
0.002333 107.386722 0.006182 0.005591 2.917093
0.002453 100.774494 0.005801 0.005453 2.818893
0.002572 95.274567 0.005485 0.005325 2.735920
0.002692 90.681701 0.005220 0.005205 2.665543
0.002812 86.834622 0.004999 0.005093 2.605549
0.002931 83.591253 0.004812 0.004988 2.554110
0.003051 80.857914 0.004655 0.004889 2.509922
0.003171 78.542810 0.004522 0.004796 2.471817
0.003290 76.559395 0.004407 0.004708 2.438531
0.003410 74.829966 0.004308 0.004625 2.409046
0.003529 73.314630 0.004221 0.004546 2.382681
0.003649 71.945826 0.004142 0.004471 2.358603
0.003769 70.701749 0.004070 0.004399 2.336442
0.003888 69.563170 0.004005 0.004331 2.315928
0.004008 68.513055 0.003944 0.004266 2.296799
0.004128 67.532544 0.003888 0.004204 2.278763
0.004247 66.606776 0.003834 0.004144 2.261606
0.004367 65.728302 0.003784 0.004087 2.245219
0.004487 64.892025 0.003736 0.004032 2.229520
0.004606 64.092071 0.003690 0.003979 2.214410
0.004726 63.323222 0.003645 0.003929 2.199810
0.004846 62.582342 0.003603 0.003880 2.185670
0.004965 61.866875 0.003562 0.003833 2.171948
0.005085 61.174990 0.003522 0.003787 2.158612
0.005204 60.506406 0.003483 0.003744 2.145665
0.005324 59.861040 0.003446 0.003701 2.133106
0.005444 59.237306 0.003410 0.003660 2.120907
0.005563 58.632486 0.003375 0.003621 2.109021
0.005683 58.044218 0.003341 0.003582 2.097409
0.005803 57.471482 0.003308 0.003545 2.086055
0.005922 56.914517 0.003276 0.003509 2.074967
0.006042 56.373852 0.003245 0.003474 2.064153
0.006162 55.849571 0.003215 0.003441 2.053618
0.006281 55.340889 0.003186 0.003408 2.043349
0.006401 54.846186 0.003157 0.003376 2.033318
0.006521 54.364054 0.003130 0.003344 2.023501
0.006640 53.894078 0.003103 0.003314 2.013895
0.006760 53.436523 0.003076 0.003285 2.004505
0.006879 52.991636 0.003051 0.003256 1.995338
0.006999 52.559273 0.003026 0.003228 1.986391
0.007119 52.138613 0.003001 0.003201 1.977652
0.007238 51.728051 0.002978 0.003174 1.969091
0.007358 51.325879 0.002955 0.003148 1.960678
0.007478 50.931233 0.002932 0.003123 1.952395
0.007597 50.544818 0.002910 0.003098 1.944257
0.007717 50.168192 0.002888 0.003074 1.936294
0.007837 49.801737 0.002867 0.003051 1.928517
0.007956 49.444206 0.002846 0.003028 1.920902
0.008076 49.093825 0.002826 0.003005 1.913415
0.008196 48.749517 0.002806 0.002983 1.906035
0.008315 48.411631 0.002787 0.002962 1.898769
0.008435 48.081213 0.002768 0.002941 1.891640
0.008554 47.758396 0.002749 0.002920 1.884653
0.008674 47.442030 0.002731 0.002900 1.877787
0.008794 47.130591 0.002713 0.002880 1.871010
0.008913 46.823312 0.002696 0.002861 1.864304
0.009033 46.520727 0.002678 0.002842 1.857684
0.009153 46.223845 0.002661 0.002823 1.851164
0.009272 45.933721 0.002644 0.002805 1.844781
0.009392 45.651965 0.002628 0.002787 1.838537
0.009512 45.372013 0.002612 0.002769 1.832353
0.009631 45.107316 0.002597 0.002752 1.826428
0.009751 44.838484 0.002581 0.002735 1.820446
0.009871 44.579825 0.002566 0.002718 1.814646
0.009990 44.324036 0.002552 0.002702 1.808903
0.010110 44.072493 0.002537 0.002686 1.803237
0.010229 43.824115 0.002523 0.002670 1.797629
0.010349 43.579148 0.002509 0.002655 1.792082
0.010469 43.337882 0.002495 0.002640 1.786606
0.010588 43.100758 0.002481 0.002625 1.781208
0.010708 42.867823 0.002468 0.002610 1.775891
0.010828 42.639098 0.002455 0.002595 1.770657
0.010947 42.414760 0.002442 0.002581 1.765508
0.011067 42.194815 0.002429 0.002567 1.760446
0.011187 41.978670 0.002417 0.002553 1.755456
0.011306 41.765510 0.002404 0.002540 1.750523
0.011426 41.554841 0.002392 0.002527 1.745634
0.011546 41.346225 0.002380 0.002513 1.740780
0.011665 41.139248 0.002368 0.002500 1.735955
0.011785 40.934093 0.002356 0.002488 1.731163
0.011904 40.731707 0.002345 0.002475 1.726425
0.012024 40.533412 0.002333 0.002463 1.721770
0.012144 40.339861 0.002322 0.002451 1.717211
0.012263 40.150824 0.002311 0.002439 1.712744
0.012383 39.965883 0.002301 0.002427 1.708358
0.012503 39.783880 0.002290 0.002415 1.704029
0.012622 39.603441 0.002280 0.002404 1.699728
0.012742 39.424276 0.002270 0.002393 1.695449
0.012862 39.246536 0.002259 0.002381 1.691196
0.012981 39.070406 0.002249 0.002370 1.686973
0.013101 38.896712 0.002239 0.002359 1.682799
0.013221 38.726519 0.002229 0.002349 1.678695
0.013340 38.559132 0.002220 0.002338 1.674649
0.013460 38.392441 0.002210 0.002328 1.670617
0.013579 38.226177 0.002201 0.002318 1.666595
0.013699 38.062992 0.002191 0.002307 1.662636
0.013819 37.904422 0.002182 0.002297 1.658769
0.013938 37.747855 0.002173 0.002288 1.654941
0.014058 37.592332 0.002164 0.002278 1.651133
0.014178 37.438894 0.002155 0.002268 1.647366
0.014297 37.287040 0.002147 0.002259 1.643629
0.014417 37.136753 0.002138 0.002249 1.639922
0.014537 36.988343 0.002129 0.002240 1.636255
0.014656 36.841657 0.002121 0.002231 1.632623
0.014776 36.697242 0.002113 0.002222 1.629039
0.014896 36.555709 0.002104 0.002213 1.625515
0.015015 36.415605 0.002096 0.002204 1.622018
0.015135 36.275055 0.002088 0.002195 1.618509
0.015254 36.134804 0.002080 0.002187 1.615005
0.015374 35.997071 0.002072 0.002178 1.611554
0.015494 35.862553 0.002065 0.002170 1.608168
0.015613 35.729890 0.002057 0.002161 1.604819
0.015733 35.597956 0.002049 0.002153 1.601485
0.015853 35.466929 0.002042 0.002145 1.598171
0.015972 35.337893 0.002034 0.002137 1.594899
0.016092 35.211601 0.002027 0.002129 1.591685
0.016212 35.087760 0.002020 0.002121 1.588524
0.016331 34.965234 0.002013 0.002113 1.585390
0.016451 34.843079 0.002006 0.002106 1.582263
0.016571 34.721533 0.001999 0.002098 1.579148
0.016690 34.601544 0.001992 0.002090 1.576064
0.016810 34.483446 0.001985 0.002083 1.573018
0.016929 34.366679 0.001978 0.002076 1.569997
0.017049 34.250589 0.001972 0.002068 1.566988
0.017169 34.134718 0.001965 0.002061 1.563984
0.017288 34.019076 0.001958 0.002054 1.560985
0.017408 33.904075 0.001952 0.002047 1.558000
0.017528 33.789948 0.001945 0.002040 1.555032
0.017647 33.676749 0.001939 0.002033 1.552084
0.017767 33.564448 0.001932 0.002026 1.549154
0.017887 33.452908 0.001926 0.002019 1.546241
0.018006 33.342052 0.001919 0.002013 1.543343
0.018126 33.232208 0.001913 0.002006 1.540468
0.018246 33.124216 0.001907 0.001999 1.537634
0.018365 33.019046 0.001901 0.001993 1.534861
0.018485 32.917046 0.001895 0.001986 1.532156
0.018604 32.817456 0.001889 0.001980 1.529504
0.018724 32.719153 0.001884 0.001974 1.526878
0.018844 32.621225 0.001878 0.001967 1.524262
0.018963 32.524052 0.001872 0.001961 1.521658
0.019083 32.424976 0.001867 0.001955 1.519015
0.019203 32.329084 0.001861 0.001949 1.516435
0.019322 32.229851 0.001855 0.001943 1.513782
0.019442 32.132387 0.001850 0.001937 1.511166
0.019562 32.035022 0.001844 0.001931 1.508552
0.019681 31.938667 0.001839 0.001925 1.505960
0.019801 31.843418 0.001833 0.001919 1.503393
0.019921 31.749497 0.001828 0.001913 1.500856
0.020040 31.656856 0.001822 0.001908 1.498347
0.020160 31.565338 0.001817 0.001902 1.495862
0.020279 31.474748 0.001812 0.001896 1.493397
0.020399 31.385057 0.001807 0.001891 1.490951
0.020519 31.296315 0.001802 0.001885 1.488527
0.020638 31.208506 0.001797 0.001880 1.486124
0.020758 31.121503 0.001792 0.001874 1.483739
0.020878 31.035019 0.001787 0.001869 1.481365
0.020997 30.948730 0.001782 0.001864 1.478994
0.021117 30.862548 0.001777 0.001858 1.476624
0.021237 30.776724 0.001772 0.001853 1.474261
0.021356 30.691786 0.001767 0.001848 1.471917
0.021476 30.608173 0.001762 0.001843 1.469605
0.021596 30.525977 0.001757 0.001838 1.467326
0.021715 30.444856 0.001753 0.001833 1.465072
0.021835 30.364240 0.001748 0.001828 1.462828
0.021954 30.283557 0.001743 0.001823 1.460579
0.022074 30.202488 0.001739 0.001818 1.458318
0.022194 30.121266 0.001734 0.001813 1.456051
0.022313 30.040742 0.001729 0.001808 1.453799
0.022433 29.961632 0.001725 0.001803 1.451581
0.022553 29.884373 0.001720 0.001798 1.449409
0.022672 29.808761 0.001716 0.001794 1.447277
0.022792 29.734026 0.001712 0.001789 1.445166
0.022912 29.659596 0.001707 0.001784 1.443061
0.023031 29.585038 0.001703 0.001780 1.440949
0.023151 29.509472 0.001699 0.001775 1.438809
0.023271 29.433347 0.001694 0.001770 1.436653
0.023390 29.357042 0.001690 0.001766 1.434491
0.023510 29.281315 0.001686 0.001761 1.432345
0.023629 29.206690 0.001681 0.001757 1.430227
0.023749 29.133755 0.001677 0.001752 1.428150
0.023869 29.062216 0.001673 0.001748 1.426108
0.023988 28.991500 0.001669 0.001744 1.424085
0.024108 28.920945 0.001665 0.001739 1.422064
0.024228 28.849994 0.001661 0.001735 1.420031
0.024347 28.778369 0.001657 0.001731 1.417978
0.024467 28.706415 0.001653 0.001727 1.415916
0.024587 28.634628 0.001648 0.001722 1.413858
0.024706 28.563346 0.001644 0.001718 1.411812
0.024826 28.492998 0.001640 0.001714 1.409789
0.024946 28.423747 0.001636 0.001710 1.407794
0.025065 28.355446 0.001632 0.001706 1.405822
0.025185 28.287782 0.001628 0.001702 1.403864
0.025304 28.220306 0.001625 0.001698 1.401911
0.025424 28.152538 0.001621 0.001694 1.399950
0.025544 28.084227 0.001617 0.001690 1.397975
0.025663 28.015485 0.001613 0.001686 1.395989
0.025783 27.946618 0.001609 0.001682 1.393999
0.025903 27.877900 0.001605 0.001678 1.392012
0.026022 27.809367 0.001601 0.001674 1.390028
0.026142 27.740786 0.001597 0.001670 1.388041
0.026262 27.671854 0.001593 0.001667 1.386046
0.026381 27.602372 0.001589 0.001663 1.384037
0.026501 27.532331 0.001585 0.001659 1.382015
0.026621 27.461865 0.001581 0.001655 1.379981
0.026740 27.390972 0.001577 0.001652 1.377936
0.026860 27.320218 0.001573 0.001648 1.375895
0.026979 27.248970 0.001569 0.001644 1.373842
0.027099 27.177467 0.001565 0.001641 1.371782
0.027219 27.105256 0.001560 0.001637 1.369706
0.027338 27.032385 0.001556 0.001633 1.367616
0.027458 26.958958 0.001552 0.001630 1.365511
0.027578 26.884812 0.001548 0.001626 1.363389
0.027697 26.809498 0.001543 0.001623 1.361237
0.027817 26.732721 0.001539 0.001619 1.359047
0.027937 26.654270 0.001534 0.001616 1.356816
0.028056 26.573890 0.001530 0.001612 1.354536
0.028176 26.491310 0.001525 0.001609 1.352201
0.028296 26.406583 0.001520 0.001606 1.349813
0.028415 26.319902 0.001515 0.001602 1.347376
0.028535 26.231524 0.001510 0.001599 1.344895
0.028654 26.139415 0.001505 0.001595 1.342325
0.028774 26.049349 0.001500 0.001592 1.339802
0.028894 25.952750 0.001494 0.001589 1.337121
0.029013 25.855064 0.001488 0.001586 1.334411
0.029133 25.753268 0.001483 0.001582 1.331598
0.029253 25.648131 0.001477 0.001579 1.328702
0.029372 25.539497 0.001470 0.001576 1.325716
0.029492 25.427440 0.001464 0.001573 1.322642
0.029612 25.311013 0.001457 0.001569 1.319455
0.029731 25.189112 0.001450 0.001566 1.316128
0.029851 25.060693 0.001443 0.001563 1.312634
0.029971 24.925460 0.001435 0.001560 1.308964
0.030090 24.784023 0.001427 0.001557 1.305134
0.030210 24.637343 0.001418 0.001554 1.301165
0.030329 24.485322 0.001410 0.001551 1.297054
0.030449 24.326604 0.001400 0.001548 1.292766
0.030569 24.159821 0.001391 0.001545 1.288265
0.030688 23.983962 0.001381 0.001542 1.283522
0.030808 23.799037 0.001370 0.001539 1.278536
0.030928 23.605452 0.001359 0.001536 1.273313
0.031047 23.402936 0.001347 0.001533 1.267844
0.031167 23.190557 0.001335 0.001530 1.262100
0.031287 22.967285 0.001322 0.001527 1.256050
0.031406 22.732351 0.001309 0.001524 1.249669
0.031526 22.485358 0.001294 0.001521 1.242941
0.031646 22.225913 0.001279 0.001518 1.235851
0.031765 21.953400 0.001264 0.001515 1.228375
0.031885 21.667565 0.001247 0.001512 1.220500
0.032004 21.368075 0.001230 0.001510 1.212208
0.032124 21.054660 0.001212 0.001507 1.203482
0.032244 20.727057 0.001193 0.001504 1.194304
0.032363 20.384881 0.001174 0.001501 1.184653
0.032483 20.027722 0.001153 0.001498 1.174502
0.032603 19.655236 0.001132 0.001496 1.163829
0.032722 19.267196 0.001109 0.001493 1.152609
0.032842 18.863579 0.001086 0.001490 1.140824
0.032962 18.444438 0.001062 0.001488 1.128457
0.033081 18.009869 0.001037 0.001485 1.115487
0.033201 17.560080 0.001011 0.001482 1.101897
0.033321 17.095504 0.000984 0.001479 1.087676
0.033440 16.616705 0.000957 0.001477 1.072812
0.033560 16.124458 0.000928 0.001474 1.057301
0.033679 15.619597 0.000899 0.001472 1.041137
0.033799 15.102961 0.000869 0.001469 1.024314
0.033919 14.575579 0.000839 0.001466 1.006830
0.034038 14.038364 0.000808 0.001464 0.988675
0.034158 13.492300 0.000777 0.001461 0.969844
0.034278 12.938359 0.000745 0.001459 0.950326
0.034397 12.377575 0.000713 0.001456 0.930111
0.034517 11.811302 0.000680 0.001454 0.909201
0.034637 11.241197 0.000647 0.001451 0.887605
0.034756 10.669143 0.000614 0.001449 0.865346
0.034876 10.097048 0.000581 0.001446 0.842445
0.034996 9.526563 0.000548 0.001444 0.818916
0.035115 8.959200 0.000516 0.001441 0.794766
0.035235 8.396148 0.000483 0.001439 0.769987
0.035354 7.838429 0.000451 0.001436 0.744564
0.035474 7.287183 0.000420 0.001434 0.718480
0.035594 6.744043 0.000388 0.001431 0.691745
0.035713 6.210574 0.000358 0.001429 0.664362
0.035833 5.688285 0.000327 0.001427 0.636334
0.035953 5.178533 0.000298 0.001424 0.607650
0.036072 4.681823 0.000270 0.001422 0.578248
0.036192 4.198873 0.000242 0.001420 0.548060
0.036312 3.729899 0.000215 0.001417 0.516968
0.036431 3.275212 0.000189 0.001415 0.484827
0.036551 2.835653 0.000163 0.001413 0.451484
0.036671 2.412163 0.000139 0.001410 0.416739
0.036790 2.005860 0.000115 0.001408 0.380323
0.036910 1.616846 0.000093 0.001406 0.341723
0.037029 1.244872 0.000072 0.001403 0.300079
0.037149 0.889885 0.000051 0.001401 0.253903
0.037269 0.550657 0.000032 0.001399 0.199876
0.037388 0.227252 0.000013 0.001397 0.128496
0.037508 -0.079881 -0.000005 0.001394 0.076237
0.037628 -0.371104 -0.000021 0.001392 0.164433
0.037747 -0.645954 -0.000037 0.001390 0.217088
0.037867 -0.904628 -0.000052 0.001388 0.257073
0.037987 -1.148850 -0.000066 0.001386 0.289889
0.038106 -1.375167 -0.000079 0.001383 0.317359
0.038226 -1.585821 -0.000091 0.001381 0.341007
0.038346 -1.783793 -0.000103 0.001379 0.361872
0.038465 -1.978994 -0.000114 0.001377 0.381377
0.038585 -2.161569 -0.000124 0.001375 0.398804
0.038704 -2.329138 -0.000134 0.001373 0.414195
0.038824 -2.472156 -0.000142 0.001371 0.426938
0.038944 -2.600655 -0.000150 0.001369 0.438102
0.039063 -2.730628 -0.000157 0.001366 0.449128
0.039183 -2.866795 -0.000165 0.001364 0.460411
0.039303 -2.993693 -0.000172 0.001362 0.470707
0.039422 -3.103110 -0.000179 0.001360 0.479439
0.039542 -3.198618 -0.000184 0.001358 0.486957
0.039662 -3.285252 -0.000189 0.001356 0.493697
0.039781 -3.366253 -0.000194 0.001354 0.499932
0.039901 -3.441777 -0.000198 0.001352 0.505695
0.040021 -3.507592 -0.000202 0.001350 0.510688
0.040140 -3.562497 -0.000205 0.001348 0.514839
0.040260 -3.612991 -0.000208 0.001346 0.518633
0.040379 -3.660458 -0.000211 0.001344 0.522178
0.040499 -3.704138 -0.000213 0.001342 0.525426
0.040619 -3.743701 -0.000216 0.001340 0.528361
0.040738 -3.779202 -0.000218 0.001338 0.530993
0.040858 -3.811134 -0.000219 0.001336 0.533358
0.040978 -3.838799 -0.000221 0.001334 0.535412
0.041097 -3.861694 -0.000222 0.001332 0.537121
0.041217 -3.880033 -0.000223 0.001330 0.538505
0.041337 -3.894416 -0.000224 0.001328 0.539608
0.041456 -3.905376 -0.000225 0.001326 0.540469
0.041576 -3.912806 -0.000225 0.001324 0.541080
0.041696 -3.916700 -0.000225 0.001323 0.541443
0.041815 -3.918082 -0.000226 0.001321 0.541629
0.041935 -3.918725 -0.000226 0.001319 0.541758
0.042054 -3.919450 -0.000226 0.001317 0.541888
0.042174 -3.919659 -0.000226 0.001315 0.541979
0.042294 -3.918072 -0.000226 0.001313 0.541942
0.042413 -3.912615 -0.000225 0.001311 0.541633
0.042533 -3.903015 -0.000225 0.001310 0.541035
0.042653 -3.890232 -0.000224 0.001308 0.540212
0.042772 -3.875558 -0.000223 0.001306 0.539252
0.042892 -3.860127 -0.000222 0.001304 0.538235
0.043012 -3.843990 -0.000221 0.001302 0.537163
0.043131 -3.827179 -0.000220 0.001300 0.536037
0.043251 -3.810101 -0.000219 0.001299 0.534886
0.043371 -3.792433 -0.000218 0.001297 0.533686
0.043490 -3.774008 -0.000217 0.001295 0.532426
0.043610 -3.755129 -0.000216 0.001293 0.531126
0.043729 -3.735342 -0.000215 0.001291 0.529755
0.043849 -3.714852 -0.000214 0.001290 0.528326
0.043969 -3.693486 -0.000213 0.001288 0.526827
0.044088 -3.671755 -0.000211 0.001286 0.525292
0.044208 -3.650431 -0.000210 0.001284 0.523779
0.044328 -3.628817 -0.000209 0.001283 0.522239
0.044447 -3.606525 -0.000208 0.001281 0.520644
0.044567 -3.582845 -0.000206 0.001279 0.518942
0.044687 -3.557790 -0.000205 0.001278 0.517132
0.044806 -3.531966 -0.000203 0.001276 0.515256
0.044926 -3.506344 -0.000202 0.001274 0.513385
0.045046 -3.481902 -0.000200 0.001272 0.511590
0.045165 -3.459024 -0.000199 0.001271 0.509900
0.045285 -3.436961 -0.000198 0.001269 0.508261
0.045404 -3.413871 -0.000197 0.001267 0.506540
0.045524 -3.389118 -0.000195 0.001266 0.504690
0.045644 -3.362690 -0.000194 0.001264 0.502707
0.045763 -3.334251 -0.000192 0.001262 0.500565
0.045883 -3.305776 -0.000190 0.001261 0.498409
0.046003 -3.278132 -0.000189 0.001259 0.496303
0.046122 -3.250545 -0.000187 0.001258 0.494188
0.046242 -3.221785 -0.000185 0.001256 0.491972
0.046362 -3.191799 -0.000184 0.001254 0.489651
0.046481 -3.154523 -0.000182 0.001253 0.486761
0.046601 -3.104486 -0.000179 0.001251 0.482862
0.046721 -3.020566 -0.000174 0.001249 0.476269
0.046840 -2.896637 -0.000167 0.001248 0.466363
0.046960 -2.810815 -0.000162 0.001246 0.459355
0.047079 -2.877078 -0.000166 0.001245 0.464602
0.047199 -3.181315 -0.000183 0.001243 0.488503
0.047319 -3.386215 -0.000195 0.001242 0.504006
0.047438 -3.390717 -0.000195 0.001240 0.504357
0.047558 -3.421651 -0.000197 0.001238 0.506593
0.047678 -3.522723 -0.000203 0.001237 0.513995
0.047797 -3.680652 -0.000212 0.001235 0.525347
0.047917 -3.856359 -0.000222 0.001234 0.537707
0.048037 -4.047216 -0.000233 0.001232 0.550815
0.048156 -4.247523 -0.000245 0.001231 0.564251
0.048276 -4.449983 -0.000256 0.001229 0.577518
0.048396 -4.654674 -0.000268 0.001228 0.590638
0.048515 -4.858376 -0.000280 0.001226 0.603414
0.048635 -5.069461 -0.000292 0.001225 0.616379
0.048754 -5.287473 -0.000304 0.001223 0.629495
0.048874 -5.511598 -0.000317 0.001222 0.642706
0.048994 -5.738748 -0.000330 0.001220 0.655836
0.049113 -5.961024 -0.000343 0.001219 0.668448
0.049233 -6.180417 -0.000356 0.001217 0.680679
0.049353 -6.402276 -0.000369 0.001216 0.692841
0.049472 -6.625858 -0.000381 0.001214 0.704900
0.049592 -6.849904 -0.000394 0.001213 0.716796
0.049712 -7.070557 -0.000407 0.001211 0.728341
0.049831 -7.285141 -0.000419 0.001210 0.739418
0.049951 -7.500110 -0.000432 0.001208 0.750368
0.050071 -7.719968 -0.000444 0.001207 0.761424
0.050190 -7.937085 -0.000457 0.001205 0.772213
0.050310 -8.144994 -0.000469 0.001204 0.782434
0.050429 -8.341473 -0.000480 0.001203 0.792005
0.050549 -8.527475 -0.000491 0.001201 0.800995
0.050669 -8.708177 -0.000501 0.001200 0.809661
0.050788 -8.887643 -0.000512 0.001198 0.818204
0.050908 -9.064757 -0.000522 0.001197 0.826577
0.051028 -9.231729 -0.000531 0.001196 0.834439
0.051147 -9.382008 -0.000540 0.001194 0.841507
0.051267 -9.520101 -0.000548 0.001193 0.847999
0.051387 -9.651141 -0.000556 0.001191 0.854156
0.051506 -9.774198 -0.000563 0.001190 0.859944
0.051626 -9.880884 -0.000569 0.001189 0.865006
0.051746 -9.967481 -0.000574 0.001187 0.869187
0.051865 -10.040546 -0.000578 0.001186 0.872781
0.051985 -10.104373 -0.000582 0.001184 0.875979
0.052104 -10.159532 -0.000585 0.001183 0.878810
0.052224 -10.199877 -0.000587 0.001182 0.881013
0.052344 -10.221651 -0.000588 0.001180 0.882427
0.052463 -10.229939 -0.000589 0.001179 0.883272
0.052583 -10.231361 -0.000589 0.001178 0.883830
0.052703 -10.224268 -0.000589 0.001176 0.884031
0.052822 -10.203382 -0.000587 0.001175 0.883645
0.052942 -10.165001 -0.000585 0.001174 0.882510
0.053062 -10.107328 -0.000582 0.001172 0.880538
0.053181 -10.032304 -0.000578 0.001171 0.877806
0.053301 -9.942554 -0.000572 0.001170 0.874416
0.053421 -9.839898 -0.000566 0.001168 0.870438
0.053540 -9.725365 -0.000560 0.001167 0.865907
0.053660 -9.598750 -0.000553 0.001166 0.860801
0.053779 -9.460422 -0.000545 0.001165 0.855124
0.053899 -9.310768 -0.000536 0.001163 0.848879
0.054019 -9.149790 -0.000527 0.001162 0.842051
0.054138 -8.978034 -0.000517 0.001161 0.834647
0.054258 -8.795717 -0.000506 0.001159 0.826661
0.054378 -8.603240 -0.000495 0.001158 0.818090
0.054497 -8.400834 -0.000484 0.001157 0.808927
0.054617 -8.188732 -0.000471 0.001156 0.799157
0.054737 -7.967619 -0.000459 0.001154 0.788792
0.054856 -7.738364 -0.000445 0.001153 0.777849
0.054976 -7.501991 -0.000432 0.001152 0.766352
0.055096 -7.258587 -0.000418 0.001151 0.754283
0.055215 -7.009110 -0.000403 0.001149 0.741658
0.055335 -6.754780 -0.000389 0.001148 0.728517
0.055454 -6.496049 -0.000374 0.001147 0.714852
0.055574 -6.232506 -0.000359 0.001146 0.700612
0.055694 -5.964213 -0.000343 0.001144 0.685762
0.055813 -5.692466 -0.000328 0.001143 0.670337
0.055933 -5.417970 -0.000312 0.001142 0.654340
0.056053 -5.140634 -0.000296 0.001141 0.637721
0.056172 -4.860178 -0.000280 0.001139 0.620415
0.056292 -4.576923 -0.000263 0.001138 0.602382
0.056412 -4.291470 -0.000247 0.001137 0.583596
0.056531 -4.004736 -0.000231 0.001136 0.564047
0.056651 -3.717372 -0.000214 0.001135 0.543702
0.056771 -3.429655 -0.000197 0.001133 0.522489
0.056890 -3.141861 -0.000181 0.001132 0.500322
0.057010 -2.854165 -0.000164 0.001131 0.477082
0.057129 -2.566571 -0.000148 0.001130 0.452609
0.057249 -2.280123 -0.000131 0.001129 0.426787
0.057369 -1.992658 -0.000115 0.001128 0.399146
0.057488 -1.720278 -0.000099 0.001126 0.371019
0.057608 -1.436351 -0.000083 0.001125 0.339154
0.057728 -1.156236 -0.000067 0.001124 0.304409
0.057847 -0.878253 -0.000051 0.001123 0.265404
0.057967 -0.603013 -0.000035 0.001122 0.219998
0.058087 -0.329800 -0.000019 0.001121 0.162754
0.058206 -0.058655 -0.000003 0.001119 0.068660
0.058326 0.210363 0.000012 0.001118 0.130072
0.058446 0.476986 0.000027 0.001117 0.195925
0.058565 0.740947 0.000043 0.001116 0.244266
0.058685 1.001967 0.000058 0.001115 0.284136
0.058804 1.259833 0.000073 0.001114 0.318698
0.058924 1.514414 0.000087 0.001113 0.349515
0.059044 1.765646 0.000102 0.001111 0.377494
0.059163 2.013501 0.000116 0.001110 0.403223
0.059283 2.257923 0.000130 0.001109 0.427100
0.059403 2.498887 0.000144 0.001108 0.449418
0.059522 2.736455 0.000158 0.001107 0.470402
0.059642 2.970639 0.000171 0.001106 0.490223
0.059762 3.201564 0.000184 0.001105 0.509026
0.059881 3.429203 0.000197 0.001104 0.526915
0.060001 3.653347 0.000210 0.001103 0.543965
0.060121 3.874001 0.000223 0.001101 0.560251
0.060240 4.091201 0.000236 0.001100 0.575841
0.060360 4.304929 0.000248 0.001099 0.590786
0.060479 4.515154 0.000260 0.001098 0.605132
0.060599 4.721835 0.000272 0.001097 0.618917
0.060719 4.924952 0.000284 0.001096 0.632175
0.060838 5.124521 0.000295 0.001095 0.644940
0.060958 5.320574 0.000306 0.001094 0.657241
0.061078 5.513142 0.000317 0.001093 0.669106
0.061197 5.702247 0.000328 0.001092 0.680557
0.061317 5.887891 0.000339 0.001091 0.691616
0.061437 6.070065 0.000349 0.001090 0.702299
0.061556 6.248753 0.000360 0.001089 0.712622
0.061676 6.423953 0.000370 0.001087 0.722600
0.061796 6.595678 0.000380 0.001086 0.732247
0.061915 6.763971 0.000389 0.001085 0.741579
0.062035 6.928899 0.000399 0.001084 0.750610
0.062154 7.090554 0.000408 0.001083 0.759355
0.062274 7.249042 0.000417 0.001082 0.767831
0.062394 7.404479 0.000426 0.001081 0.776052
0.062513 7.556979 0.000435 0.001080 0.784031
0.062633 7.706630 0.000444 0.001079 0.791780
0.062753 7.853494 0.000452 0.001078 0.799310
0.062872 7.997592 0.000460 0.001077 0.806626
0.062992 8.138914 0.000469 0.001076 0.813734
0.063112 8.277427 0.000477 0.001075 0.820638
0.063231 8.413093 0.000484 0.001074 0.827340
0.063351 8.545927 0.000492 0.001073 0.833847
0.063471 8.675966 0.000499 0.001072 0.840164
0.063590 8.803280 0.000507 0.001071 0.846299
0.063710 8.927986 0.000514 0.001070 0.852261
0.063829 9.050208 0.000521 0.001069 0.858061
0.063949 9.170060 0.000528 0.001068 0.863706
0.064069 9.287644 0.000535 0.001067 0.869204
0.064188 9.403008 0.000541 0.001066 0.874561
0.064308 9.516160 0.000548 0.001065 0.879780
0.064428 9.627087 0.000554 0.001064 0.884861
0.064547 9.735761 0.000560 0.001063 0.889806
0.064667 9.842192 0.000567 0.001062 0.894618
0.064787 9.946404 0.000573 0.001061 0.899300
0.064906 10.048462 0.000578 0.001060 0.903857
0.065026 10.148456 0.000584 0.001059 0.908295
0.065146 10.246502 0.000590 0.001058 0.912621
0.065265 10.342721 0.000595 0.001057 0.916842
0.065385 10.437233 0.000601 0.001056 0.920965
0.065504 10.530115 0.000606 0.001055 0.924994
0.065624 10.621375 0.000611 0.001054 0.928931
0.065744 10.710940 0.000617 0.001053 0.932774
0.065863 10.798850 0.000622 0.001052 0.936526
0.065983 10.884919 0.000627 0.001051 0.940180
0.066103 10.969382 0.000631 0.001050 0.943748
0.066222 11.051605 0.000636 0.001049 0.947201
0.066342 11.132696 0.000641 0.001049 0.950591
0.066462 11.210471 0.000645 0.001048 0.953822
0.066581 11.291905 0.000650 0.001047 0.957200
0.066701 11.366267 0.000654 0.001046 0.960248
0.066821 11.452272 0.000659 0.001045 0.963809
0.066940 11.500798 0.000662 0.001044 0.965711
0.067072 11.569646 0.000666 0.001043 0.969061
0.067216 11.675546 0.000672 0.001042 0.974313
0.067359 11.747199 0.000676 0.001041 0.978184
0.067503 11.830054 0.000681 0.001039 0.982493
0.067647 11.906320 0.000685 0.001038 0.986533
0.067791 11.982930 0.000690 0.001037 0.990576
0.067934 12.056691 0.000694 0.001036 0.994497
0.068078 12.128906 0.000698 0.001035 0.998348
0.068222 12.199081 0.000702 0.001034 1.002109
0.068366 12.267501 0.000706 0.001033 1.005792
0.068509 12.334151 0.000710 0.001032 1.009398
0.068653 12.399115 0.000714 0.001031 1.012930
0.068797 12.462434 0.000717 0.001030 1.016391
0.068941 12.524205 0.000721 0.001029 1.019785
0.069084 12.584494 0.000724 0.001027 1.023116
0.069228 12.643405 0.000728 0.001026 1.026386
0.069372 12.701063 0.000731 0.001025 1.029603
0.069516 12.757577 0.000734 0.001024 1.032771
0.069659 12.813002 0.000738 0.001023 1.035892
0.069803 12.867326 0.000741 0.001022 1.038966
0.069947 12.920490 0.000744 0.001021 1.041990
0.070091 12.972458 0.000747 0.001020 1.044964
0.070234 13.023199 0.000750 0.001019 1.047886
0.070378 13.072708 0.000753 0.001018 1.050756
0.070522 13.121017 0.000755 0.001017 1.053576
0.070666 13.168195 0.000758 0.001016 1.056349
0.070809 13.214335 0.000761 0.001015 1.059079
0.070953 13.259543 0.000763 0.001014 1.061769
0.071097 13.303917 0.000766 0.001013 1.064425
0.071241 13.347529 0.000768 0.001012 1.067050
0.071384 13.390432 0.000771 0.001011 1.069645
0.071528 13.432661 0.000773 0.001010 1.072212
0.071672 13.474226 0.000776 0.001009 1.074751
0.071816 13.515103 0.000778 0.001008 1.077262
0.071959 13.555255 0.000780 0.001007 1.079744
0.072103 13.594632 0.000783 0.001006 1.082193
0.072247 13.633188 0.000785 0.001005 1.084609
0.072391 13.670894 0.000787 0.001004 1.086990
0.072534 13.707754 0.000789 0.001003 1.089337
0.072678 13.743803 0.000791 0.001002 1.091650
0.072822 13.779110 0.000793 0.001001 1.093933
0.072966 13.813748 0.000795 0.001000 1.096189
0.073109 13.847785 0.000797 0.000999 1.098420
0.073253 13.881280 0.000799 0.000998 1.100629
0.073397 13.914259 0.000801 0.000997 1.102817
0.073541 13.946730 0.000803 0.000996 1.104984
0.073684 13.978689 0.000805 0.000995 1.107130
0.073828 14.010145 0.000807 0.000994 1.109256
0.073972 14.041116 0.000808 0.000993 1.111362
0.074116 14.071621 0.000810 0.000992 1.113449
0.074259 14.101667 0.000812 0.000991 1.115517
0.074403 14.131259 0.000814 0.000990 1.117567
0.074547 14.160425 0.000815 0.000989 1.119599
0.074691 14.189210 0.000817 0.000988 1.121616
0.074834 14.217673 0.000818 0.000987 1.123619
0.074978 14.245882 0.000820 0.000986 1.125612
0.075122 14.273903 0.000822 0.000985 1.127597
0.075266 14.301798 0.000823 0.000984 1.129577
0.075409 14.329606 0.000825 0.000983 1.131553
0.075553 14.357367 0.000827 0.000983 1.133527
0.075697 14.385102 0.000828 0.000982 1.135499
0.075841 14.412813 0.000830 0.000981 1.137470
0.075984 14.440478 0.000831 0.000980 1.139439
0.076128 14.468065 0.000833 0.000979 1.141403
0.076272 14.495528 0.000834 0.000978 1.143362
0.076416 14.522854 0.000836 0.000977 1.145315
0.076559 14.549985 0.000838 0.000976 1.147259
0.076703 14.576991 0.000839 0.000975 1.149198
0.076847 14.603812 0.000841 0.000974 1.151128
0.076991 14.630781 0.000842 0.000973 1.153063
0.077134 14.657975 0.000844 0.000972 1.155007
0.077278 14.685503 0.000845 0.000971 1.156962
0.077422 14.713626 0.000847 0.000971 1.158941
0.077566 14.742370 0.000849 0.000970 1.160943
0.077709 14.771882 0.000850 0.000969 1.162975
0.077853 14.801626 0.000852 0.000968 1.165015
0.077997 14.832336 0.000854 0.000967 1.167092
0.078141 14.863623 0.000856 0.000966 1.169190
0.078284 14.895113 0.000857 0.000965 1.171296
0.078428 14.927348 0.000859 0.000964 1.173427
0.078572 14.958147 0.000861 0.000963 1.175503
0.078716 14.991076 0.000863 0.000963 1.177659
0.078859 15.024239 0.000865 0.000962 1.179823
0.079003 15.058245 0.000867 0.000961 1.182019
0.079147 15.093094 0.000869 0.000960 1.184246
0.079291 15.129068 0.000871 0.000959 1.186515
0.079434 15.166163 0.000873 0.000958 1.188827
0.079578 15.204434 0.000875 0.000957 1.191182
0.079722 15.243883 0.000878 0.000956 1.193581
0.079866 15.284415 0.000880 0.000956 1.196020
0.080009 15.326060 0.000882 0.000955 1.198500
0.080153 15.368910 0.000885 0.000954 1.201023
0.080297 15.413016 0.000887 0.000953 1.203593
0.080441 15.458499 0.000890 0.000952 1.206212
0.080584 15.505488 0.000893 0.000951 1.208887
0.080728 15.554115 0.000895 0.000951 1.211622
0.080872 15.604517 0.000898 0.000950 1.214422
0.081016 15.656807 0.000901 0.000949 1.217290
0.081159 15.711105 0.000904 0.000948 1.220232
0.081303 15.767557 0.000908 0.000947 1.223253
0.081447 15.826329 0.000911 0.000946 1.226358
0.081591 15.887631 0.000915 0.000945 1.229554
0.081734 15.951650 0.000918 0.000945 1.232849
0.081878 16.018599 0.000922 0.000944 1.236251
0.082022 16.088791 0.000926 0.000943 1.239770
0.082166 16.162430 0.000930 0.000942 1.243414
0.082309 16.239672 0.000935 0.000941 1.247187
0.082453 16.320732 0.000940 0.000941 1.251097
0.082597 16.405785 0.000944 0.000940 1.255149
0.082741 16.494954 0.000950 0.000939 1.259347
0.082884 16.588396 0.000955 0.000938 1.263694
0.083028 16.686293 0.000961 0.000937 1.268197
0.083172 16.788911 0.000966 0.000936 1.272863
0.083316 16.896591 0.000973 0.000936 1.277704
0.083459 17.009640 0.000979 0.000935 1.282729
0.083603 17.128504 0.000986 0.000934 1.287953
0.083747 17.253636 0.000993 0.000933 1.293391
0.083891 17.385526 0.001001 0.000932 1.299057
0.084034 17.524698 0.001009 0.000932 1.304969
0.084178 17.671743 0.001017 0.000931 1.311145
0.084322 17.827238 0.001026 0.000930 1.317601
0.084466 17.991769 0.001036 0.000929 1.324356
0.084609 18.166024 0.001046 0.000928 1.331430
0.084753 18.350677 0.001056 0.000928 1.338840
0.084897 18.546506 0.001068 0.000927 1.346610
0.085041 18.754403 0.001080 0.000926 1.354765
0.085184 18.975381 0.001092 0.000925 1.363332
0.085328 19.210548 0.001106 0.000925 1.372342
0.085472 19.461153 0.001120 0.000924 1.381830
0.085616 19.728594 0.001136 0.000923 1.391834
0.085759 20.014378 0.001152 0.000922 1.402393
0.085903 20.320245 0.001170 0.000921 1.413553
0.086047 20.648100 0.001189 0.000921 1.425362
0.086191 21.000034 0.001209 0.000920 1.437872
0.086334 21.378412 0.001231 0.000919 1.451142
0.086478 21.785962 0.001254 0.000918 1.465236
0.086622 22.225781 0.001279 0.000918 1.480229
0.086766 22.701501 0.001307 0.000917 1.496205
0.086909 23.217268 0.001337 0.000916 1.513260
0.087053 23.777893 0.001369 0.000915 1.531501
0.087197 24.388997 0.001404 0.000915 1.551052
0.087341 25.057243 0.001442 0.000914 1.572058
0.087484 25.790333 0.001485 0.000913 1.594679
0.087628 26.597293 0.001531 0.000912 1.619098
0.087772 27.489380 0.001582 0.000912 1.645541
0.087916 28.479658 0.001640 0.000911 1.674258
0.088059 29.584685 0.001703 0.000910 1.705565
0.088203 30.824549 0.001774 0.000909 1.739827
0.088347 32.224239 0.001855 0.000909 1.777484
0.088491 33.815512 0.001947 0.000908 1.819079
0.088634 35.639291 0.002052 0.000907 1.865284
0.088778 37.749117 0.002173 0.000906 1.916946
0.088922 40.216533 0.002315 0.000906 1.975149
0.089066 43.138513 0.002483 0.000905 2.041287
0.089209 46.655570 0.002686 0.000904 2.117328
0.089353 50.945424 0.002933 0.000903 2.205319
0.089497 56.369963 0.003245 0.000903 2.310551
0.089641 63.321113 0.003645 0.000902 2.436047
0.089784 71.881002 0.004138 0.000901 2.584534
0.089928 86.633702 0.004987 0.000901 2.868716
