 =================================================================================================
      i NZ NE iSLP iLV iCONF                 E(RYD)      TE(RYD)   gi         QD     EQN    RL(NS)
 =================================================================================================
      1  7  7  200   1 2p2(1DE) 3d      2.74730E-02  1.10786E+00  2.0  2.425E-03  2.9976  4.72E+00
      2  7  7  200   2 2p2(1SE) 3s      5.56554E-02  1.13605E+00  2.0  9.647E-01  2.0353  1.55E+00
      3  7  7  200   3 2p2(1DE) 4d      7.78979E-02  1.15829E+00  2.0 -5.333E-02  4.0533  1.52E+02
      4  7  7  200   4 2p2(1DE) 5d      9.92543E-02  1.17964E+00  2.0 -3.093E-02  5.0309  4.14E+02
      5  7  7  200   5 2p2(1DE) 6d      1.11208E-01  1.19160E+00  2.0 -2.410E-02  6.0241  4.67E+02
      6  7  7  200   6 2p2(1DE) 7d      1.18475E-01  1.19886E+00  2.0 -2.053E-02  7.0205  6.15E+02
      7  7  7  200   7 2p2(1DE) 8d      1.23210E-01  1.20360E+00  2.0 -1.824E-02  8.0182  8.29E+02
      8  7  7  200   8 2p2(1DE) 9d      1.26464E-01  1.20685E+00  2.0 -1.670E-02  9.0167  1.11E+03
      9  7  7  201   1 2p2(3PE) 3p     -2.14279E-01  8.66111E-01  2.0  8.397E-01  2.1603  1.15E+02
     10  7  7  201   2 2p2(3PE) 4p     -9.81957E-02  9.82194E-01  2.0  8.088E-01  3.1912  2.58E+02
     11  7  7  201   3 2p2(3PE) 5p     -5.66082E-02  1.02378E+00  2.0  7.970E-01  4.2030  4.37E+02
     12  7  7  201   4 2p2(3PE) 6p     -3.68640E-02  1.04353E+00  2.0  7.917E-01  5.2083  7.15E+02
     13  7  7  201   5 2p2(3PE) 7p     -2.59225E-02  1.05447E+00  2.0  7.890E-01  6.2110  1.11E+03
     14  7  7  201   6 2p2(3PE) 8p     -1.92231E-02  1.06117E+00  2.0  7.875E-01  7.2125  1.65E+03
     15  7  7  201   7 2p2(3PE) 9p     -1.48232E-02  1.06557E+00  2.0  7.865E-01  8.2135  2.37E+03
     16  7  7  201   8 2p2(3PE)10p     -1.17784E-02  1.06861E+00  2.0  7.858E-01  9.2142  3.25E+03
     17  7  7  210   1 2p2(3PE) 3s     -2.79250E-01  8.01140E-01  6.0  1.108E+00  1.8924  2.06E+00
     18  7  7  210   2 2p2(3PE) 4s     -1.18551E-01  9.61839E-01  6.0  1.096E+00  2.9043  7.85E+00
     19  7  7  210   3 2p2(3PE) 3d     -1.14486E-01  9.65904E-01  6.0  4.455E-02  2.9555  9.05E+00
     20  7  7  210   4 2p2(3PE) 5s     -6.55345E-02  1.01486E+00  6.0  1.094E+00  3.9063  2.04E+01
     21  7  7  210   5 2p2(3PE) 4d     -6.39596E-02  1.01643E+00  6.0  4.590E-02  3.9541  1.85E+01
     22  7  7  210   6 2p2(3PE) 6s     -4.15219E-02  1.03887E+00  6.0  1.092E+00  4.9075  4.19E+01
     23  7  7  210   7 2p2(3PE) 5d     -4.07908E-02  1.03960E+00  6.0  4.870E-02  4.9513  3.41E+01
     24  7  7  210   8 2p2(3PE) 7s     -2.86482E-02  1.05174E+00  6.0  1.092E+00  5.9081  7.48E+01
     25  7  7  210   9 2p2(3PE) 6d     -2.82487E-02  1.05214E+00  6.0  5.022E-02  5.9498  5.74E+01
     26  7  7  210  10 2p2(3PE) 8s     -2.09524E-02  1.05944E+00  6.0  1.092E+00  6.9085  1.22E+02
     27  7  7  210  11 2p2(3PE) 7d     -2.07094E-02  1.05968E+00  6.0  5.110E-02  6.9489  9.03E+01
     28  7  7  210  12 2p2(3PE) 9s     -1.59879E-02  1.06440E+00  6.0  1.091E+00  7.9087  1.85E+02
     29  7  7  210  13 2p2(3PE) 8d     -1.58287E-02  1.06456E+00  6.0  5.164E-02  7.9484  1.34E+02
     30  7  7  210  14 2p2(3PE)10s     -1.25997E-02  1.06779E+00  6.0  1.091E+00  8.9088  2.66E+02
     31  7  7  210  15 2p2(3PE) 9d     -1.24896E-02  1.06790E+00  6.0  5.200E-02  8.9480  1.89E+02
     32  7  7  210  16 2p2(3PE)11s     -1.01847E-02  1.07021E+00  6.0  1.091E+00  9.9089  3.68E+02
     33  7  7  210  17 2p2(3PE)10d     -1.01053E-02  1.07028E+00  6.0  5.224E-02  9.9478  2.60E+02
     34  7  7  211   1 2s2 2p3         -7.95499E-01  2.84891E-01  6.0  0.000E+00  1.1212  1.00E+30
     35  7  7  211   2 2p2(3PE) 3p     -1.75181E-01  9.05209E-01  6.0  6.108E-01  2.3892  3.27E+01
     36  7  7  211   3 2p2(3PE) 4p     -8.72839E-02  9.93106E-01  6.0  6.152E-01  3.3848  1.47E+02
     37  7  7  211   4 2p2(3PE) 5p     -5.39468E-02  1.02644E+00  6.0  6.946E-01  4.3054  2.71E+02
     38  7  7  211   5 2p2(1DE) 3p     -4.29172E-02  1.03747E+00  6.0  6.539E-01  2.3461  6.27E+01
     39  7  7  211   6 2p2(3PE) 6p     -3.29024E-02  1.04749E+00  6.0  4.870E-01  5.5130  1.78E+02
     40  7  7  211   7 2p2(3PE) 7p     -2.38944E-02  1.05650E+00  6.0  5.308E-01  6.4692  4.56E+02
     41  7  7  211   8 2p2(3PE) 8p     -1.79867E-02  1.06240E+00  6.0  5.437E-01  7.4563  8.40E+02
     42  7  7  211   9 2p2(3PE) 9p     -1.40042E-02  1.06639E+00  6.0  5.497E-01  8.4503  1.35E+03
     43  7  7  211  10 2p2(3PE)10p     -1.12055E-02  1.06918E+00  6.0  5.532E-01  9.4468  2.00E+03
     44  7  7  220   1 2p2(1DE) 3s     -1.32581E-01  9.47809E-01 10.0  1.080E+00  1.9197  2.47E+00
     45  7  7  220   2 2p2(3PE) 3d     -1.10032E-01  9.70358E-01 10.0 -1.467E-02  3.0147  7.42E+00
     46  7  7  220   3 2p2(3PE) 4d     -6.21516E-02  1.01824E+00 10.0 -1.120E-02  4.0112  1.63E+01
     47  7  7  220   4 2p2(3PE) 5d     -3.98267E-02  1.04056E+00 10.0 -1.087E-02  5.0109  3.04E+01
     48  7  7  220   5 2p2(3PE) 6d     -2.76808E-02  1.05271E+00 10.0 -1.050E-02  6.0105  5.13E+01
     49  7  7  220   6 2p2(3PE) 7d     -2.03494E-02  1.06004E+00 10.0 -1.010E-02  7.0101  8.07E+01
     50  7  7  220   7 2p2(3PE) 8d     -1.55870E-02  1.06480E+00 10.0 -9.746E-03  8.0097  1.20E+02
     51  7  7  220   8 2p2(3PE) 9d     -1.23199E-02  1.06807E+00 10.0 -9.411E-03  9.0094  1.71E+02
     52  7  7  221   1 2s2 2p3         -8.91269E-01  1.89121E-01 10.0  0.000E+00  1.0592  1.00E+30
     53  7  7  221   2 2p2(3PE) 3p     -1.84223E-01  8.96167E-01 10.0  6.701E-01  2.3299  4.00E+01
     54  7  7  221   3 2p2(3PE) 4p     -9.08345E-02  9.89555E-01 10.0  6.820E-01  3.3180  2.47E+02
     55  7  7  221   4 2p2(3PE) 4f     -6.27662E-02  1.01762E+00 10.0  8.491E-03  3.9915  6.85E+01
     56  7  7  221   5 2p2(1DE) 3p     -5.90120E-02  1.02138E+00 10.0  7.514E-01  2.2486  1.17E+02
     57  7  7  221   6 2p2(3PE) 5p     -4.80813E-02  1.03231E+00 10.0  4.395E-01  4.5605  8.58E+01
     58  7  7  221   7 2p2(3PE) 5f     -4.01426E-02  1.04025E+00 10.0  8.889E-03  4.9911  1.31E+02
     59  7  7  221   8 2p2(3PE) 6p     -3.38992E-02  1.04649E+00 10.0  5.687E-01  5.4313  3.32E+02
     60  7  7  221   9 2p2(3PE) 6f     -2.78594E-02  1.05253E+00 10.0  8.796E-03  5.9912  2.22E+02
     61  7  7  221  10 2p2(3PE) 7p     -2.43393E-02  1.05605E+00 10.0  5.902E-01  6.4098  7.50E+02
     62  7  7  221  11 2p2(3PE) 7f     -2.04592E-02  1.05993E+00 10.0  8.736E-03  6.9913  3.48E+02
     63  7  7  221  12 2p2(3PE) 8p     -1.82526E-02  1.06214E+00 10.0  5.982E-01  7.4018  1.35E+03
     64  7  7  221  13 2p2(3PE) 8f     -1.56591E-02  1.06473E+00 10.0  8.715E-03  7.9913  5.14E+02
     65  7  7  221  14 2p2(3PE) 9p     -1.41802E-02  1.06621E+00 10.0  6.023E-01  8.3977  2.15E+03
     66  7  7  221  15 2p2(3PE) 9f     -1.23696E-02  1.06802E+00 10.0  8.707E-03  8.9913  7.25E+02
     67  7  7  221  16 2p2(3PE)10p     -1.13290E-02  1.06906E+00 10.0  6.048E-01  9.3952  3.20E+03
     68  7  7  221  17 2p2(3PE)10f     -1.00175E-02  1.07037E+00 10.0  8.739E-03  9.9913  9.87E+02
     69  7  7  230   1 2p2(3PE) 3d     -1.12639E-01  9.67751E-01 14.0  2.042E-02  2.9796  7.13E+00
     70  7  7  230   2 2p2(3PE) 4d     -6.31945E-02  1.01720E+00 14.0  2.204E-02  3.9780  1.45E+01
     71  7  7  230   3 2p2(3PE) 5d     -4.03765E-02  1.04001E+00 14.0  2.337E-02  4.9766  2.68E+01
     72  7  7  230   4 2p2(3PE) 5g     -4.00323E-02  1.04036E+00 14.0  2.018E-03  4.9980  2.27E+02
     73  7  7  230   5 2p2(3PE) 6d     -2.80023E-02  1.05239E+00 14.0  2.410E-02  5.9759  4.53E+01
     74  7  7  230   6 2p2(3PE) 6g     -2.78015E-02  1.05259E+00 14.0  2.560E-03  5.9974  3.92E+02
     75  7  7  230   7 2p2(3PE) 7d     -2.05521E-02  1.05984E+00 14.0  2.456E-02  6.9754  7.10E+01
     76  7  7  230   8 2p2(3PE) 7g     -2.04247E-02  1.05997E+00 14.0  2.834E-03  6.9972  6.19E+02
     77  7  7  230   9 2p2(3PE) 8d     -1.57226E-02  1.06467E+00 14.0  2.487E-02  7.9751  1.05E+02
     78  7  7  230  10 2p2(3PE) 8g     -1.56367E-02  1.06475E+00 14.0  2.993E-03  7.9970  9.20E+02
     79  7  7  230  11 2p2(3PE) 9d     -1.24148E-02  1.06798E+00 14.0  2.509E-02  8.9749  1.50E+02
     80  7  7  230  12 2p2(3PE) 9g     -1.23542E-02  1.06804E+00 14.0  3.104E-03  8.9969  1.30E+03
     81  7  7  230  13 2p2(3PE)10d     -1.00507E-02  1.07034E+00 14.0  2.525E-02  9.9747  2.04E+02
     82  7  7  230  14 2p2(3PE)10g     -1.00063E-02  1.07038E+00 14.0  3.149E-03  9.9969  1.78E+03
     83  7  7  231   1 2p2(3PE) 4f     -6.22882E-02  1.01810E+00 14.0 -6.795E-03  4.0068  7.41E+01
     84  7  7  231   2 2p2(1DE) 3p     -5.51505E-02  1.02524E+00 14.0  7.291E-01  2.2709  7.68E+01
     85  7  7  231   3 2p2(3PE) 5f     -3.98939E-02  1.04050E+00 14.0 -6.645E-03  5.0066  1.42E+02
     86  7  7  231   4 2p2(3PE) 6f     -2.77202E-02  1.05267E+00 14.0 -6.228E-03  6.0062  2.43E+02
     87  7  7  231   5 2p2(3PE) 7f     -2.03733E-02  1.06002E+00 14.0 -5.987E-03  7.0060  3.83E+02
     88  7  7  231   6 2p2(3PE) 8f     -1.56022E-02  1.06479E+00 14.0 -5.843E-03  8.0058  5.68E+02
     89  7  7  231   7 2p2(3PE) 9f     -1.23299E-02  1.06806E+00 14.0 -5.757E-03  9.0058  8.03E+02
     90  7  7  240   1 2p2(3PE) 5g     -3.99639E-02  1.04043E+00 18.0 -2.258E-03  5.0023  2.38E+02
     91  7  7  240   2 2p2(3PE) 6g     -2.77526E-02  1.05264E+00 18.0 -2.721E-03  6.0027  4.08E+02
     92  7  7  240   3 2p2(3PE) 7g     -2.03909E-02  1.06000E+00 18.0 -2.963E-03  7.0030  6.45E+02
     93  7  7  240   4 2p2(3PE) 8g     -1.56130E-02  1.06478E+00 18.0 -3.074E-03  8.0031  9.58E+02
     94  7  7  240   5 2p2(3PE) 9g     -1.23370E-02  1.06805E+00 18.0 -3.165E-03  9.0032  1.36E+03
     95  7  7  241   1 2p2(3PE) 4f     -6.26433E-02  1.01775E+00 18.0  4.578E-03  3.9954  7.00E+01
     96  7  7  241   2 2p2(3PE) 5f     -4.00788E-02  1.04031E+00 18.0  4.918E-03  4.9951  1.35E+02
     97  7  7  241   3 2p2(3PE) 6f     -2.78240E-02  1.05257E+00 18.0  4.986E-03  5.9950  2.32E+02
     98  7  7  241   4 2p2(3PE) 6h     -2.77827E-02  1.05261E+00 18.0  5.314E-04  5.9995  5.93E+02
     99  7  7  241   5 2p2(3PE) 7f     -2.04376E-02  1.05995E+00 18.0  5.043E-03  6.9950  3.67E+02
    100  7  7  241   6 2p2(3PE) 7h     -2.04113E-02  1.05998E+00 18.0  5.378E-04  6.9995  9.12E+02
    101  7  7  241   7 2p2(3PE) 8f     -1.56449E-02  1.06475E+00 18.0  5.090E-03  7.9949  5.46E+02
    102  7  7  241   8 2p2(3PE) 8h     -1.56272E-02  1.06476E+00 18.0  5.631E-04  7.9994  1.32E+03
    103  7  7  241   9 2p2(3PE) 9f     -1.23598E-02  1.06803E+00 18.0  5.143E-03  8.9949  7.74E+02
    104  7  7  241  10 2p2(3PE) 9h     -1.23473E-02  1.06804E+00 18.0  5.906E-04  8.9994  1.84E+03
    105  7  7  241  11 2p2(3PE)10f     -1.00103E-02  1.07038E+00 18.0  5.146E-03  9.9949  1.06E+03
    106  7  7  400   1 2p3(3PO) 3p      7.99007E-01  1.87940E+00  4.0  7.382E-01  2.2618  8.04E-01
    107  7  7  400   2 2p3(3PO) 4p      9.01684E-01  1.98207E+00  4.0  7.172E-01  3.2828  8.40E-01
    108  7  7  400   3 2p3(3PO) 5p      9.40133E-01  2.02052E+00  4.0  7.103E-01  4.2897  8.51E-01
    109  7  7  400   4 2p3(3PO) 6p      9.58780E-01  2.03917E+00  4.0  7.071E-01  5.2929  8.56E-01
    110  7  7  400   5 2p3(3PO) 7p      9.69238E-01  2.04963E+00  4.0  7.053E-01  6.2947  8.58E-01
    111  7  7  400   6 2p3(3PO) 8p      9.75689E-01  2.05608E+00  4.0  7.042E-01  7.2958  8.59E-01
    112  7  7  400   7 2p3(3PO) 9p      9.79948E-01  2.06034E+00  4.0  7.035E-01  8.2965  8.59E-01
    113  7  7  400   8 2p3(3PO)10p      9.82906E-01  2.06330E+00  4.0  7.032E-01  9.2968  8.59E-01
    114  7  7  401   1 2s2 2p3         -1.08039E+00  0.00000E+00  4.0  0.000E+00  0.9621  1.00E+30
    115  7  7  401   2 2p2(3PE) 3p     -1.85261E-01  8.95129E-01  4.0  6.767E-01  2.3233  2.69E+01
    116  7  7  401   3 2p2(3PE) 4p     -8.92726E-02  9.91117E-01  4.0  6.531E-01  3.3469  1.24E+02
    117  7  7  401   4 2p2(3PE) 5p     -5.27597E-02  1.02763E+00  4.0  6.464E-01  4.3536  3.43E+02
    118  7  7  401   5 2p2(3PE) 6p     -3.48474E-02  1.04554E+00  4.0  6.431E-01  5.3569  7.15E+02
    119  7  7  401   6 2p2(3PE) 7p     -2.47336E-02  1.05566E+00  4.0  6.415E-01  6.3585  1.28E+03
    120  7  7  401   7 2p2(3PE) 8p     -1.84636E-02  1.06193E+00  4.0  6.406E-01  7.3594  2.09E+03
    121  7  7  401   8 2p2(3PE) 9p     -1.43086E-02  1.06608E+00  4.0  6.401E-01  8.3599  3.16E+03
    122  7  7  401   9 2p2(3PE)10p     -1.14137E-02  1.06898E+00  4.0  6.398E-01  9.3602  4.55E+03
    123  7  7  410   1 2p2(3PE) 3s     -3.09527E-01  7.70863E-01 12.0  1.203E+00  1.7974  1.90E+00
    124  7  7  410   2 2s 2p4          -2.74321E-01  8.06069E-01 12.0  0.000E+00  1.9093  2.48E+01
    125  7  7  410   3 2p2(3PE) 4s     -1.22775E-01  9.57615E-01 12.0  1.146E+00  2.8539  9.94E+00
    126  7  7  410   4 2p2(3PE) 3d     -1.12759E-01  9.67631E-01 12.0  2.200E-02  2.9780  4.91E+00
    127  7  7  410   5 2p2(3PE) 5s     -6.71880E-02  1.01320E+00 12.0  1.142E+00  3.8579  2.02E+01
    128  7  7  410   6 2p2(3PE) 4d     -6.31612E-02  1.01723E+00 12.0  2.099E-02  3.9790  9.91E+00
    129  7  7  410   7 2p2(3PE) 6s     -4.23384E-02  1.03805E+00 12.0  1.140E+00  4.8600  3.83E+01
    130  7  7  410   8 2p2(3PE) 5d     -4.03625E-02  1.04003E+00 12.0  2.250E-02  4.9775  1.80E+01
    131  7  7  410   9 2p2(3PE) 7s     -2.91109E-02  1.05128E+00 12.0  1.139E+00  5.8610  6.51E+01
    132  7  7  410  10 2p2(3PE) 6d     -2.79949E-02  1.05240E+00 12.0  2.331E-02  5.9767  2.99E+01
    133  7  7  410  11 2p2(3PE) 8s     -2.12397E-02  1.05915E+00 12.0  1.138E+00  6.8616  1.03E+02
    134  7  7  410  12 2p2(3PE) 7d     -2.05474E-02  1.05984E+00 12.0  2.376E-02  6.9762  4.64E+01
    135  7  7  410  13 2p2(3PE) 9s     -1.61784E-02  1.06421E+00 12.0  1.138E+00  7.8620  1.53E+02
    136  7  7  410  14 2p2(3PE) 8d     -1.57192E-02  1.06467E+00 12.0  2.401E-02  7.9760  6.82E+01
    137  7  7  410  15 2p2(3PE)10s     -1.27325E-02  1.06766E+00 12.0  1.138E+00  8.8622  2.18E+02
    138  7  7  410  16 2p2(3PE) 9d     -1.24123E-02  1.06798E+00 12.0  2.419E-02  8.9758  9.63E+01
    139  7  7  410  17 2p2(3PE)11s     -1.02810E-02  1.07011E+00 12.0  1.138E+00  9.8624  2.98E+02
    140  7  7  410  18 2p2(3PE)10d     -1.00488E-02  1.07034E+00 12.0  2.431E-02  9.9757  1.31E+02
    141  7  7  411   1 2p2(3PE) 3p     -1.95908E-01  8.84482E-01 12.0  7.407E-01  2.2593  3.42E+01
    142  7  7  411   2 2p2(3PE) 4p     -9.30727E-02  9.87317E-01 12.0  7.222E-01  3.2778  1.76E+02
    143  7  7  411   3 2p2(3PE) 5p     -5.44979E-02  1.02589E+00 12.0  7.164E-01  4.2836  4.96E+02
    144  7  7  411   4 2p2(3PE) 6p     -3.57879E-02  1.04460E+00 12.0  7.139E-01  5.2861  1.07E+03
    145  7  7  411   5 2p2(3PE) 7p     -2.52958E-02  1.05509E+00 12.0  7.125E-01  6.2875  1.98E+03
    146  7  7  411   6 2p2(3PE) 8p     -1.88252E-02  1.06156E+00 12.0  7.116E-01  7.2884  3.30E+03
    147  7  7  411   7 2p2(3PE) 9p     -1.45546E-02  1.06584E+00 12.0  7.110E-01  8.2890  5.09E+03
    148  7  7  411   8 2p2(3PE)10p     -1.15885E-02  1.06880E+00 12.0  7.106E-01  9.2894  7.44E+03
    149  7  7  420   1 2p2(3PE) 3d     -1.11218E-01  9.69172E-01 20.0  1.442E-03  2.9986  2.94E+01
    150  7  7  420   2 2p2(3PE) 4d     -6.28097E-02  1.01758E+00 20.0  9.874E-03  3.9901  9.74E+01
    151  7  7  420   3 2p2(3PE) 5d     -4.01992E-02  1.04019E+00 20.0  1.240E-02  4.9876  2.28E+02
    152  7  7  420   4 2p2(3PE) 6d     -2.79065E-02  1.05248E+00 20.0  1.385E-02  5.9861  4.37E+02
    153  7  7  420   5 2p2(3PE) 7d     -2.04947E-02  1.05990E+00 20.0  1.479E-02  6.9852  7.40E+02
    154  7  7  420   6 2p2(3PE) 8d     -1.56854E-02  1.06470E+00 20.0  1.542E-02  7.9846  1.15E+03
    155  7  7  420   7 2p2(3PE) 9d     -1.23893E-02  1.06800E+00 20.0  1.586E-02  8.9841  1.68E+03
    156  7  7  420   8 2p2(3PE)10d     -1.00325E-02  1.07036E+00 20.0  1.621E-02  9.9838  2.35E+03
    157  7  7  421   1 2p2(3PE) 3p     -2.02552E-01  8.77838E-01 20.0  7.781E-01  2.2219  4.25E+01
    158  7  7  421   2 2p2(3PE) 4p     -9.49093E-02  9.85481E-01 20.0  7.540E-01  3.2460  2.46E+02
    159  7  7  421   3 2p2(3PE) 4f     -6.27664E-02  1.01762E+00 20.0  8.498E-03  3.9915  6.88E+01
    160  7  7  421   4 2p2(3PE) 5p     -5.52597E-02  1.02513E+00 20.0  7.460E-01  4.2540  7.05E+02
    161  7  7  421   5 2p2(3PE) 5f     -4.01427E-02  1.04025E+00 20.0  8.895E-03  4.9911  1.32E+02
    162  7  7  421   6 2p2(3PE) 6p     -3.61754E-02  1.04421E+00 20.0  7.423E-01  5.2577  1.50E+03
    163  7  7  421   7 2p2(3PE) 6f     -2.78594E-02  1.05253E+00 20.0  8.796E-03  5.9912  2.25E+02
    164  7  7  421   8 2p2(3PE) 7p     -2.55210E-02  1.05487E+00 20.0  7.403E-01  6.2597  2.73E+03
    165  7  7  421   9 2p2(3PE) 7f     -2.04593E-02  1.05993E+00 20.0  8.753E-03  6.9912  3.52E+02
    166  7  7  421  10 2p2(3PE) 8p     -1.89680E-02  1.06142E+00 20.0  7.391E-01  7.2609  4.48E+03
    167  7  7  421  11 2p2(3PE) 8f     -1.56592E-02  1.06473E+00 20.0  8.741E-03  7.9913  5.21E+02
    168  7  7  421  12 2p2(3PE) 9p     -1.46509E-02  1.06574E+00 20.0  7.383E-01  8.2617  6.86E+03
    169  7  7  421  13 2p2(3PE) 9f     -1.23697E-02  1.06802E+00 20.0  8.743E-03  8.9913  7.35E+02
    170  7  7  421  14 2p2(3PE)10p     -1.16565E-02  1.06873E+00 20.0  7.378E-01  9.2622  9.95E+03
    171  7  7  421  15 2p2(3PE)10f     -1.00175E-02  1.07037E+00 20.0  8.739E-03  9.9913  1.00E+03
    172  7  7  430   1 2p2(3PE) 3d     -1.13751E-01  9.66639E-01 28.0  3.502E-02  2.9650  2.80E+01
    173  7  7  430   2 2p2(3PE) 4d     -6.38227E-02  1.01657E+00 28.0  4.167E-02  3.9583  9.72E+01
    174  7  7  430   3 2p2(3PE) 5d     -4.07327E-02  1.03966E+00 28.0  4.517E-02  4.9548  2.35E+02
    175  7  7  430   4 2p2(3PE) 5g     -4.00323E-02  1.04036E+00 28.0  2.018E-03  4.9980  2.32E+02
    176  7  7  430   5 2p2(3PE) 6d     -2.82184E-02  1.05217E+00 28.0  4.703E-02  5.9530  4.58E+02
    177  7  7  430   6 2p2(3PE) 6g     -2.78015E-02  1.05259E+00 28.0  2.560E-03  5.9974  3.98E+02
    178  7  7  430   7 2p2(3PE) 7d     -2.06916E-02  1.05970E+00 28.0  4.811E-02  6.9519  7.82E+02
    179  7  7  430   8 2p2(3PE) 7g     -2.04247E-02  1.05997E+00 28.0  2.834E-03  6.9972  6.24E+02
    180  7  7  430   9 2p2(3PE) 8d     -1.58174E-02  1.06457E+00 28.0  4.880E-02  7.9512  1.22E+03
    181  7  7  430  10 2p2(3PE) 8g     -1.56367E-02  1.06475E+00 28.0  2.993E-03  7.9970  9.24E+02
    182  7  7  430  11 2p2(3PE) 9d     -1.24820E-02  1.06791E+00 28.0  4.928E-02  8.9507  1.79E+03
    183  7  7  430  12 2p2(3PE) 9g     -1.23542E-02  1.06804E+00 28.0  3.104E-03  8.9969  1.31E+03
    184  7  7  430  13 2p2(3PE)10d     -1.01000E-02  1.07029E+00 28.0  4.963E-02  9.9504  2.51E+03
    185  7  7  430  14 2p2(3PE)10g     -1.00063E-02  1.07038E+00 28.0  3.149E-03  9.9969  1.78E+03
    186  7  7  431   1 2p2(3PE) 4f     -6.22916E-02  1.01810E+00 28.0 -6.686E-03  4.0067  7.27E+01
    187  7  7  431   2 2p2(3PE) 5f     -3.98971E-02  1.04049E+00 28.0 -6.444E-03  5.0064  1.38E+02
    188  7  7  431   3 2p2(3PE) 6f     -2.77225E-02  1.05267E+00 28.0 -5.979E-03  6.0060  2.34E+02
    189  7  7  431   4 2p2(3PE) 7f     -2.03749E-02  1.06002E+00 28.0 -5.712E-03  7.0057  3.67E+02
    190  7  7  431   5 2p2(3PE) 8f     -1.56033E-02  1.06479E+00 28.0 -5.561E-03  8.0056  5.41E+02
    191  7  7  431   6 2p2(3PE) 9f     -1.23307E-02  1.06806E+00 28.0 -5.465E-03  9.0055  7.63E+02
    192  7  7  440   1 2p2(3PE) 5g     -3.99639E-02  1.04043E+00 36.0 -2.258E-03  5.0023  2.37E+02
    193  7  7  440   2 2p2(3PE) 6g     -2.77526E-02  1.05264E+00 36.0 -2.721E-03  6.0027  4.08E+02
    194  7  7  440   3 2p2(3PE) 7g     -2.03909E-02  1.06000E+00 36.0 -2.963E-03  7.0030  6.44E+02
    195  7  7  440   4 2p2(3PE) 8g     -1.56130E-02  1.06478E+00 36.0 -3.074E-03  8.0031  9.57E+02
    196  7  7  440   5 2p2(3PE) 9g     -1.23370E-02  1.06805E+00 36.0 -3.165E-03  9.0032  1.36E+03
    197  7  7  441   1 2p2(3PE) 4f     -6.26465E-02  1.01774E+00 36.0  4.680E-03  3.9953  6.92E+01
    198  7  7  441   2 2p2(3PE) 5f     -4.00815E-02  1.04031E+00 36.0  5.086E-03  4.9949  1.31E+02
    199  7  7  441   3 2p2(3PE) 6f     -2.78259E-02  1.05256E+00 36.0  5.190E-03  5.9948  2.24E+02
    200  7  7  441   4 2p2(3PE) 6h     -2.77828E-02  1.05261E+00 36.0  5.423E-04  5.9995  5.95E+02
    201  7  7  441   5 2p2(3PE) 7f     -2.04390E-02  1.05995E+00 36.0  5.283E-03  6.9947  3.52E+02
    202  7  7  441   6 2p2(3PE) 7h     -2.04114E-02  1.05998E+00 36.0  5.551E-04  6.9994  9.17E+02
    203  7  7  441   7 2p2(3PE) 8f     -1.56459E-02  1.06474E+00 36.0  5.345E-03  7.9947  5.21E+02
    204  7  7  441   8 2p2(3PE) 8h     -1.56272E-02  1.06476E+00 36.0  5.631E-04  7.9994  1.33E+03
    205  7  7  441   9 2p2(3PE) 9f     -1.23605E-02  1.06803E+00 36.0  5.397E-03  8.9946  7.37E+02
    206  7  7  441  10 2p2(3PE) 9h     -1.23473E-02  1.06804E+00 36.0  5.906E-04  8.9994  1.86E+03
    207  7  7  441  11 2p2(3PE)10f     -1.00108E-02  1.07038E+00 36.0  5.396E-03  9.9946  1.01E+03
    208  7  7  601   1 2p3(5SO) 3s      1.17351E-01  1.19774E+00  6.0  1.199E+00  1.8014  1.00E+30
    209  7  7  601   2 2p3(5SO) 4s      3.02218E-01  1.38261E+00  6.0  1.152E+00  2.8478  4.23E+01
    210  7  7  601   3 2p3(5SO) 5s      3.58249E-01  1.43864E+00  6.0  1.145E+00  3.8555  7.69E+01
    211  7  7  601   4 2p3(5SO) 6s      3.83156E-01  1.46355E+00  6.0  1.142E+00  4.8584  1.37E+02
    212  7  7  601   5 2p3(5SO) 7s      3.96399E-01  1.47679E+00  6.0  1.140E+00  5.8598  2.26E+02
    213  7  7  601   6 2p3(5SO) 8s      4.04276E-01  1.48467E+00  6.0  1.139E+00  6.8606  3.50E+02
    214  7  7  601   7 2p3(5SO) 9s      4.09340E-01  1.48973E+00  6.0  1.139E+00  7.8611  5.15E+02
    215  7  7  601   8 2p3(5SO)10s      4.12787E-01  1.49318E+00  6.0  1.139E+00  8.8614  7.28E+02
    216  7  7  601   9 2p3(5SO)11s      4.15240E-01  1.49563E+00  6.0  1.138E+00  9.8619  9.93E+02
    217  7  7  610   1 2p3(5SO) 3p      2.24091E-01  1.30448E+00 18.0  7.719E-01  2.2281  3.12E+01
    218  7  7  610   2 2p3(5SO) 4p      3.30868E-01  1.41126E+00 18.0  7.496E-01  3.2504  2.42E+02
    219  7  7  610   3 2p3(5SO) 5p      3.70364E-01  1.45075E+00 18.0  7.421E-01  4.2579  7.94E+02
    220  7  7  610   4 2p3(5SO) 6p      3.89398E-01  1.46979E+00 18.0  7.386E-01  5.2614  1.85E+03
    221  7  7  610   5 2p3(5SO) 7p      4.00031E-01  1.48042E+00 18.0  7.367E-01  6.2633  3.57E+03
    222  7  7  610   6 2p3(5SO) 8p      4.06573E-01  1.48696E+00 18.0  7.355E-01  7.2645  6.12E+03
    223  7  7  610   7 2p3(5SO) 9p      4.10884E-01  1.49127E+00 18.0  7.347E-01  8.2653  9.70E+03
    224  7  7  610   8 2p3(5SO)10p      4.13874E-01  1.49426E+00 18.0  7.344E-01  9.2656  1.45E+04
    225  7  7  621   1 2p3(5SO) 3d      3.12804E-01  1.39319E+00 30.0  2.146E-02  2.9785  2.78E+01
    226  7  7  621   2 2p3(5SO) 4d      3.62093E-01  1.44248E+00 30.0  2.940E-02  3.9706  9.31E+01
    227  7  7  621   3 2p3(5SO) 5d      3.84988E-01  1.46538E+00 30.0  3.304E-02  4.9670  2.21E+02
    228  7  7  621   4 2p3(5SO) 6d      3.97418E-01  1.47781E+00 30.0  3.493E-02  5.9651  4.27E+02
    229  7  7  621   5 2p3(5SO) 7d      4.04902E-01  1.48529E+00 30.0  3.605E-02  6.9640  7.26E+02
    230  7  7  621   6 2p3(5SO) 8d      4.09752E-01  1.49014E+00 30.0  3.686E-02  7.9631  1.13E+03
    231  7  7  621   7 2p3(5SO) 9d      4.13073E-01  1.49346E+00 30.0  3.742E-02  8.9626  1.66E+03
    232  7  7  621   8 2p3(5SO)10d      4.15446E-01  1.49584E+00 30.0  3.778E-02  9.9622  2.32E+03
    233  7  7  630   1 2p3(5SO) 4f      3.63015E-01  1.44340E+00 42.0  2.241E-04  3.9998  7.05E+01
    234  7  7  630   2 2p3(5SO) 5f      3.85517E-01  1.46591E+00 42.0  3.124E-04  4.9997  1.34E+02
    235  7  7  630   3 2p3(5SO) 6f      3.97741E-01  1.47813E+00 42.0  3.490E-04  5.9997  2.27E+02
    236  7  7  630   4 2p3(5SO) 7f      4.05112E-01  1.48550E+00 42.0  3.152E-04  6.9997  3.55E+02
    237  7  7  630   5 2p3(5SO) 8f      4.09895E-01  1.49028E+00 42.0  5.111E-04  7.9995  5.22E+02
    238  7  7  630   6 2p3(5SO) 9f      4.13175E-01  1.49356E+00 42.0  4.861E-04  8.9995  7.37E+02
    239  7  7  630   7 2p3(5SO)10f      4.15521E-01  1.49591E+00 42.0  5.018E-04  9.9995  1.00E+03
    240  7  7  641   1 2p3(5SO) 5g      3.85522E-01  1.46591E+00 54.0  0.000E+00  5.0000  2.35E+02
    241  7  7  641   2 2p3(5SO) 6g      3.97744E-01  1.47813E+00 54.0  0.000E+00  6.0000  4.03E+02
    242  7  7  641   3 2p3(5SO) 7g      4.05114E-01  1.48550E+00 54.0  0.000E+00  7.0000  6.36E+02
    243  7  7  641   4 2p3(5SO) 8g      4.09897E-01  1.49029E+00 54.0  0.000E+00  8.0000  9.43E+02
    244  7  7  641   5 2p3(5SO) 9g      4.13176E-01  1.49357E+00 54.0  1.168E-04  8.9999  1.34E+03
    245  7  7  641   6 2p3(5SO)10g      4.15522E-01  1.49591E+00 54.0  0.000E+00 10.0000  1.83E+03
 =================================================================================================