# data converted from hist file.
# Variables list: x y z volume rho u v w p a mu k0 mu_t k_t S tke omega mf0 mf1 dt_chem e0 T0
# 2
1.000000e-05
2.6499999999999879e-01 2.5000000000000001e-02 0.0000000000000000e+00 5.0000000000000044e-04 9.9457928984550004e-01 0.0000000000000000e+00 0.0000000000000000e+00 0.0000000000000000e+00 1.0000000000001077e+05 3.7518400234626199e+02 2.0701269588079999e-05 2.9524939936869998e-02 0.0000000000000000e+00 0.0000000000000000e+00 0 0.0000000000000000e+00 1.0000000000000000e+00 7.7780000000000005e-01 2.2219999999999998e-01 -1.0000000000000000e+00 2.5136256360100000e+05 3.4840000000005449e+02
2.5500000000000034e-01 2.5000000000000001e-02 0.0000000000000000e+00 5.0000000000000044e-04 9.9457928984550004e-01 0.0000000000000000e+00 0.0000000000000000e+00 0.0000000000000000e+00 1.0000000000001077e+05 3.7518400234626199e+02 2.0701269588079999e-05 2.9524939936869998e-02 0.0000000000000000e+00 0.0000000000000000e+00 0 0.0000000000000000e+00 1.0000000000000000e+00 7.7780000000000005e-01 2.2219999999999998e-01 -1.0000000000000000e+00 2.5136256360100000e+05 3.4840000000005449e+02
2.6499999999999879e-01 2.5000000000000001e-02 0.0000000000000000e+00 5.0000000000000044e-04 9.9457928984550004e-01 0.0000000000000000e+00 0.0000000000000000e+00 0.0000000000000000e+00 1.0000000000001077e+05 3.7518400234626199e+02 2.0701269588079999e-05 2.9524939936869998e-02 0.0000000000000000e+00 0.0000000000000000e+00 0 0.0000000000000000e+00 1.0000000000000000e+00 7.7780000000000005e-01 2.2219999999999998e-01 -1.0000000000000000e+00 2.5136256360100000e+05 3.4840000000005449e+02
2.5500000000000034e-01 2.5000000000000001e-02 0.0000000000000000e+00 5.0000000000000044e-04 9.9457928984550004e-01 0.0000000000000000e+00 0.0000000000000000e+00 0.0000000000000000e+00 1.0000000000001077e+05 3.7518400234626199e+02 2.0701269588079999e-05 2.9524939936869998e-02 0.0000000000000000e+00 0.0000000000000000e+00 0 0.0000000000000000e+00 1.0000000000000000e+00 7.7780000000000005e-01 2.2219999999999998e-01 -1.0000000000000000e+00 2.5136256360100000e+05 3.4840000000005449e+02
2.050000e-05
2.6499999999999879e-01 2.5000000000000001e-02 0.0000000000000000e+00 5.0000000000000044e-04 9.9457928984550004e-01 0.0000000000000000e+00 0.0000000000000000e+00 0.0000000000000000e+00 1.0000000000001077e+05 3.7518400234626199e+02 2.0701269588079999e-05 2.9524939936869998e-02 0.0000000000000000e+00 0.0000000000000000e+00 0 0.0000000000000000e+00 1.0000000000000000e+00 7.7780000000000005e-01 2.2219999999999998e-01 -1.0000000000000000e+00 2.5136256360100000e+05 3.4840000000005449e+02
2.5500000000000034e-01 2.5000000000000001e-02 0.0000000000000000e+00 5.0000000000000044e-04 9.9457928984550004e-01 0.0000000000000000e+00 0.0000000000000000e+00 0.0000000000000000e+00 1.0000000000001077e+05 3.7518400234626199e+02 2.0701269588079999e-05 2.9524939936869998e-02 0.0000000000000000e+00 0.0000000000000000e+00 0 0.0000000000000000e+00 1.0000000000000000e+00 7.7780000000000005e-01 2.2219999999999998e-01 -1.0000000000000000e+00 2.5136256360100000e+05 3.4840000000005449e+02
2.6499999999999879e-01 2.5000000000000001e-02 0.0000000000000000e+00 5.0000000000000044e-04 9.9457928984550004e-01 0.0000000000000000e+00 0.0000000000000000e+00 0.0000000000000000e+00 1.0000000000001077e+05 3.7518400234626199e+02 2.0701269588079999e-05 2.9524939936869998e-02 0.0000000000000000e+00 0.0000000000000000e+00 0 0.0000000000000000e+00 1.0000000000000000e+00 7.7780000000000005e-01 2.2219999999999998e-01 -1.0000000000000000e+00 2.5136256360100000e+05 3.4840000000005449e+02
2.5500000000000034e-01 2.5000000000000001e-02 0.0000000000000000e+00 5.0000000000000044e-04 9.9457928984550004e-01 0.0000000000000000e+00 0.0000000000000000e+00 0.0000000000000000e+00 1.0000000000001077e+05 3.7518400234626199e+02 2.0701269588079999e-05 2.9524939936869998e-02 0.0000000000000000e+00 0.0000000000000000e+00 0 0.0000000000000000e+00 1.0000000000000000e+00 7.7780000000000005e-01 2.2219999999999998e-01 -1.0000000000000000e+00 2.5136256360100000e+05 3.4840000000005449e+02
3.175000e-05
2.6499999999999879e-01 2.5000000000000001e-02 0.0000000000000000e+00 5.0000000000000044e-04 9.9457928984550004e-01 0.0000000000000000e+00 0.0000000000000000e+00 0.0000000000000000e+00 1.0000000000001077e+05 3.7518400234626199e+02 2.0701269588079999e-05 2.9524939936869998e-02 0.0000000000000000e+00 0.0000000000000000e+00 0 0.0000000000000000e+00 1.0000000000000000e+00 7.7780000000000005e-01 2.2219999999999998e-01 -1.0000000000000000e+00 2.5136256360100000e+05 3.4840000000005449e+02
2.5500000000000034e-01 2.5000000000000001e-02 0.0000000000000000e+00 5.0000000000000044e-04 9.9457928984550004e-01 0.0000000000000000e+00 0.0000000000000000e+00 0.0000000000000000e+00 1.0000000000001077e+05 3.7518400234626199e+02 2.0701269588079999e-05 2.9524939936869998e-02 0.0000000000000000e+00 0.0000000000000000e+00 0 0.0000000000000000e+00 1.0000000000000000e+00 7.7780000000000005e-01 2.2219999999999998e-01 -1.0000000000000000e+00 2.5136256360100000e+05 3.4840000000005449e+02
2.6499999999999879e-01 2.5000000000000001e-02 0.0000000000000000e+00 5.0000000000000044e-04 9.9457928984550004e-01 0.0000000000000000e+00 0.0000000000000000e+00 0.0000000000000000e+00 1.0000000000001077e+05 3.7518400234626199e+02 2.0701269588079999e-05 2.9524939936869998e-02 0.0000000000000000e+00 0.0000000000000000e+00 0 0.0000000000000000e+00 1.0000000000000000e+00 7.7780000000000005e-01 2.2219999999999998e-01 -1.0000000000000000e+00 2.5136256360100000e+05 3.4840000000005449e+02
2.5500000000000034e-01 2.5000000000000001e-02 0.0000000000000000e+00 5.0000000000000044e-04 9.9457928984550004e-01 0.0000000000000000e+00 0.0000000000000000e+00 0.0000000000000000e+00 1.0000000000001077e+05 3.7518400234626199e+02 2.0701269588079999e-05 2.9524939936869998e-02 0.0000000000000000e+00 0.0000000000000000e+00 0 0.0000000000000000e+00 1.0000000000000000e+00 7.7780000000000005e-01 2.2219999999999998e-01 -1.0000000000000000e+00 2.5136256360100000e+05 3.4840000000005449e+02
4.075000e-05
2.6499999999999879e-01 2.5000000000000001e-02 0.0000000000000000e+00 5.0000000000000044e-04 9.9457928984550004e-01 0.0000000000000000e+00 0.0000000000000000e+00 0.0000000000000000e+00 1.0000000000001077e+05 3.7518400234626199e+02 2.0701269588079999e-05 2.9524939936869998e-02 0.0000000000000000e+00 0.0000000000000000e+00 0 0.0000000000000000e+00 1.0000000000000000e+00 7.7780000000000005e-01 2.2219999999999998e-01 -1.0000000000000000e+00 2.5136256360100000e+05 3.4840000000005449e+02
2.5500000000000034e-01 2.5000000000000001e-02 0.0000000000000000e+00 5.0000000000000044e-04 9.9457928984550004e-01 0.0000000000000000e+00 0.0000000000000000e+00 0.0000000000000000e+00 1.0000000000001077e+05 3.7518400234626199e+02 2.0701269588079999e-05 2.9524939936869998e-02 0.0000000000000000e+00 0.0000000000000000e+00 0 0.0000000000000000e+00 1.0000000000000000e+00 7.7780000000000005e-01 2.2219999999999998e-01 -1.0000000000000000e+00 2.5136256360100000e+05 3.4840000000005449e+02
2.6499999999999879e-01 2.5000000000000001e-02 0.0000000000000000e+00 5.0000000000000044e-04 9.9457928984550004e-01 0.0000000000000000e+00 0.0000000000000000e+00 0.0000000000000000e+00 1.0000000000001077e+05 3.7518400234626199e+02 2.0701269588079999e-05 2.9524939936869998e-02 0.0000000000000000e+00 0.0000000000000000e+00 0 0.0000000000000000e+00 1.0000000000000000e+00 7.7780000000000005e-01 2.2219999999999998e-01 -1.0000000000000000e+00 2.5136256360100000e+05 3.4840000000005449e+02
2.5500000000000034e-01 2.5000000000000001e-02 0.0000000000000000e+00 5.0000000000000044e-04 9.9457928984550004e-01 0.0000000000000000e+00 0.0000000000000000e+00 0.0000000000000000e+00 1.0000000000001077e+05 3.7518400234626199e+02 2.0701269588079999e-05 2.9524939936869998e-02 0.0000000000000000e+00 0.0000000000000000e+00 0 0.0000000000000000e+00 1.0000000000000000e+00 7.7780000000000005e-01 2.2219999999999998e-01 -1.0000000000000000e+00 2.5136256360100000e+05 3.4840000000005449e+02
5.087500e-05
2.6499999999999879e-01 2.5000000000000001e-02 0.0000000000000000e+00 5.0000000000000044e-04 9.9457928984550004e-01 0.0000000000000000e+00 0.0000000000000000e+00 0.0000000000000000e+00 1.0000000000001077e+05 3.7518400234626199e+02 2.0701269588079999e-05 2.9524939936869998e-02 0.0000000000000000e+00 0.0000000000000000e+00 0 0.0000000000000000e+00 1.0000000000000000e+00 7.7780000000000005e-01 2.2219999999999998e-01 -1.0000000000000000e+00 2.5136256360100000e+05 3.4840000000005449e+02
2.5500000000000034e-01 2.5000000000000001e-02 0.0000000000000000e+00 5.0000000000000044e-04 9.9457928984550004e-01 0.0000000000000000e+00 0.0000000000000000e+00 0.0000000000000000e+00 1.0000000000001077e+05 3.7518400234626199e+02 2.0701269588079999e-05 2.9524939936869998e-02 0.0000000000000000e+00 0.0000000000000000e+00 0 0.0000000000000000e+00 1.0000000000000000e+00 7.7780000000000005e-01 2.2219999999999998e-01 -1.0000000000000000e+00 2.5136256360100000e+05 3.4840000000005449e+02
2.6499999999999879e-01 2.5000000000000001e-02 0.0000000000000000e+00 5.0000000000000044e-04 9.9457928984550004e-01 0.0000000000000000e+00 0.0000000000000000e+00 0.0000000000000000e+00 1.0000000000001077e+05 3.7518400234626199e+02 2.0701269588079999e-05 2.9524939936869998e-02 0.0000000000000000e+00 0.0000000000000000e+00 0 0.0000000000000000e+00 1.0000000000000000e+00 7.7780000000000005e-01 2.2219999999999998e-01 -1.0000000000000000e+00 2.5136256360100000e+05 3.4840000000005449e+02
2.5500000000000034e-01 2.5000000000000001e-02 0.0000000000000000e+00 5.0000000000000044e-04 9.9457928984550004e-01 0.0000000000000000e+00 0.0000000000000000e+00 0.0000000000000000e+00 1.0000000000001077e+05 3.7518400234626199e+02 2.0701269588079999e-05 2.9524939936869998e-02 0.0000000000000000e+00 0.0000000000000000e+00 0 0.0000000000000000e+00 1.0000000000000000e+00 7.7780000000000005e-01 2.2219999999999998e-01 -1.0000000000000000e+00 2.5136256360100000e+05 3.4840000000005449e+02
6.100000e-05
2.6499999999999879e-01 2.5000000000000001e-02 0.0000000000000000e+00 5.0000000000000044e-04 9.9457928984550004e-01 0.0000000000000000e+00 0.0000000000000000e+00 0.0000000000000000e+00 1.0000000000001077e+05 3.7518400234626199e+02 2.0701269588079999e-05 2.9524939936869998e-02 0.0000000000000000e+00 0.0000000000000000e+00 0 0.0000000000000000e+00 1.0000000000000000e+00 7.7780000000000005e-01 2.2219999999999998e-01 -1.0000000000000000e+00 2.5136256360100000e+05 3.4840000000005449e+02
2.5500000000000034e-01 2.5000000000000001e-02 0.0000000000000000e+00 5.0000000000000044e-04 9.9457928984550004e-01 0.0000000000000000e+00 0.0000000000000000e+00 0.0000000000000000e+00 1.0000000000001077e+05 3.7518400234626199e+02 2.0701269588079999e-05 2.9524939936869998e-02 0.0000000000000000e+00 0.0000000000000000e+00 0 0.0000000000000000e+00 1.0000000000000000e+00 7.7780000000000005e-01 2.2219999999999998e-01 -1.0000000000000000e+00 2.5136256360100000e+05 3.4840000000005449e+02
2.6499999999999879e-01 2.5000000000000001e-02 0.0000000000000000e+00 5.0000000000000044e-04 9.9457928984550004e-01 0.0000000000000000e+00 0.0000000000000000e+00 0.0000000000000000e+00 1.0000000000001077e+05 3.7518400234626199e+02 2.0701269588079999e-05 2.9524939936869998e-02 0.0000000000000000e+00 0.0000000000000000e+00 0 0.0000000000000000e+00 1.0000000000000000e+00 7.7780000000000005e-01 2.2219999999999998e-01 -1.0000000000000000e+00 2.5136256360100000e+05 3.4840000000005449e+02
2.5500000000000034e-01 2.5000000000000001e-02 0.0000000000000000e+00 5.0000000000000044e-04 9.9457928984550004e-01 0.0000000000000000e+00 0.0000000000000000e+00 0.0000000000000000e+00 1.0000000000001077e+05 3.7518400234626199e+02 2.0701269588079999e-05 2.9524939936869998e-02 0.0000000000000000e+00 0.0000000000000000e+00 0 0.0000000000000000e+00 1.0000000000000000e+00 7.7780000000000005e-01 2.2219999999999998e-01 -1.0000000000000000e+00 2.5136256360100000e+05 3.4840000000005449e+02
7.112500e-05
2.6499999999999879e-01 2.5000000000000001e-02 0.0000000000000000e+00 5.0000000000000044e-04 9.9457928984550004e-01 1.0287581391861540e-15 0.0000000000000000e+00 0.0000000000000000e+00 1.0000000000001077e+05 3.7518400234626199e+02 2.0701269588079999e-05 2.9524939936869998e-02 0.0000000000000000e+00 0.0000000000000000e+00 0 0.0000000000000000e+00 1.0000000000000000e+00 7.7780000000000005e-01 2.2219999999999998e-01 -1.0000000000000000e+00 2.5136256360100000e+05 3.4840000000005449e+02
2.5500000000000034e-01 2.5000000000000001e-02 0.0000000000000000e+00 5.0000000000000044e-04 9.9457928984550004e-01 0.0000000000000000e+00 0.0000000000000000e+00 0.0000000000000000e+00 1.0000000000001077e+05 3.7518400234626199e+02 2.0701269588079999e-05 2.9524939936869998e-02 0.0000000000000000e+00 0.0000000000000000e+00 0 0.0000000000000000e+00 1.0000000000000000e+00 7.7780000000000005e-01 2.2219999999999998e-01 -1.0000000000000000e+00 2.5136256360100000e+05 3.4840000000005449e+02
2.6499999999999879e-01 2.5000000000000001e-02 0.0000000000000000e+00 5.0000000000000044e-04 9.9457928984550004e-01 1.0287581391861540e-15 0.0000000000000000e+00 0.0000000000000000e+00 1.0000000000001077e+05 3.7518400234626199e+02 2.0701269588079999e-05 2.9524939936869998e-02 0.0000000000000000e+00 0.0000000000000000e+00 0 0.0000000000000000e+00 1.0000000000000000e+00 7.7780000000000005e-01 2.2219999999999998e-01 -1.0000000000000000e+00 2.5136256360100000e+05 3.4840000000005449e+02
2.5500000000000034e-01 2.5000000000000001e-02 0.0000000000000000e+00 5.0000000000000044e-04 9.9457928984550004e-01 0.0000000000000000e+00 0.0000000000000000e+00 0.0000000000000000e+00 1.0000000000001077e+05 3.7518400234626199e+02 2.0701269588079999e-05 2.9524939936869998e-02 0.0000000000000000e+00 0.0000000000000000e+00 0 0.0000000000000000e+00 1.0000000000000000e+00 7.7780000000000005e-01 2.2219999999999998e-01 -1.0000000000000000e+00 2.5136256360100000e+05 3.4840000000005449e+02
8.125000e-05
2.6499999999999879e-01 2.5000000000000001e-02 0.0000000000000000e+00 5.0000000000000044e-04 9.9457928984549993e-01 6.7898037186286183e-14 0.0000000000000000e+00 0.0000000000000000e+00 1.0000000000001072e+05 3.7518400234626199e+02 2.0701269588079999e-05 2.9524939936869998e-02 0.0000000000000000e+00 0.0000000000000000e+00 0 0.0000000000000000e+00 1.0000000000000000e+00 7.7780000000000005e-01 2.2220000000000001e-01 -1.0000000000000000e+00 2.5136256360100000e+05 3.4840000000005443e+02
2.5500000000000034e-01 2.5000000000000001e-02 0.0000000000000000e+00 5.0000000000000044e-04 9.9457928984550004e-01 2.0575162783723080e-15 0.0000000000000000e+00 0.0000000000000000e+00 1.0000000000001077e+05 3.7518400234626199e+02 2.0701269588079999e-05 2.9524939936869998e-02 0.0000000000000000e+00 0.0000000000000000e+00 0 0.0000000000000000e+00 1.0000000000000000e+00 7.7780000000000005e-01 2.2219999999999998e-01 -1.0000000000000000e+00 2.5136256360100000e+05 3.4840000000005449e+02
2.6499999999999879e-01 2.5000000000000001e-02 0.0000000000000000e+00 5.0000000000000044e-04 9.9457928984549993e-01 6.7898037186286183e-14 0.0000000000000000e+00 0.0000000000000000e+00 1.0000000000001072e+05 3.7518400234626199e+02 2.0701269588079999e-05 2.9524939936869998e-02 0.0000000000000000e+00 0.0000000000000000e+00 0 0.0000000000000000e+00 1.0000000000000000e+00 7.7780000000000005e-01 2.2220000000000001e-01 -1.0000000000000000e+00 2.5136256360100000e+05 3.4840000000005443e+02
2.5500000000000034e-01 2.5000000000000001e-02 0.0000000000000000e+00 5.0000000000000044e-04 9.9457928984550004e-01 2.0575162783723080e-15 0.0000000000000000e+00 0.0000000000000000e+00 1.0000000000001077e+05 3.7518400234626199e+02 2.0701269588079999e-05 2.9524939936869998e-02 0.0000000000000000e+00 0.0000000000000000e+00 0 0.0000000000000000e+00 1.0000000000000000e+00 7.7780000000000005e-01 2.2219999999999998e-01 -1.0000000000000000e+00 2.5136256360100000e+05 3.4840000000005449e+02
9.137500e-05
2.6499999999999879e-01 2.5000000000000001e-02 0.0000000000000000e+00 5.0000000000000044e-04 9.9457928984549904e-01 4.8454508355667905e-13 0.0000000000000000e+00 0.0000000000000000e+00 1.0000000000001059e+05 3.7518400234626193e+02 2.0701269588079999e-05 2.9524939936869998e-02 0.0000000000000000e+00 0.0000000000000000e+00 0 0.0000000000000000e+00 1.0000000000000000e+00 7.7779999999999994e-01 2.2219999999999995e-01 -1.0000000000000000e+00 2.5136256360099991e+05 3.4840000000005432e+02
2.5500000000000034e-01 2.5000000000000001e-02 0.0000000000000000e+00 5.0000000000000044e-04 9.9457928984549993e-01 7.3041827882216954e-14 0.0000000000000000e+00 0.0000000000000000e+00 1.0000000000001071e+05 3.7518400234626199e+02 2.0701269588079999e-05 2.9524939936869998e-02 0.0000000000000000e+00 0.0000000000000000e+00 0 0.0000000000000000e+00 1.0000000000000000e+00 7.7780000000000005e-01 2.2220000000000001e-01 -1.0000000000000000e+00 2.5136256360099997e+05 3.4840000000005438e+02
2.6499999999999879e-01 2.5000000000000001e-02 0.0000000000000000e+00 5.0000000000000044e-04 9.9457928984549904e-01 4.8454508355667905e-13 0.0000000000000000e+00 0.0000000000000000e+00 1.0000000000001059e+05 3.7518400234626193e+02 2.0701269588079999e-05 2.9524939936869998e-02 0.0000000000000000e+00 0.0000000000000000e+00 0 0.0000000000000000e+00 1.0000000000000000e+00 7.7779999999999994e-01 2.2219999999999995e-01 -1.0000000000000000e+00 2.5136256360099991e+05 3.4840000000005432e+02
2.5500000000000034e-01 2.5000000000000001e-02 0.0000000000000000e+00 5.0000000000000044e-04 9.9457928984549993e-01 7.3041827882216954e-14 0.0000000000000000e+00 0.0000000000000000e+00 1.0000000000001071e+05 3.7518400234626199e+02 2.0701269588079999e-05 2.9524939936869998e-02 0.0000000000000000e+00 0.0000000000000000e+00 0 0.0000000000000000e+00 1.0000000000000000e+00 7.7780000000000005e-01 2.2220000000000001e-01 -1.0000000000000000e+00 2.5136256360099997e+05 3.4840000000005438e+02
1.015000e-04
2.6499999999999879e-01 2.5000000000000001e-02 0.0000000000000000e+00 5.0000000000000044e-04 9.9457928984549349e-01 3.0245489292073123e-12 0.0000000000000000e+00 0.0000000000000000e+00 1.0000000000000984e+05 3.7518400234626154e+02 2.0701269588079999e-05 2.9524939936869998e-02 0.0000000000000000e+00 0.0000000000000000e+00 0 0.0000000000000000e+00 1.0000000000000000e+00 7.7779999999999994e-01 2.2219999999999995e-01 -1.0000000000000000e+00 2.5136256360099936e+05 3.4840000000005358e+02
2.5500000000000034e-01 2.5000000000000001e-02 0.0000000000000000e+00 5.0000000000000044e-04 9.9457928984549904e-01 5.3135357888964911e-13 0.0000000000000000e+00 0.0000000000000000e+00 1.0000000000001058e+05 3.7518400234626193e+02 2.0701269588079999e-05 2.9524939936869998e-02 0.0000000000000000e+00 0.0000000000000000e+00 0 0.0000000000000000e+00 1.0000000000000000e+00 7.7780000000000005e-01 2.2220000000000001e-01 -1.0000000000000000e+00 2.5136256360099989e+05 3.4840000000005426e+02
2.6499999999999879e-01 2.5000000000000001e-02 0.0000000000000000e+00 5.0000000000000044e-04 9.9457928984549349e-01 3.0245489292073123e-12 0.0000000000000000e+00 0.0000000000000000e+00 1.0000000000000984e+05 3.7518400234626154e+02 2.0701269588079999e-05 2.9524939936869998e-02 0.0000000000000000e+00 0.0000000000000000e+00 0 0.0000000000000000e+00 1.0000000000000000e+00 7.7779999999999994e-01 2.2219999999999995e-01 -1.0000000000000000e+00 2.5136256360099936e+05 3.4840000000005358e+02
2.5500000000000034e-01 2.5000000000000001e-02 0.0000000000000000e+00 5.0000000000000044e-04 9.9457928984549904e-01 5.3135357888964911e-13 0.0000000000000000e+00 0.0000000000000000e+00 1.0000000000001058e+05 3.7518400234626193e+02 2.0701269588079999e-05 2.9524939936869998e-02 0.0000000000000000e+00 0.0000000000000000e+00 0 0.0000000000000000e+00 1.0000000000000000e+00 7.7780000000000005e-01 2.2220000000000001e-01 -1.0000000000000000e+00 2.5136256360099989e+05 3.4840000000005426e+02
1.116250e-04
2.6499999999999879e-01 2.5000000000000001e-02 0.0000000000000000e+00 5.0000000000000044e-04 9.9457928984546673e-01 1.5557909338912729e-11 0.0000000000000000e+00 0.0000000000000000e+00 1.0000000000000608e+05 3.7518400234625955e+02 2.0701269588079999e-05 2.9524939936869998e-02 0.0000000000000000e+00 0.0000000000000000e+00 0 0.0000000000000000e+00 1.0000000000000000e+00 7.7779999999999994e-01 2.2219999999999995e-01 -1.0000000000000000e+00 2.5136256360099668e+05 3.4840000000004989e+02
2.5500000000000034e-01 2.5000000000000001e-02 0.0000000000000000e+00 5.0000000000000044e-04 9.9457928984549393e-01 2.9077848804096828e-12 0.0000000000000000e+00 0.0000000000000000e+00 1.0000000000000988e+05 3.7518400234626148e+02 2.0701269588079999e-05 2.9524939936869998e-02 0.0000000000000000e+00 0.0000000000000000e+00 0 0.0000000000000000e+00 1.0000000000000000e+00 7.7779999999999994e-01 2.2220000000000001e-01 -1.0000000000000000e+00 2.5136256360099936e+05 3.4840000000005352e+02
2.6499999999999879e-01 2.5000000000000001e-02 0.0000000000000000e+00 5.0000000000000044e-04 9.9457928984546673e-01 1.5557909338912729e-11 0.0000000000000000e+00 0.0000000000000000e+00 1.0000000000000608e+05 3.7518400234625955e+02 2.0701269588079999e-05 2.9524939936869998e-02 0.0000000000000000e+00 0.0000000000000000e+00 0 0.0000000000000000e+00 1.0000000000000000e+00 7.7779999999999994e-01 2.2219999999999995e-01 -1.0000000000000000e+00 2.5136256360099668e+05 3.4840000000004989e+02
2.5500000000000034e-01 2.5000000000000001e-02 0.0000000000000000e+00 5.0000000000000044e-04 9.9457928984549393e-01 2.9077848804096828e-12 0.0000000000000000e+00 0.0000000000000000e+00 1.0000000000000988e+05 3.7518400234626148e+02 2.0701269588079999e-05 2.9524939936869998e-02 0.0000000000000000e+00 0.0000000000000000e+00 0 0.0000000000000000e+00 1.0000000000000000e+00 7.7779999999999994e-01 2.2220000000000001e-01 -1.0000000000000000e+00 2.5136256360099936e+05 3.4840000000005352e+02
1.217500e-04
2.6499999999999879e-01 2.5000000000000001e-02 0.0000000000000000e+00 5.0000000000000044e-04 9.9457928984535826e-01 6.6623405851844017e-11 0.0000000000000000e+00 0.0000000000000000e+00 9.9999999999990818e+04 3.7518400234625136e+02 2.0701269588079999e-05 2.9524939936869998e-02 0.0000000000000000e+00 0.0000000000000000e+00 0 0.0000000000000000e+00 1.0000000000000000e+00 7.7780000000000005e-01 2.2219999999999998e-01 -1.0000000000000000e+00 2.5136256360098571e+05 3.4840000000003465e+02
2.5500000000000034e-01 2.5000000000000001e-02 0.0000000000000000e+00 5.0000000000000044e-04 9.9457928984547128e-01 1.3493706132635579e-11 1.9289215109740945e-16 0.0000000000000000e+00 1.0000000000000668e+05 3.7518400234625977e+02 2.0701269588079999e-05 2.9524939936869998e-02 0.0000000000000000e+00 0.0000000000000000e+00 0 0.0000000000000000e+00 1.0000000000000000e+00 7.7780000000000005e-01 2.2220000000000004e-01 -1.0000000000000000e+00 2.5136256360099706e+05 3.4840000000005034e+02
2.6499999999999879e-01 2.5000000000000001e-02 0.0000000000000000e+00 5.0000000000000044e-04 9.9457928984535826e-01 6.6623405851844017e-11 0.0000000000000000e+00 0.0000000000000000e+00 9.9999999999990818e+04 3.7518400234625136e+02 2.0701269588079999e-05 2.9524939936869998e-02 0.0000000000000000e+00 0.0000000000000000e+00 0 0.0000000000000000e+00 1.0000000000000000e+00 7.7780000000000005e-01 2.2219999999999998e-01 -1.0000000000000000e+00 2.5136256360098571e+05 3.4840000000003465e+02
2.5500000000000034e-01 2.5000000000000001e-02 0.0000000000000000e+00 5.0000000000000044e-04 9.9457928984547128e-01 1.3493706132635579e-11 1.9289215109740945e-16 0.0000000000000000e+00 1.0000000000000668e+05 3.7518400234625977e+02 2.0701269588079999e-05 2.9524939936869998e-02 0.0000000000000000e+00 0.0000000000000000e+00 0 0.0000000000000000e+00 1.0000000000000000e+00 7.7780000000000005e-01 2.2220000000000004e-01 -1.0000000000000000e+00 2.5136256360099706e+05 3.4840000000005034e+02
1.318750e-04
2.6499999999999879e-01 2.5000000000000001e-02 0.0000000000000000e+00 5.0000000000000044e-04 9.9457928984498323e-01 2.4167843395308485e-10 9.6446075548752054e-16 0.0000000000000000e+00 9.9999999999938009e+04 3.7518400234622305e+02 2.0701269588079999e-05 2.9524939936869998e-02 0.0000000000000000e+00 0.0000000000000000e+00 0 0.0000000000000000e+00 1.0000000000000000e+00 7.7779999999999994e-01 2.2219999999999995e-01 -1.0000000000000000e+00 2.5136256360094779e+05 3.4839999999998207e+02
2.5500000000000034e-01 2.5000000000000001e-02 0.0000000000000000e+00 5.0000000000000044e-04 9.9457928984538557e-01 5.3701689244593008e-11 3.8578430219485213e-16 0.0000000000000000e+00 9.9999999999994601e+04 3.7518400234625329e+02 2.0701269588079999e-05 2.9524939936869998e-02 0.0000000000000000e+00 0.0000000000000000e+00 0 0.0000000000000000e+00 1.0000000000000000e+00 7.7780000000000005e-01 2.2219999999999998e-01 -1.0000000000000000e+00 2.5136256360098839e+05 3.4840000000003835e+02
2.6499999999999879e-01 2.5000000000000001e-02 0.0000000000000000e+00 5.0000000000000044e-04 9.9457928984498323e-01 2.4167843395308485e-10 9.6446075548752054e-16 0.0000000000000000e+00 9.9999999999938009e+04 3.7518400234622305e+02 2.0701269588079999e-05 2.9524939936869998e-02 0.0000000000000000e+00 0.0000000000000000e+00 0 0.0000000000000000e+00 1.0000000000000000e+00 7.7779999999999994e-01 2.2219999999999995e-01 -1.0000000000000000e+00 2.5136256360094779e+05 3.4839999999998207e+02
2.5500000000000034e-01 2.5000000000000001e-02 0.0000000000000000e+00 5.0000000000000044e-04 9.9457928984538557e-01 5.3701689244593008e-11 3.8578430219485213e-16 0.0000000000000000e+00 9.9999999999994601e+04 3.7518400234625329e+02 2.0701269588079999e-05 2.9524939936869998e-02 0.0000000000000000e+00 0.0000000000000000e+00 0 0.0000000000000000e+00 1.0000000000000000e+00 7.7780000000000005e-01 2.2219999999999998e-01 -1.0000000000000000e+00 2.5136256360098839e+05 3.4840000000003835e+02
1.470625e-04
2.6499999999999879e-01 2.5000000000000001e-02 0.0000000000000000e+00 5.0000000000000044e-04 9.9457928984262012e-01 1.3212525958071087e-09 3.5685047953123047e-15 0.0000000000000000e+00 9.9999999999605367e+04 3.7518400234604479e+02 2.0701269588079999e-05 2.9524939936869998e-02 0.0000000000000000e+00 0.0000000000000000e+00 0 0.0000000000000000e+00 1.0000000000000000e+00 7.7780000000000005e-01 2.2220000000000001e-01 -1.0000000000000000e+00 2.5136256360070891e+05 3.4839999999965096e+02
2.5500000000000034e-01 2.5000000000000001e-02 0.0000000000000000e+00 5.0000000000000044e-04 9.9457928984481092e-01 3.2036042833348627e-10 9.6446075548768758e-17 0.0000000000000000e+00 9.9999999999913751e+04 3.7518400234621004e+02 2.0701269588079999e-05 2.9524939936869998e-02 0.0000000000000000e+00 0.0000000000000000e+00 0 0.0000000000000000e+00 1.0000000000000000e+00 7.7779999999999994e-01 2.2219999999999995e-01 -1.0000000000000000e+00 2.5136256360093033e+05 3.4839999999995791e+02
2.6499999999999879e-01 2.5000000000000001e-02 0.0000000000000000e+00 5.0000000000000044e-04 9.9457928984262012e-01 1.3212525958071087e-09 3.5685047953123047e-15 0.0000000000000000e+00 9.9999999999605367e+04 3.7518400234604479e+02 2.0701269588079999e-05 2.9524939936869998e-02 0.0000000000000000e+00 0.0000000000000000e+00 0 0.0000000000000000e+00 1.0000000000000000e+00 7.7780000000000005e-01 2.2220000000000001e-01 -1.0000000000000000e+00 2.5136256360070891e+05 3.4839999999965096e+02
2.5500000000000034e-01 2.5000000000000001e-02 0.0000000000000000e+00 5.0000000000000044e-04 9.9457928984481092e-01 3.2036042833348627e-10 9.6446075548768758e-17 0.0000000000000000e+00 9.9999999999913751e+04 3.7518400234621004e+02 2.0701269588079999e-05 2.9524939936869998e-02 0.0000000000000000e+00 0.0000000000000000e+00 0 0.0000000000000000e+00 1.0000000000000000e+00 7.7779999999999994e-01 2.2219999999999995e-01 -1.0000000000000000e+00 2.5136256360093033e+05 3.4839999999995791e+02
1.546562e-04
2.6499999999999879e-01 2.5000000000000001e-02 0.0000000000000000e+00 5.0000000000000044e-04 9.9457928983871779e-01 2.9994119956653373e-09 2.4111518887339905e-15 0.0000000000000000e+00 9.9999999999056075e+04 3.7518400234575040e+02 2.0701269588079999e-05 2.9524939936869998e-02 0.0000000000000000e+00 0.0000000000000000e+00 0 0.0000000000000000e+00 1.0000000000000000e+00 7.7779999999999994e-01 2.2219999999999998e-01 -1.0000000000000000e+00 2.5136256360031443e+05 3.4839999999910424e+02
2.5500000000000034e-01 2.5000000000000001e-02 0.0000000000000000e+00 5.0000000000000044e-04 9.9457928984395472e-01 7.1390671068934088e-10 -1.0609068310373699e-15 0.0000000000000000e+00 9.9999999999793232e+04 3.7518400234614546e+02 2.0701269588079999e-05 2.9524939936869998e-02 0.0000000000000000e+00 0.0000000000000000e+00 0 0.0000000000000000e+00 1.0000000000000000e+00 7.7779999999999994e-01 2.2219999999999995e-01 -1.0000000000000000e+00 2.5136256360084380e+05 3.4839999999983797e+02
2.6499999999999879e-01 2.5000000000000001e-02 0.0000000000000000e+00 5.0000000000000044e-04 9.9457928983871779e-01 2.9994119956653373e-09 2.4111518887339905e-15 0.0000000000000000e+00 9.9999999999056075e+04 3.7518400234575040e+02 2.0701269588079999e-05 2.9524939936869998e-02 0.0000000000000000e+00 0.0000000000000000e+00 0 0.0000000000000000e+00 1.0000000000000000e+00 7.7779999999999994e-01 2.2219999999999998e-01 -1.0000000000000000e+00 2.5136256360031443e+05 3.4839999999910424e+02
2.5500000000000034e-01 2.5000000000000001e-02 0.0000000000000000e+00 5.0000000000000044e-04 9.9457928984395472e-01 7.1390671068934088e-10 -1.0609068310373699e-15 0.0000000000000000e+00 9.9999999999793232e+04 3.7518400234614546e+02 2.0701269588079999e-05 2.9524939936869998e-02 0.0000000000000000e+00 0.0000000000000000e+00 0 0.0000000000000000e+00 1.0000000000000000e+00 7.7779999999999994e-01 2.2219999999999995e-01 -1.0000000000000000e+00 2.5136256360084380e+05 3.4839999999983797e+02
1.622500e-04
2.6499999999999879e-01 2.5000000000000001e-02 0.0000000000000000e+00 5.0000000000000044e-04 9.9457928982942401e-01 6.7476614131345270e-09 -4.8223037775130493e-16 0.0000000000000000e+00 9.9999999997747844e+04 3.7518400234504918e+02 2.0701269588079999e-05 2.9524939936869998e-02 0.0000000000000000e+00 0.0000000000000000e+00 0 0.0000000000000000e+00 1.0000000000000000e+00 7.7779999999999994e-01 2.2220000000000001e-01 -1.0000000000000000e+00 2.5136256359937490e+05 3.4839999999780196e+02
2.5500000000000034e-01 2.5000000000000001e-02 0.0000000000000000e+00 5.0000000000000044e-04 9.9457928984211152e-01 1.5426246300416375e-09 -1.3502450576864277e-15 0.0000000000000000e+00 9.9999999999533786e+04 3.7518400234600642e+02 2.0701269588079999e-05 2.9524939936869998e-02 0.0000000000000000e+00 0.0000000000000000e+00 0 0.0000000000000000e+00 1.0000000000000000e+00 7.7779999999999994e-01 2.2219999999999998e-01 -1.0000000000000000e+00 2.5136256360065748e+05 3.4839999999957973e+02
2.6499999999999879e-01 2.5000000000000001e-02 0.0000000000000000e+00 5.0000000000000044e-04 9.9457928982942401e-01 6.7476614131345270e-09 -4.8223037775130493e-16 0.0000000000000000e+00 9.9999999997747844e+04 3.7518400234504918e+02 2.0701269588079999e-05 2.9524939936869998e-02 0.0000000000000000e+00 0.0000000000000000e+00 0 0.0000000000000000e+00 1.0000000000000000e+00 7.7779999999999994e-01 2.2220000000000001e-01 -1.0000000000000000e+00 2.5136256359937490e+05 3.4839999999780196e+02
2.5500000000000034e-01 2.5000000000000001e-02 0.0000000000000000e+00 5.0000000000000044e-04 9.9457928984211152e-01 1.5426246300416375e-09 -1.3502450576864277e-15 0.0000000000000000e+00 9.9999999999533786e+04 3.7518400234600642e+02 2.0701269588079999e-05 2.9524939936869998e-02 0.0000000000000000e+00 0.0000000000000000e+00 0 0.0000000000000000e+00 1.0000000000000000e+00 7.7779999999999994e-01 2.2219999999999998e-01 -1.0000000000000000e+00 2.5136256360065748e+05 3.4839999999957973e+02
1.774375e-04
2.6499999999999879e-01 2.5000000000000001e-02 0.0000000000000000e+00 5.0000000000000044e-04 9.9457928976544907e-01 3.1920540816145240e-08 -3.3756126444762622e-15 0.0000000000000000e+00 9.9999999988742537e+04 3.7518400234022255e+02 2.0701269588079999e-05 2.9524939936869998e-02 0.0000000000000000e+00 0.0000000000000000e+00 0 0.0000000000000000e+00 1.0000000000000000e+00 7.7780000000000005e-01 2.2219999999999998e-01 -1.0000000000000000e+00 2.5136256359290742e+05 3.4839999998883781e+02
2.5500000000000034e-01 2.5000000000000001e-02 0.0000000000000000e+00 5.0000000000000044e-04 9.9457928982842658e-01 7.1173806282409187e-09 -1.3502450577050063e-15 0.0000000000000000e+00 9.9999999997607447e+04 3.7518400234497386e+02 2.0701269588079999e-05 2.9524939936869998e-02 0.0000000000000000e+00 0.0000000000000000e+00 0 0.0000000000000000e+00 1.0000000000000000e+00 7.7779999999999994e-01 2.2219999999999995e-01 -1.0000000000000000e+00 2.5136256359927400e+05 3.4839999999766212e+02
2.6499999999999879e-01 2.5000000000000001e-02 0.0000000000000000e+00 5.0000000000000044e-04 9.9457928976544907e-01 3.1920540816145240e-08 -3.3756126444762622e-15 0.0000000000000000e+00 9.9999999988742537e+04 3.7518400234022255e+02 2.0701269588079999e-05 2.9524939936869998e-02 0.0000000000000000e+00 0.0000000000000000e+00 0 0.0000000000000000e+00 1.0000000000000000e+00 7.7780000000000005e-01 2.2219999999999998e-01 -1.0000000000000000e+00 2.5136256359290742e+05 3.4839999998883781e+02
2.5500000000000034e-01 2.5000000000000001e-02 0.0000000000000000e+00 5.0000000000000044e-04 9.9457928982842658e-01 7.1173806282409187e-09 -1.3502450577050063e-15 0.0000000000000000e+00 9.9999999997607447e+04 3.7518400234497386e+02 2.0701269588079999e-05 2.9524939936869998e-02 0.0000000000000000e+00 0.0000000000000000e+00 0 0.0000000000000000e+00 1.0000000000000000e+00 7.7779999999999994e-01 2.2219999999999995e-01 -1.0000000000000000e+00 2.5136256359927400e+05 3.4839999999766212e+02
1.850312e-04
2.6499999999999879e-01 2.5000000000000001e-02 0.0000000000000000e+00 5.0000000000000044e-04 9.9457928967850795e-01 6.5977872218481186e-08 -3.6649508714660281e-15 0.0000000000000000e+00 9.9999999976504434e+04 3.7518400233366322e+02 2.0701269588079999e-05 2.9524939936869998e-02 0.0000000000000000e+00 0.0000000000000000e+00 0 0.0000000000000000e+00 1.0000000000000000e+00 7.7780000000000005e-01 2.2219999999999998e-01 -1.0000000000000000e+00 2.5136256358411827e+05 3.4839999997665564e+02
2.5500000000000034e-01 2.5000000000000001e-02 0.0000000000000000e+00 5.0000000000000044e-04 9.9457928980818966e-01 1.5033926812653809e-08 -4.8223037776160006e-16 0.0000000000000000e+00 9.9999999994758851e+04 3.7518400234344716e+02 2.0701269588079999e-05 2.9524939936869998e-02 0.0000000000000000e+00 0.0000000000000000e+00 0 0.0000000000000000e+00 1.0000000000000000e+00 7.7780000000000005e-01 2.2219999999999998e-01 -1.0000000000000000e+00 2.5136256359722820e+05 3.4839999999482660e+02
2.6499999999999879e-01 2.5000000000000001e-02 0.0000000000000000e+00 5.0000000000000044e-04 9.9457928967850795e-01 6.5977872218481186e-08 -3.6649508714660281e-15 0.0000000000000000e+00 9.9999999976504434e+04 3.7518400233366322e+02 2.0701269588079999e-05 2.9524939936869998e-02 0.0000000000000000e+00 0.0000000000000000e+00 0 0.0000000000000000e+00 1.0000000000000000e+00 7.7780000000000005e-01 2.2219999999999998e-01 -1.0000000000000000e+00 2.5136256358411827e+05 3.4839999997665564e+02
2.5500000000000034e-01 2.5000000000000001e-02 0.0000000000000000e+00 5.0000000000000044e-04 9.9457928980818966e-01 1.5033926812653809e-08 -4.8223037776160006e-16 0.0000000000000000e+00 9.9999999994758851e+04 3.7518400234344716e+02 2.0701269588079999e-05 2.9524939936869998e-02 0.0000000000000000e+00 0.0000000000000000e+00 0 0.0000000000000000e+00 1.0000000000000000e+00 7.7780000000000005e-01 2.2219999999999998e-01 -1.0000000000000000e+00 2.5136256359722820e+05 3.4839999999482660e+02
1.926250e-04
2.6499999999999879e-01 2.5000000000000001e-02 0.0000000000000000e+00 5.0000000000000044e-04 9.9457928951050223e-01 1.3140632125784205e-07 -3.3756126453415550e-15 0.0000000000000000e+00 9.9999999952855462e+04 3.7518400232098787e+02 2.0701269588079999e-05 2.9524939936869998e-02 0.0000000000000000e+00 0.0000000000000000e+00 0 0.0000000000000000e+00 1.0000000000000000e+00 7.7779999999999994e-01 2.2219999999999995e-01 -1.0000000000000000e+00 2.5136256356713409e+05 3.4839999995311479e+02
2.5500000000000034e-01 2.5000000000000001e-02 0.0000000000000000e+00 5.0000000000000044e-04 9.9457928976734178e-01 3.0993693772799096e-08 3.8578430222512427e-16 0.0000000000000000e+00 9.9999999989008968e+04 3.7518400234036534e+02 2.0701269588079999e-05 2.9524939936869998e-02 0.0000000000000000e+00 0.0000000000000000e+00 0 0.0000000000000000e+00 1.0000000000000000e+00 7.7779999999999994e-01 2.2219999999999995e-01 -1.0000000000000000e+00 2.5136256359309875e+05 3.4839999998910298e+02
2.6499999999999879e-01 2.5000000000000001e-02 0.0000000000000000e+00 5.0000000000000044e-04 9.9457928951050223e-01 1.3140632125784205e-07 -3.3756126453415550e-15 0.0000000000000000e+00 9.9999999952855462e+04 3.7518400232098787e+02 2.0701269588079999e-05 2.9524939936869998e-02 0.0000000000000000e+00 0.0000000000000000e+00 0 0.0000000000000000e+00 1.0000000000000000e+00 7.7779999999999994e-01 2.2219999999999995e-01 -1.0000000000000000e+00 2.5136256356713409e+05 3.4839999995311479e+02
2.5500000000000034e-01 2.5000000000000001e-02 0.0000000000000000e+00 5.0000000000000044e-04 9.9457928976734178e-01 3.0993693772799096e-08 3.8578430222512427e-16 0.0000000000000000e+00 9.9999999989008968e+04 3.7518400234036534e+02 2.0701269588079999e-05 2.9524939936869998e-02 0.0000000000000000e+00 0.0000000000000000e+00 0 0.0000000000000000e+00 1.0000000000000000e+00 7.7779999999999994e-01 2.2219999999999995e-01 -1.0000000000000000e+00 2.5136256359309875e+05 3.4839999998910298e+02
2.002187e-04
2.6499999999999879e-01 2.5000000000000001e-02 0.0000000000000000e+00 5.0000000000000044e-04 9.9457928919708471e-01 2.5288955200921270e-07 -3.3756126464052973e-15 0.0000000000000000e+00 9.9999999908737853e+04 3.7518400229734186e+02 2.0701269588079999e-05 2.9524939936869998e-02 0.0000000000000000e+00 0.0000000000000000e+00 0 0.0000000000000000e+00 1.0000000000000000e+00 7.7780000000000005e-01 2.2219999999999995e-01 -1.0000000000000000e+00 2.5136256353544976e+05 3.4839999990919887e+02
2.5500000000000034e-01 2.5000000000000001e-02 0.0000000000000000e+00 5.0000000000000044e-04 9.9457928968794063e-01 6.1922248899869119e-08 6.7512252894786520e-16 0.0000000000000000e+00 9.9999999977832209e+04 3.7518400233437484e+02 2.0701269588079999e-05 2.9524939936869998e-02 0.0000000000000000e+00 0.0000000000000000e+00 0 0.0000000000000000e+00 1.0000000000000000e+00 7.7780000000000005e-01 2.2219999999999998e-01 -1.0000000000000000e+00 2.5136256358507188e+05 3.4839999997797736e+02
2.6499999999999879e-01 2.5000000000000001e-02 0.0000000000000000e+00 5.0000000000000044e-04 9.9457928919708471e-01 2.5288955200921270e-07 -3.3756126464052973e-15 0.0000000000000000e+00 9.9999999908737853e+04 3.7518400229734186e+02 2.0701269588079999e-05 2.9524939936869998e-02 0.0000000000000000e+00 0.0000000000000000e+00 0 0.0000000000000000e+00 1.0000000000000000e+00 7.7780000000000005e-01 2.2219999999999995e-01 -1.0000000000000000e+00 2.5136256353544976e+05 3.4839999990919887e+02
2.5500000000000034e-01 2.5000000000000001e-02 0.0000000000000000e+00 5.0000000000000044e-04 9.9457928968794063e-01 6.1922248899869119e-08 6.7512252894786520e-16 0.0000000000000000e+00 9.9999999977832209e+04 3.7518400233437484e+02 2.0701269588079999e-05 2.9524939936869998e-02 0.0000000000000000e+00 0.0000000000000000e+00 0 0.0000000000000000e+00 1.0000000000000000e+00 7.7780000000000005e-01 2.2219999999999998e-01 -1.0000000000000000e+00 2.5136256358507188e+05 3.4839999997797736e+02
2.192031e-04
2.6499999999999879e-01 2.5000000000000001e-02 0.0000000000000000e+00 5.0000000000000044e-04 9.9457928682234487e-01 1.1930357553354677e-06 -3.8096199957535710e-15 0.0000000000000000e+00 9.9999999574462257e+04 3.7518400211817777e+02 2.0701269588079999e-05 2.9524939936869998e-02 0.0000000000000000e+00 0.0000000000000000e+00 0 0.0000000000000000e+00 1.0000000000000000e+00 7.7780000000000005e-01 2.2219999999999995e-01 -1.0000000000000000e+00 2.5136256329538013e+05 3.4839999957645136e+02
2.5500000000000034e-01 2.5000000000000001e-02 0.0000000000000000e+00 5.0000000000000044e-04 9.9457928906758242e-01 3.0131161147505097e-07 -7.7156860499310396e-16 0.0000000000000000e+00 9.9999999890508698e+04 3.7518400228757145e+02 2.0701269588079999e-05 2.9524939936869998e-02 0.0000000000000000e+00 0.0000000000000000e+00 0 0.0000000000000000e+00 1.0000000000000000e+00 7.7780000000000005e-01 2.2219999999999998e-01 -1.0000000000000000e+00 2.5136256352235796e+05 3.4839999989105303e+02
2.6499999999999879e-01 2.5000000000000001e-02 0.0000000000000000e+00 5.0000000000000044e-04 9.9457928682234487e-01 1.1930357553354677e-06 -3.8096199957535710e-15 0.0000000000000000e+00 9.9999999574462257e+04 3.7518400211817777e+02 2.0701269588079999e-05 2.9524939936869998e-02 0.0000000000000000e+00 0.0000000000000000e+00 0 0.0000000000000000e+00 1.0000000000000000e+00 7.7780000000000005e-01 2.2219999999999995e-01 -1.0000000000000000e+00 2.5136256329538013e+05 3.4839999957645136e+02
2.5500000000000034e-01 2.5000000000000001e-02 0.0000000000000000e+00 5.0000000000000044e-04 9.9457928906758242e-01 3.0131161147505097e-07 -7.7156860499310396e-16 0.0000000000000000e+00 9.9999999890508698e+04 3.7518400228757145e+02 2.0701269588079999e-05 2.9524939936869998e-02 0.0000000000000000e+00 0.0000000000000000e+00 0 0.0000000000000000e+00 1.0000000000000000e+00 7.7780000000000005e-01 2.2219999999999998e-01 -1.0000000000000000e+00 2.5136256352235796e+05 3.4839999989105303e+02
2.305938e-04
2.6499999999999879e-01 2.5000000000000001e-02 0.0000000000000000e+00 5.0000000000000044e-04 9.9457928246844862e-01 2.9792681688817276e-06 -4.2436273556189667e-15 0.0000000000000000e+00 9.9999998961594596e+04 3.7518400178969472e+02 2.0701269588079999e-05 2.9524939936869998e-02 0.0000000000000000e+00 0.0000000000000000e+00 0 0.0000000000000000e+00 1.0000000000000000e+00 7.7780000000000005e-01 2.2219999999999993e-01 -1.0000000000000000e+00 2.5136256285523158e+05 3.4839999896638534e+02
2.5500000000000034e-01 2.5000000000000001e-02 0.0000000000000000e+00 5.0000000000000044e-04 9.9457928796906991e-01 7.2906163266369752e-07 2.2664827796705713e-15 0.0000000000000000e+00 9.9999999735878737e+04 3.7518400220469329e+02 2.0701269588079999e-05 2.9524939936869998e-02 0.0000000000000000e+00 0.0000000000000000e+00 0 0.0000000000000000e+00 1.0000000000000000e+00 7.7779999999999994e-01 2.2219999999999995e-01 -1.0000000000000000e+00 2.5136256341130598e+05 3.4839999973712986e+02
2.6499999999999879e-01 2.5000000000000001e-02 0.0000000000000000e+00 5.0000000000000044e-04 9.9457928246844862e-01 2.9792681688817276e-06 -4.2436273556189667e-15 0.0000000000000000e+00 9.9999998961594596e+04 3.7518400178969472e+02 2.0701269588079999e-05 2.9524939936869998e-02 0.0000000000000000e+00 0.0000000000000000e+00 0 0.0000000000000000e+00 1.0000000000000000e+00 7.7780000000000005e-01 2.2219999999999993e-01 -1.0000000000000000e+00 2.5136256285523158e+05 3.4839999896638534e+02
2.5500000000000034e-01 2.5000000000000001e-02 0.0000000000000000e+00 5.0000000000000044e-04 9.9457928796906991e-01 7.2906163266369752e-07 2.2664827796705713e-15 0.0000000000000000e+00 9.9999999735878737e+04 3.7518400220469329e+02 2.0701269588079999e-05 2.9524939936869998e-02 0.0000000000000000e+00 0.0000000000000000e+00 0 0.0000000000000000e+00 1.0000000000000000e+00 7.7779999999999994e-01 2.2219999999999995e-01 -1.0000000000000000e+00 2.5136256341130598e+05 3.4839999973712986e+02
2.419844e-04
2.6499999999999879e-01 2.5000000000000001e-02 0.0000000000000000e+00 5.0000000000000044e-04 9.9457927228108522e-01 7.1683923786348189e-06 -5.9796567896211294e-15 0.0000000000000000e+00 9.9999997527590371e+04 3.7518400102110115e+02 2.0701269588079999e-05 2.9524939936869998e-02 0.0000000000000000e+00 0.0000000000000000e+00 0 0.0000000000000000e+00 1.0000000000000000e+00 7.7780000000000016e-01 2.2219999999999993e-01 -1.0000000000000000e+00 2.5136256182536017e+05 3.4839999753893647e+02
2.5500000000000034e-01 2.5000000000000001e-02 0.0000000000000000e+00 5.0000000000000044e-04 9.9457928540789164e-01 1.7591739392203790e-06 1.3984681016958553e-15 0.0000000000000000e+00 9.9999999375359534e+04 3.7518400201146324e+02 2.0701269588079999e-05 2.9524939936869998e-02 0.0000000000000000e+00 0.0000000000000000e+00 0 0.0000000000000000e+00 1.0000000000000000e+00 7.7780000000000005e-01 2.2219999999999998e-01 -1.0000000000000000e+00 2.5136256315238876e+05 3.4839999937825877e+02
2.6499999999999879e-01 2.5000000000000001e-02 0.0000000000000000e+00 5.0000000000000044e-04 9.9457927228108522e-01 7.1683923786348189e-06 -5.9796567896211294e-15 0.0000000000000000e+00 9.9999997527590371e+04 3.7518400102110115e+02 2.0701269588079999e-05 2.9524939936869998e-02 0.0000000000000000e+00 0.0000000000000000e+00 0 0.0000000000000000e+00 1.0000000000000000e+00 7.7780000000000016e-01 2.2219999999999993e-01 -1.0000000000000000e+00 2.5136256182536017e+05 3.4839999753893647e+02
2.5500000000000034e-01 2.5000000000000001e-02 0.0000000000000000e+00 5.0000000000000044e-04 9.9457928540789164e-01 1.7591739392203790e-06 1.3984681016958553e-15 0.0000000000000000e+00 9.9999999375359534e+04 3.7518400201146324e+02 2.0701269588079999e-05 2.9524939936869998e-02 0.0000000000000000e+00 0.0000000000000000e+00 0 0.0000000000000000e+00 1.0000000000000000e+00 7.7780000000000005e-01 2.2219999999999998e-01 -1.0000000000000000e+00 2.5136256315238876e+05 3.4839999937825877e+02
2.533750e-04
2.6499999999999879e-01 2.5000000000000001e-02 0.0000000000000000e+00 5.0000000000000044e-04 9.9457924953712706e-01 1.6438654737613553e-05 -9.8857231443911685e-15 0.0000000000000000e+00 9.9999994326081825e+04 3.7518399930516568e+02 2.0701269588079999e-05 2.9524939936869998e-02 0.0000000000000000e+00 0.0000000000000000e+00 0 0.0000000000000000e+00 1.0000000000000000e+00 7.7780000000000005e-01 2.2219999999999993e-01 -1.0000000000000000e+00 2.5136255952610465e+05 3.4839999435206329e+02
2.5500000000000034e-01 2.5000000000000001e-02 0.0000000000000000e+00 5.0000000000000044e-04 9.9457927948647429e-01 4.1897166782187840e-06 3.1344974879801252e-15 0.0000000000000000e+00 9.9999998541842840e+04 3.7518400156471733e+02 2.0701269588079999e-05 2.9524939936869998e-02 0.0000000000000000e+00 0.0000000000000000e+00 0 0.0000000000000000e+00 1.0000000000000000e+00 7.7780000000000005e-01 2.2219999999999998e-01 -1.0000000000000000e+00 2.5136256255377477e+05 3.4839999854855245e+02
2.6499999999999879e-01 2.5000000000000001e-02 0.0000000000000000e+00 5.0000000000000044e-04 9.9457924953712706e-01 1.6438654737613553e-05 -9.8857231443911685e-15 0.0000000000000000e+00 9.9999994326081825e+04 3.7518399930516568e+02 2.0701269588079999e-05 2.9524939936869998e-02 0.0000000000000000e+00 0.0000000000000000e+00 0 0.0000000000000000e+00 1.0000000000000000e+00 7.7780000000000005e-01 2.2219999999999993e-01 -1.0000000000000000e+00 2.5136255952610465e+05 3.4839999435206329e+02
2.5500000000000034e-01 2.5000000000000001e-02 0.0000000000000000e+00 5.0000000000000044e-04 9.9457927948647429e-01 4.1897166782187840e-06 3.1344974879801252e-15 0.0000000000000000e+00 9.9999998541842840e+04 3.7518400156471733e+02 2.0701269588079999e-05 2.9524939936869998e-02 0.0000000000000000e+00 0.0000000000000000e+00 0 0.0000000000000000e+00 1.0000000000000000e+00 7.7780000000000005e-01 2.2219999999999998e-01 -1.0000000000000000e+00 2.5136256255377477e+05 3.4839999854855245e+02
2.647656e-04
2.6499999999999879e-01 2.5000000000000001e-02 0.0000000000000000e+00 5.0000000000000044e-04 9.9457920103005804e-01 3.6081854495833428e-05 -9.8857236265322126e-15 0.0000000000000000e+00 9.9999987498079703e+04 3.7518399564551225e+02 2.0701269588079999e-05 2.9524939936869998e-02 0.0000000000000000e+00 0.0000000000000000e+00 0 0.0000000000000000e+00 1.0000000000000000e+00 7.7780000000000005e-01 2.2219999999999993e-01 -1.0000000000000000e+00 2.5136255462237826e+05 3.4839998755527444e+02
2.5500000000000034e-01 2.5000000000000001e-02 0.0000000000000000e+00 5.0000000000000044e-04 9.9457926626060245e-01 9.5936441361262375e-06 1.3984681286186698e-15 0.0000000000000000e+00 9.9999996680128956e+04 3.7518400056688120e+02 2.0701269588079999e-05 2.9524939936869998e-02 0.0000000000000000e+00 0.0000000000000000e+00 0 0.0000000000000000e+00 1.0000000000000000e+00 7.7779999999999994e-01 2.2219999999999995e-01 -1.0000000000000000e+00 2.5136256121673135e+05 3.4839999669534916e+02
2.6499999999999879e-01 2.5000000000000001e-02 0.0000000000000000e+00 5.0000000000000044e-04 9.9457920103005804e-01 3.6081854495833428e-05 -9.8857236265322126e-15 0.0000000000000000e+00 9.9999987498079703e+04 3.7518399564551225e+02 2.0701269588079999e-05 2.9524939936869998e-02 0.0000000000000000e+00 0.0000000000000000e+00 0 0.0000000000000000e+00 1.0000000000000000e+00 7.7780000000000005e-01 2.2219999999999993e-01 -1.0000000000000000e+00 2.5136255462237826e+05 3.4839998755527444e+02
2.5500000000000034e-01 2.5000000000000001e-02 0.0000000000000000e+00 5.0000000000000044e-04 9.9457926626060245e-01 9.5936441361262375e-06 1.3984681286186698e-15 0.0000000000000000e+00 9.9999996680128956e+04 3.7518400056688120e+02 2.0701269588079999e-05 2.9524939936869998e-02 0.0000000000000000e+00 0.0000000000000000e+00 0 0.0000000000000000e+00 1.0000000000000000e+00 7.7779999999999994e-01 2.2219999999999995e-01 -1.0000000000000000e+00 2.5136256121673135e+05 3.4839999669534916e+02
2.761563e-04
2.6499999999999879e-01 2.5000000000000001e-02 0.0000000000000000e+00 5.0000000000000044e-04 9.9457910161947705e-01 7.6144915810721266e-05 -1.0319732036740031e-14 0.0000000000000000e+00 9.9999973504745227e+04 3.7518398814540336e+02 2.0701269588079999e-05 2.9524939936869998e-02 0.0000000000000000e+00 0.0000000000000000e+00 0 0.0000000000000000e+00 1.0000000000000000e+00 7.7780000000000005e-01 2.2219999999999993e-01 -1.0000000000000000e+00 2.5136254457266117e+05 3.4839997362590725e+02
2.5500000000000034e-01 2.5000000000000001e-02 0.0000000000000000e+00 5.0000000000000044e-04 9.9457923798920889e-01 2.1052640151985336e-05 5.3045344317513057e-16 0.0000000000000000e+00 9.9999992700561808e+04 3.7518399843392399e+02 2.0701269588079999e-05 2.9524939936869998e-02 0.0000000000000000e+00 0.0000000000000000e+00 0 0.0000000000000000e+00 1.0000000000000000e+00 7.7779999999999994e-01 2.2219999999999993e-01 -1.0000000000000000e+00 2.5136255835869067e+05 3.4839999273397416e+02
2.6499999999999879e-01 2.5000000000000001e-02 0.0000000000000000e+00 5.0000000000000044e-04 9.9457910161947705e-01 7.6144915810721266e-05 -1.0319732036740031e-14 0.0000000000000000e+00 9.9999973504745227e+04 3.7518398814540336e+02 2.0701269588079999e-05 2.9524939936869998e-02 0.0000000000000000e+00 0.0000000000000000e+00 0 0.0000000000000000e+00 1.0000000000000000e+00 7.7780000000000005e-01 2.2219999999999993e-01 -1.0000000000000000e+00 2.5136254457266117e+05 3.4839997362590725e+02
2.5500000000000034e-01 2.5000000000000001e-02 0.0000000000000000e+00 5.0000000000000044e-04 9.9457923798920889e-01 2.1052640151985336e-05 5.3045344317513057e-16 0.0000000000000000e+00 9.9999992700561808e+04 3.7518399843392399e+02 2.0701269588079999e-05 2.9524939936869998e-02 0.0000000000000000e+00 0.0000000000000000e+00 0 0.0000000000000000e+00 1.0000000000000000e+00 7.7779999999999994e-01 2.2219999999999993e-01 -1.0000000000000000e+00 2.5136255835869067e+05 3.4839999273397416e+02
2.875469e-04
2.6499999999999879e-01 2.5000000000000001e-02 0.0000000000000000e+00 5.0000000000000044e-04 9.9457890503199387e-01 1.5502167879699662e-04 -1.1187749092310801e-14 0.0000000000000000e+00 9.9999945832497178e+04 3.7518397331370528e+02 2.0701269588079999e-05 2.9524939936869998e-02 0.0000000000000000e+00 0.0000000000000000e+00 0 0.0000000000000000e+00 1.0000000000000000e+00 7.7780000000000016e-01 2.2219999999999995e-01 -1.0000000000000000e+00 2.5136252469903429e+05 3.4839994608015218e+02
2.5500000000000034e-01 2.5000000000000001e-02 0.0000000000000000e+00 5.0000000000000044e-04 9.9457917993041012e-01 4.4458096946253908e-05 5.7385421293379011e-15 0.0000000000000000e+00 9.9999984528029323e+04 3.7518399405363294e+02 2.0701269588079999e-05 2.9524939936869998e-02 0.0000000000000000e+00 0.0000000000000000e+00 0 0.0000000000000000e+00 1.0000000000000000e+00 7.7780000000000005e-01 2.2219999999999993e-01 -1.0000000000000000e+00 2.5136255248935096e+05 3.4839998459880110e+02
2.6499999999999879e-01 2.5000000000000001e-02 0.0000000000000000e+00 5.0000000000000044e-04 9.9457890503199387e-01 1.5502167879699662e-04 -1.1187749092310801e-14 0.0000000000000000e+00 9.9999945832497178e+04 3.7518397331370528e+02 2.0701269588079999e-05 2.9524939936869998e-02 0.0000000000000000e+00 0.0000000000000000e+00 0 0.0000000000000000e+00 1.0000000000000000e+00 7.7780000000000016e-01 2.2219999999999995e-01 -1.0000000000000000e+00 2.5136252469903429e+05 3.4839994608015218e+02
2.5500000000000034e-01 2.5000000000000001e-02 0.0000000000000000e+00 5.0000000000000044e-04 9.9457917993041012e-01 4.4458096946253908e-05 5.7385421293379011e-15 0.0000000000000000e+00 9.9999984528029323e+04 3.7518399405363294e+02 2.0701269588079999e-05 2.9524939936869998e-02 0.0000000000000000e+00 0.0000000000000000e+00 0 0.0000000000000000e+00 1.0000000000000000e+00 7.7780000000000005e-01 2.2219999999999993e-01 -1.0000000000000000e+00 2.5136255248935096e+05 3.4839998459880110e+02
2.989375e-04
2.6499999999999879e-01 2.5000000000000001e-02 0.0000000000000000e+00 5.0000000000000044e-04 9.9457852883830855e-01 3.0532806170464536e-04 -1.1187753324013415e-14 0.0000000000000000e+00 9.9999892878343060e+04 3.7518394493146764e+02 2.0701269588079999e-05 2.9524939936869998e-02 0.0000000000000000e+00 0.0000000000000000e+00 0 0.0000000000000000e+00 1.0000000000000000e+00 7.7780000000000016e-01 2.2219999999999995e-01 -1.0000000000000000e+00 2.5136248666846182e+05 3.4839989336804081e+02
2.5500000000000034e-01 2.5000000000000001e-02 0.0000000000000000e+00 5.0000000000000044e-04 9.9457906481284275e-01 9.0666844052496559e-05 1.0512624613385941e-14 0.0000000000000000e+00 9.9999968323732028e+04 3.7518398536849799e+02 2.0701269588079999e-05 2.9524939936869998e-02 0.0000000000000000e+00 0.0000000000000000e+00 0 0.0000000000000000e+00 1.0000000000000000e+00 7.7780000000000016e-01 2.2219999999999995e-01 -1.0000000000000000e+00 2.5136254085176674e+05 3.4839996846857753e+02
2.6499999999999879e-01 2.5000000000000001e-02 0.0000000000000000e+00 5.0000000000000044e-04 9.9457852883830855e-01 3.0532806170464536e-04 -1.1187753324013415e-14 0.0000000000000000e+00 9.9999892878343060e+04 3.7518394493146764e+02 2.0701269588079999e-05 2.9524939936869998e-02 0.0000000000000000e+00 0.0000000000000000e+00 0 0.0000000000000000e+00 1.0000000000000000e+00 7.7780000000000016e-01 2.2219999999999995e-01 -1.0000000000000000e+00 2.5136248666846182e+05 3.4839989336804081e+02
2.5500000000000034e-01 2.5000000000000001e-02 0.0000000000000000e+00 5.0000000000000044e-04 9.9457906481284275e-01 9.0666844052496559e-05 1.0512624613385941e-14 0.0000000000000000e+00 9.9999968323732028e+04 3.7518398536849799e+02 2.0701269588079999e-05 2.9524939936869998e-02 0.0000000000000000e+00 0.0000000000000000e+00 0 0.0000000000000000e+00 1.0000000000000000e+00 7.7780000000000016e-01 2.2219999999999995e-01 -1.0000000000000000e+00 2.5136254085176674e+05 3.4839996846857753e+02
3.103281e-04
2.6499999999999879e-01 2.5000000000000001e-02 0.0000000000000000e+00 5.0000000000000044e-04 9.9457783062665917e-01 5.8321354060140258e-04 -7.7156973641509411e-15 0.0000000000000000e+00 9.9999794595991814e+04 3.7518389225429780e+02 2.0701269588079999e-05 2.9524939936869998e-02 0.0000000000000000e+00 0.0000000000000000e+00 0 0.0000000000000000e+00 1.0000000000000000e+00 7.7780000000000005e-01 2.2219999999999993e-01 -1.0000000000000000e+00 2.5136241608407962e+05 3.4839979553486154e+02
2.5500000000000034e-01 2.5000000000000001e-02 0.0000000000000000e+00 5.0000000000000044e-04 9.9457884371249594e-01 1.7905598855669867e-04 1.3984687227596610e-14 0.0000000000000000e+00 9.9999937200979824e+04 3.7518396868740678e+02 2.0701269588079999e-05 2.9524939936869998e-02 0.0000000000000000e+00 0.0000000000000000e+00 0 0.0000000000000000e+00 1.0000000000000000e+00 7.7779999999999994e-01 2.2219999999999993e-01 -1.0000000000000000e+00 2.5136251850005912e+05 3.4839993748808934e+02
2.6499999999999879e-01 2.5000000000000001e-02 0.0000000000000000e+00 5.0000000000000044e-04 9.9457783062665917e-01 5.8321354060140258e-04 -7.7156973641509411e-15 0.0000000000000000e+00 9.9999794595991814e+04 3.7518389225429780e+02 2.0701269588079999e-05 2.9524939936869998e-02 0.0000000000000000e+00 0.0000000000000000e+00 0 0.0000000000000000e+00 1.0000000000000000e+00 7.7780000000000005e-01 2.2219999999999993e-01 -1.0000000000000000e+00 2.5136241608407962e+05 3.4839979553486154e+02
2.5500000000000034e-01 2.5000000000000001e-02 0.0000000000000000e+00 5.0000000000000044e-04 9.9457884371249594e-01 1.7905598855669867e-04 1.3984687227596610e-14 0.0000000000000000e+00 9.9999937200979824e+04 3.7518396868740678e+02 2.0701269588079999e-05 2.9524939936869998e-02 0.0000000000000000e+00 0.0000000000000000e+00 0 0.0000000000000000e+00 1.0000000000000000e+00 7.7779999999999994e-01 2.2219999999999993e-01 -1.0000000000000000e+00 2.5136251850005912e+05 3.4839993748808934e+02
3.217188e-04
2.6499999999999879e-01 2.5000000000000001e-02 0.0000000000000000e+00 5.0000000000000044e-04 9.9457657114849440e-01 1.0826342476265146e-03 -8.5837241875698286e-15 0.0000000000000000e+00 9.9999617308159228e+04 3.7518379723181596e+02 2.0701269588079999e-05 2.9524939936869998e-02 0.0000000000000000e+00 0.0000000000000000e+00 0 0.0000000000000000e+00 1.0000000000000000e+00 7.7780000000000016e-01 2.2219999999999993e-01 -1.0000000000000000e+00 2.5136228875943657e+05 3.4839961905708770e+02
2.5500000000000034e-01 2.5000000000000001e-02 0.0000000000000000e+00 5.0000000000000044e-04 9.9457843144095237e-01 3.4324023504033856e-04 1.5286716168175194e-14 0.0000000000000000e+00 9.9999879168399741e+04 3.7518393758324385e+02 2.0701269588079999e-05 2.9524939936869998e-02 0.0000000000000000e+00 0.0000000000000000e+00 0 0.0000000000000000e+00 1.0000000000000000e+00 7.7780000000000005e-01 2.2219999999999993e-01 -1.0000000000000000e+00 2.5136247682226330e+05 3.4839987972075977e+02
2.6499999999999879e-01 2.5000000000000001e-02 0.0000000000000000e+00 5.0000000000000044e-04 9.9457657114849440e-01 1.0826342476265146e-03 -8.5837241875698286e-15 0.0000000000000000e+00 9.9999617308159228e+04 3.7518379723181596e+02 2.0701269588079999e-05 2.9524939936869998e-02 0.0000000000000000e+00 0.0000000000000000e+00 0 0.0000000000000000e+00 1.0000000000000000e+00 7.7780000000000016e-01 2.2219999999999993e-01 -1.0000000000000000e+00 2.5136228875943657e+05 3.4839961905708770e+02
2.5500000000000034e-01 2.5000000000000001e-02 0.0000000000000000e+00 5.0000000000000044e-04 9.9457843144095237e-01 3.4324023504033856e-04 1.5286716168175194e-14 0.0000000000000000e+00 9.9999879168399741e+04 3.7518393758324385e+02 2.0701269588079999e-05 2.9524939936869998e-02 0.0000000000000000e+00 0.0000000000000000e+00 0 0.0000000000000000e+00 1.0000000000000000e+00 7.7780000000000005e-01 2.2219999999999993e-01 -1.0000000000000000e+00 2.5136247682226330e+05 3.4839987972075977e+02
3.374530e-04
2.6499999999999879e-01 2.5000000000000001e-02 0.0000000000000000e+00 5.0000000000000044e-04 9.9457316623075287e-01 2.4271621170496296e-03 -7.3847250538654820e-15 0.0000000000000000e+00 9.9999138022417217e+04 3.7518354034419195e+02 2.0701269588079999e-05 2.9524939936869998e-02 0.0000000000000000e+00 0.0000000000000000e+00 0 0.0000000000000000e+00 1.0000000000000000e+00 7.7780000000000005e-01 2.2219999999999990e-01 -1.0000000000000000e+00 2.5136194454500353e+05 3.4839914196015354e+02
2.5500000000000034e-01 2.5000000000000001e-02 0.0000000000000000e+00 5.0000000000000044e-04 9.9457727341836988e-01 8.0246976634463455e-04 1.8883804672761138e-14 0.0000000000000000e+00 9.9999716161715129e+04 3.7518385021522818e+02 2.0701269588079999e-05 2.9524939936869998e-02 0.0000000000000000e+00 0.0000000000000000e+00 0 0.0000000000000000e+00 1.0000000000000000e+00 7.7780000000000005e-01 2.2219999999999995e-01 -1.0000000000000000e+00 2.5136235975414794e+05 3.4839971745900203e+02
2.6499999999999879e-01 2.5000000000000001e-02 0.0000000000000000e+00 5.0000000000000044e-04 9.9457316623075287e-01 2.4271621170496296e-03 -7.3847250538654820e-15 0.0000000000000000e+00 9.9999138022417217e+04 3.7518354034419195e+02 2.0701269588079999e-05 2.9524939936869998e-02 0.0000000000000000e+00 0.0000000000000000e+00 0 0.0000000000000000e+00 1.0000000000000000e+00 7.7780000000000005e-01 2.2219999999999990e-01 -1.0000000000000000e+00 2.5136194454500353e+05 3.4839914196015354e+02
2.5500000000000034e-01 2.5000000000000001e-02 0.0000000000000000e+00 5.0000000000000044e-04 9.9457727341836988e-01 8.0246976634463455e-04 1.8883804672761138e-14 0.0000000000000000e+00 9.9999716161715129e+04 3.7518385021522818e+02 2.0701269588079999e-05 2.9524939936869998e-02 0.0000000000000000e+00 0.0000000000000000e+00 0 0.0000000000000000e+00 1.0000000000000000e+00 7.7780000000000005e-01 2.2219999999999995e-01 -1.0000000000000000e+00 2.5136235975414794e+05 3.4839971745900203e+02
3.531873e-04
2.6499999999999879e-01 2.5000000000000001e-02 0.0000000000000000e+00 5.0000000000000044e-04 9.9456611301699416e-01 5.1999296442779442e-03 -4.9867033779580814e-15 0.0000000000000000e+00 9.9998145194356111e+04 3.7518300820466447e+02 2.0701269588079999e-05 2.9524939936869998e-02 0.0000000000000000e+00 0.0000000000000000e+00 0 0.0000000000000000e+00 1.0000000000000000e+00 7.7780000000000016e-01 2.2219999999999995e-01 -1.0000000000000000e+00 2.5136123150982391e+05 3.4839815366081001e+02
2.5500000000000034e-01 2.5000000000000001e-02 0.0000000000000000e+00 5.0000000000000044e-04 9.9457477103323855e-01 1.7903256336572809e-03 1.1090179380278567e-14 0.0000000000000000e+00 9.9999363918830684e+04 3.7518366142032113e+02 2.0701269588079999e-05 2.9524939936869998e-02 0.0000000000000000e+00 0.0000000000000000e+00 0 0.0000000000000000e+00 1.0000000000000000e+00 7.7779999999999994e-01 2.2219999999999993e-01 -1.0000000000000000e+00 2.5136210677992544e+05 3.4839936682516918e+02
2.6499999999999879e-01 2.5000000000000001e-02 0.0000000000000000e+00 5.0000000000000044e-04 9.9456611301699416e-01 5.1999296442779442e-03 -4.9867033779580814e-15 0.0000000000000000e+00 9.9998145194356111e+04 3.7518300820466447e+02 2.0701269588079999e-05 2.9524939936869998e-02 0.0000000000000000e+00 0.0000000000000000e+00 0 0.0000000000000000e+00 1.0000000000000000e+00 7.7780000000000016e-01 2.2219999999999995e-01 -1.0000000000000000e+00 2.5136123150982391e+05 3.4839815366081001e+02
2.5500000000000034e-01 2.5000000000000001e-02 0.0000000000000000e+00 5.0000000000000044e-04 9.9457477103323855e-01 1.7903256336572809e-03 1.1090179380278567e-14 0.0000000000000000e+00 9.9999363918830684e+04 3.7518366142032113e+02 2.0701269588079999e-05 2.9524939936869998e-02 0.0000000000000000e+00 0.0000000000000000e+00 0 0.0000000000000000e+00 1.0000000000000000e+00 7.7779999999999994e-01 2.2219999999999993e-01 -1.0000000000000000e+00 2.5136210677992544e+05 3.4839936682516918e+02
3.689216e-04
2.6499999999999879e-01 2.5000000000000001e-02 0.0000000000000000e+00 5.0000000000000044e-04 9.9455211535569876e-01 1.0679753676579288e-02 -5.5863005119575481e-15 0.0000000000000000e+00 9.9996174856619356e+04 3.7518195212238408e+02 2.0701269588079999e-05 2.9524939936869998e-02 0.0000000000000000e+00 0.0000000000000000e+00 0 0.0000000000000000e+00 1.0000000000000000e+00 7.7780000000000016e-01 2.2219999999999995e-01 -1.0000000000000000e+00 2.5135981642564817e+05 3.4839619228947544e+02
2.5500000000000034e-01 2.5000000000000001e-02 0.0000000000000000e+00 5.0000000000000044e-04 9.9456959610846285e-01 3.8244839428846181e-03 3.8960401398488946e-15 0.0000000000000000e+00 9.9998635482718892e+04 3.7518327099176719e+02 2.0701269588079999e-05 2.9524939936869998e-02 0.0000000000000000e+00 0.0000000000000000e+00 0 0.0000000000000000e+00 1.0000000000000000e+00 7.7779999999999994e-01 2.2219999999999993e-01 -1.0000000000000000e+00 2.5136158362871766e+05 3.4839864171368805e+02
2.6499999999999879e-01 2.5000000000000001e-02 0.0000000000000000e+00 5.0000000000000044e-04 9.9455211535569876e-01 1.0679753676579288e-02 -5.5863005119575481e-15 0.0000000000000000e+00 9.9996174856619356e+04 3.7518195212238408e+02 2.0701269588079999e-05 2.9524939936869998e-02 0.0000000000000000e+00 0.0000000000000000e+00 0 0.0000000000000000e+00 1.0000000000000000e+00 7.7780000000000016e-01 2.2219999999999995e-01 -1.0000000000000000e+00 2.5135981642564817e+05 3.4839619228947544e+02
2.5500000000000034e-01 2.5000000000000001e-02 0.0000000000000000e+00 5.0000000000000044e-04 9.9456959610846285e-01 3.8244839428846181e-03 3.8960401398488946e-15 0.0000000000000000e+00 9.9998635482718892e+04 3.7518327099176719e+02 2.0701269588079999e-05 2.9524939936869998e-02 0.0000000000000000e+00 0.0000000000000000e+00 0 0.0000000000000000e+00 1.0000000000000000e+00 7.7779999999999994e-01 2.2219999999999993e-01 -1.0000000000000000e+00 2.5136158362871766e+05 3.4839864171368805e+02
3.846559e-04
2.6499999999999879e-01 2.5000000000000001e-02 0.0000000000000000e+00 5.0000000000000044e-04 9.9452542951113376e-01 2.1085807588607418e-02 -7.3850795169479727e-15 0.0000000000000000e+00 9.9992418536182566e+04 3.7517993872049510e+02 2.0701269588079999e-05 2.9524939936869998e-02 0.0000000000000000e+00 0.0000000000000000e+00 0 0.0000000000000000e+00 1.0000000000000000e+00 7.7780000000000016e-01 2.2219999999999995e-01 -1.0000000000000000e+00 2.5135711860413311e+05 3.4839245298556966e+02
2.5500000000000034e-01 2.5000000000000001e-02 0.0000000000000000e+00 5.0000000000000044e-04 9.9455932508193090e-01 7.8457164902118268e-03 -6.2958038824844602e-15 0.0000000000000000e+00 9.9997189710232269e+04 3.7518249607657492e+02 2.0701269588079999e-05 2.9524939936869998e-02 0.0000000000000000e+00 0.0000000000000000e+00 0 0.0000000000000000e+00 1.0000000000000000e+00 7.7780000000000005e-01 2.2219999999999990e-01 -1.0000000000000000e+00 2.5136054528973071e+05 3.4839720252840181e+02
2.6499999999999879e-01 2.5000000000000001e-02 0.0000000000000000e+00 5.0000000000000044e-04 9.9452542951113376e-01 2.1085807588607418e-02 -7.3850795169479727e-15 0.0000000000000000e+00 9.9992418536182566e+04 3.7517993872049510e+02 2.0701269588079999e-05 2.9524939936869998e-02 0.0000000000000000e+00 0.0000000000000000e+00 0 0.0000000000000000e+00 1.0000000000000000e+00 7.7780000000000016e-01 2.2219999999999995e-01 -1.0000000000000000e+00 2.5135711860413311e+05 3.4839245298556966e+02
2.5500000000000034e-01 2.5000000000000001e-02 0.0000000000000000e+00 5.0000000000000044e-04 9.9455932508193090e-01 7.8457164902118268e-03 -6.2958038824844602e-15 0.0000000000000000e+00 9.9997189710232269e+04 3.7518249607657492e+02 2.0701269588079999e-05 2.9524939936869998e-02 0.0000000000000000e+00 0.0000000000000000e+00 0 0.0000000000000000e+00 1.0000000000000000e+00 7.7780000000000005e-01 2.2219999999999990e-01 -1.0000000000000000e+00 2.5136054528973071e+05 3.4839720252840181e+02
4.003902e-04
2.6499999999999879e-01 2.5000000000000001e-02 0.0000000000000000e+00 5.0000000000000044e-04 9.9447644599519813e-01 4.0116747039426470e-02 1.3000024013181609e-14 0.0000000000000000e+00 9.9985523682599553e+04 3.7517624288386122e+02 2.0701269588079999e-05 2.9524939936869998e-02 0.0000000000000000e+00 0.0000000000000000e+00 0 0.0000000000000000e+00 1.0000000000000000e+00 7.7780000000000005e-01 2.2219999999999993e-01 -1.0000000000000000e+00 2.5135216647223226e+05 3.4838558910445096e+02
2.5500000000000034e-01 2.5000000000000001e-02 0.0000000000000000e+00 5.0000000000000044e-04 9.9453971076335845e-01 1.5495995237726018e-02 -3.1476373989728354e-14 0.0000000000000000e+00 9.9994428771613384e+04 3.7518101622253857e+02 2.0701269588079999e-05 2.9524939936869998e-02 0.0000000000000000e+00 0.0000000000000000e+00 0 0.0000000000000000e+00 1.0000000000000000e+00 7.7780000000000005e-01 2.2219999999999990e-01 -1.0000000000000000e+00 2.5135856238174427e+05 3.4839445412731698e+02
2.6499999999999879e-01 2.5000000000000001e-02 0.0000000000000000e+00 5.0000000000000044e-04 9.9447644599519813e-01 4.0116747039426470e-02 1.3000024013181609e-14 0.0000000000000000e+00 9.9985523682599553e+04 3.7517624288386122e+02 2.0701269588079999e-05 2.9524939936869998e-02 0.0000000000000000e+00 0.0000000000000000e+00 0 0.0000000000000000e+00 1.0000000000000000e+00 7.7780000000000005e-01 2.2219999999999993e-01 -1.0000000000000000e+00 2.5135216647223226e+05 3.4838558910445096e+02
2.5500000000000034e-01 2.5000000000000001e-02 0.0000000000000000e+00 5.0000000000000044e-04 9.9453971076335845e-01 1.5495995237726018e-02 -3.1476373989728354e-14 0.0000000000000000e+00 9.9994428771613384e+04 3.7518101622253857e+02 2.0701269588079999e-05 2.9524939936869998e-02 0.0000000000000000e+00 0.0000000000000000e+00 0 0.0000000000000000e+00 1.0000000000000000e+00 7.7780000000000005e-01 2.2219999999999990e-01 -1.0000000000000000e+00 2.5135856238174427e+05 3.4839445412731698e+02
4.161245e-04
2.6499999999999879e-01 2.5000000000000001e-02 0.0000000000000000e+00 5.0000000000000044e-04 9.9438971091018946e-01 7.3699183529626136e-02 3.3988028195091339e-14 0.0000000000000000e+00 9.9973315303779629e+04 3.7516969831338400e+02 2.0701269588079999e-05 2.9524939936869998e-02 0.0000000000000000e+00 0.0000000000000000e+00 0 0.0000000000000000e+00 1.0000000000000000e+00 7.7780000000000005e-01 2.2219999999999990e-01 -1.0000000000000000e+00 2.5134339737956360e+05 3.4837343474127931e+02
2.5500000000000034e-01 2.5000000000000001e-02 0.0000000000000000e+00 5.0000000000000044e-04 9.9450359504026786e-01 2.9532627243131680e-02 -5.6658877442020704e-14 0.0000000000000000e+00 9.9989345129169727e+04 3.7517829131490157e+02 2.0701269588079999e-05 2.9524939936869998e-02 0.0000000000000000e+00 0.0000000000000000e+00 0 0.0000000000000000e+00 1.0000000000000000e+00 7.7780000000000005e-01 2.2219999999999990e-01 -1.0000000000000000e+00 2.5135491120351641e+05 3.4838939342744044e+02
2.6499999999999879e-01 2.5000000000000001e-02 0.0000000000000000e+00 5.0000000000000044e-04 9.9438971091018946e-01 7.3699183529626136e-02 3.3988028195091339e-14 0.0000000000000000e+00 9.9973315303779629e+04 3.7516969831338400e+02 2.0701269588079999e-05 2.9524939936869998e-02 0.0000000000000000e+00 0.0000000000000000e+00 0 0.0000000000000000e+00 1.0000000000000000e+00 7.7780000000000005e-01 2.2219999999999990e-01 -1.0000000000000000e+00 2.5134339737956360e+05 3.4837343474127931e+02
2.5500000000000034e-01 2.5000000000000001e-02 0.0000000000000000e+00 5.0000000000000044e-04 9.9450359504026786e-01 2.9532627243131680e-02 -5.6658877442020704e-14 0.0000000000000000e+00 9.9989345129169727e+04 3.7517829131490157e+02 2.0701269588079999e-05 2.9524939936869998e-02 0.0000000000000000e+00 0.0000000000000000e+00 0 0.0000000000000000e+00 1.0000000000000000e+00 7.7780000000000005e-01 2.2219999999999990e-01 -1.0000000000000000e+00 2.5135491120351641e+05 3.4838939342744044e+02
4.318588e-04
2.6499999999999879e-01 2.5000000000000001e-02 0.0000000000000000e+00 5.0000000000000044e-04 9.9424132343727623e-01 1.3096925165027681e-01 4.8985959724379525e-14 0.0000000000000000e+00 9.9952430054886543e+04 3.7515850074205673e+02 2.0701269588079999e-05 2.9524939936869998e-02 0.0000000000000000e+00 0.0000000000000000e+00 0 0.0000000000000000e+00 1.0000000000000000e+00 7.7780000000000016e-01 2.2219999999999995e-01 -1.0000000000000000e+00 2.5132839406969259e+05 3.4835263946817184e+02
2.5500000000000034e-01 2.5000000000000001e-02 0.0000000000000000e+00 5.0000000000000044e-04 9.9443936124035659e-01 5.4414628755035506e-02 -6.6256056033002043e-14 0.0000000000000000e+00 9.9980303774398912e+04 3.7517344472203439e+02 2.0701269588079999e-05 2.9524939936869998e-02 0.0000000000000000e+00 0.0000000000000000e+00 0 0.0000000000000000e+00 1.0000000000000000e+00 7.7780000000000005e-01 2.2219999999999990e-01 -1.0000000000000000e+00 2.5134841718678112e+05 3.4838039242347963e+02
2.6499999999999879e-01 2.5000000000000001e-02 0.0000000000000000e+00 5.0000000000000044e-04 9.9424132343727623e-01 1.3096925165027681e-01 4.8985959724379525e-14 0.0000000000000000e+00 9.9952430054886543e+04 3.7515850074205673e+02 2.0701269588079999e-05 2.9524939936869998e-02 0.0000000000000000e+00 0.0000000000000000e+00 0 0.0000000000000000e+00 1.0000000000000000e+00 7.7780000000000016e-01 2.2219999999999995e-01 -1.0000000000000000e+00 2.5132839406969259e+05 3.4835263946817184e+02
2.5500000000000034e-01 2.5000000000000001e-02 0.0000000000000000e+00 5.0000000000000044e-04 9.9443936124035659e-01 5.4414628755035506e-02 -6.6256056033002043e-14 0.0000000000000000e+00 9.9980303774398912e+04 3.7517344472203439e+02 2.0701269588079999e-05 2.9524939936869998e-02 0.0000000000000000e+00 0.0000000000000000e+00 0 0.0000000000000000e+00 1.0000000000000000e+00 7.7780000000000005e-01 2.2219999999999990e-01 -1.0000000000000000e+00 2.5134841718678112e+05 3.4838039242347963e+02
4.475931e-04
2.6499999999999879e-01 2.5000000000000001e-02 0.0000000000000000e+00 5.0000000000000044e-04 9.9399573569293798e-01 2.2547545785768514e-01 7.8991189193837091e-14 0.0000000000000000e+00 9.9917866844898454e+04 3.7513996542720957e+02 2.0701269588079999e-05 2.9524939936869998e-02 0.0000000000000000e+00 0.0000000000000000e+00 0 0.0000000000000000e+00 1.0000000000000000e+00 7.7780000000000016e-01 2.2219999999999995e-01 -1.0000000000000000e+00 2.5130356010844297e+05 3.4831821846300937e+02
2.5500000000000034e-01 2.5000000000000001e-02 0.0000000000000000e+00 5.0000000000000044e-04 9.9432884681979694e-01 9.7091265348498351e-02 -7.7656989844802023e-14 0.0000000000000000e+00 9.9964748651685280e+04 3.7516510556973827e+02 2.0701269588079999e-05 2.9524939936869998e-02 0.0000000000000000e+00 0.0000000000000000e+00 0 0.0000000000000000e+00 1.0000000000000000e+00 7.7780000000000016e-01 2.2219999999999993e-01 -1.0000000000000000e+00 2.5133724363777312e+05 3.4836490537394195e+02
2.6499999999999879e-01 2.5000000000000001e-02 0.0000000000000000e+00 5.0000000000000044e-04 9.9399573569293798e-01 2.2547545785768514e-01 7.8991189193837091e-14 0.0000000000000000e+00 9.9917866844898454e+04 3.7513996542720957e+02 2.0701269588079999e-05 2.9524939936869998e-02 0.0000000000000000e+00 0.0000000000000000e+00 0 0.0000000000000000e+00 1.0000000000000000e+00 7.7780000000000016e-01 2.2219999999999995e-01 -1.0000000000000000e+00 2.5130356010844297e+05 3.4831821846300937e+02
2.5500000000000034e-01 2.5000000000000001e-02 0.0000000000000000e+00 5.0000000000000044e-04 9.9432884681979694e-01 9.7091265348498351e-02 -7.7656989844802023e-14 0.0000000000000000e+00 9.9964748651685280e+04 3.7516510556973827e+02 2.0701269588079999e-05 2.9524939936869998e-02 0.0000000000000000e+00 0.0000000000000000e+00 0 0.0000000000000000e+00 1.0000000000000000e+00 7.7780000000000016e-01 2.2219999999999993e-01 -1.0000000000000000e+00 2.5133724363777312e+05 3.4836490537394195e+02
4.633274e-04
2.6499999999999879e-01 2.5000000000000001e-02 0.0000000000000000e+00 5.0000000000000044e-04 9.9360214235124256e-01 3.7653453755718602e-01 1.0542688644280375e-13 0.0000000000000000e+00 9.9862481108873020e+04 3.7511025232061826e+02 2.0701269588079999e-05 2.9524939936869998e-02 0.0000000000000000e+00 0.0000000000000000e+00 0 0.0000000000000000e+00 1.0000000000000000e+00 7.7780000000000016e-01 2.2219999999999995e-01 -1.0000000000000000e+00 2.5126375249292498e+05 3.4826304328875995e+02
2.5500000000000034e-01 2.5000000000000001e-02 0.0000000000000000e+00 5.0000000000000044e-04 9.9414469097322589e-01 1.6800065005114342e-01 -9.5064781913615829e-14 0.0000000000000000e+00 9.9938829913350550e+04 3.7515120801041962e+02 2.0701269588079999e-05 2.9524939936869998e-02 0.0000000000000000e+00 0.0000000000000000e+00 0 0.0000000000000000e+00 1.0000000000000000e+00 7.7780000000000005e-01 2.2219999999999987e-01 -1.0000000000000000e+00 2.5131862298513774e+05 3.4833909629845670e+02
2.6499999999999879e-01 2.5000000000000001e-02 0.0000000000000000e+00 5.0000000000000044e-04 9.9360214235124256e-01 3.7653453755718602e-01 1.0542688644280375e-13 0.0000000000000000e+00 9.9862481108873020e+04 3.7511025232061826e+02 2.0701269588079999e-05 2.9524939936869998e-02 0.0000000000000000e+00 0.0000000000000000e+00 0 0.0000000000000000e+00 1.0000000000000000e+00 7.7780000000000016e-01 2.2219999999999995e-01 -1.0000000000000000e+00 2.5126375249292498e+05 3.4826304328875995e+02
2.5500000000000034e-01 2.5000000000000001e-02 0.0000000000000000e+00 5.0000000000000044e-04 9.9414469097322589e-01 1.6800065005114342e-01 -9.5064781913615829e-14 0.0000000000000000e+00 9.9938829913350550e+04 3.7515120801041962e+02 2.0701269588079999e-05 2.9524939936869998e-02 0.0000000000000000e+00 0.0000000000000000e+00 0 0.0000000000000000e+00 1.0000000000000000e+00 7.7780000000000005e-01 2.2219999999999987e-01 -1.0000000000000000e+00 2.5131862298513774e+05 3.4833909629845670e+02
4.790617e-04
2.6499999999999879e-01 2.5000000000000001e-02 0.0000000000000000e+00 5.0000000000000044e-04 9.9299087630121896e-01 6.1058909020132812e-01 1.3431432414160252e-13 0.0000000000000000e+00 9.9776482771523632e+04 3.7506408896973977e+02 2.0701269588079999e-05 2.9524939936869998e-02 0.0000000000000000e+00 0.0000000000000000e+00 0 0.0000000000000000e+00 1.0000000000000000e+00 7.7780000000000005e-01 2.2219999999999990e-01 -1.0000000000000000e+00 2.5120191220482305e+05 3.4817732982345291e+02
2.5500000000000034e-01 2.5000000000000001e-02 0.0000000000000000e+00 5.0000000000000044e-04 9.9384720032531182e-01 2.8224735834378628e-01 -9.9892855332103917e-14 0.0000000000000000e+00 9.9896964182769152e+04 3.7512875330625207e+02 2.0701269588079999e-05 2.9524939936869998e-02 0.0000000000000000e+00 0.0000000000000000e+00 0 0.0000000000000000e+00 1.0000000000000000e+00 7.7780000000000005e-01 2.2219999999999987e-01 -1.0000000000000000e+00 2.5128853849482670e+05 3.4829739782007471e+02
2.6499999999999879e-01 2.5000000000000001e-02 0.0000000000000000e+00 5.0000000000000044e-04 9.9299087630121896e-01 6.1058909020132812e-01 1.3431432414160252e-13 0.0000000000000000e+00 9.9776482771523632e+04 3.7506408896973977e+02 2.0701269588079999e-05 2.9524939936869998e-02 0.0000000000000000e+00 0.0000000000000000e+00 0 0.0000000000000000e+00 1.0000000000000000e+00 7.7780000000000005e-01 2.2219999999999990e-01 -1.0000000000000000e+00 2.5120191220482305e+05 3.4817732982345291e+02
2.5500000000000034e-01 2.5000000000000001e-02 0.0000000000000000e+00 5.0000000000000044e-04 9.9384720032531182e-01 2.8224735834378628e-01 -9.9892855332103917e-14 0.0000000000000000e+00 9.9896964182769152e+04 3.7512875330625207e+02 2.0701269588079999e-05 2.9524939936869998e-02 0.0000000000000000e+00 0.0000000000000000e+00 0 0.0000000000000000e+00 1.0000000000000000e+00 7.7780000000000005e-01 2.2219999999999987e-01 -1.0000000000000000e+00 2.5128853849482670e+05 3.4829739782007471e+02
4.948499e-04
2.6499999999999879e-01 2.5000000000000001e-02 0.0000000000000000e+00 5.0000000000000044e-04 9.9206671797177248e-01 9.6376478544101185e-01 1.6157831637385007e-13 0.0000000000000000e+00 9.9646505531414485e+04 3.7499425508591975e+02 2.0701269588079999e-05 2.9524939936869998e-02 0.0000000000000000e+00 0.0000000000000000e+00 0 0.0000000000000000e+00 1.0000000000000000e+00 7.7780000000000016e-01 2.2219999999999995e-01 -1.0000000000000000e+00 2.5110837740614987e+05 3.4804768631810782e+02
2.5500000000000034e-01 2.5000000000000001e-02 0.0000000000000000e+00 5.0000000000000044e-04 9.9337902879396878e-01 4.6161601668389263e-01 -1.0776969533592694e-13 0.0000000000000000e+00 9.9831089030807198e+04 3.7509340516922578e+02 2.0701269588079999e-05 2.9524939936869998e-02 0.0000000000000000e+00 0.0000000000000000e+00 0 0.0000000000000000e+00 1.0000000000000000e+00 7.7780000000000016e-01 2.2219999999999993e-01 -1.0000000000000000e+00 2.5124118321686616e+05 3.4823176124076423e+02
2.6499999999999879e-01 2.5000000000000001e-02 0.0000000000000000e+00 5.0000000000000044e-04 9.9206671797177248e-01 9.6376478544101185e-01 1.6157831637385007e-13 0.0000000000000000e+00 9.9646505531414485e+04 3.7499425508591975e+02 2.0701269588079999e-05 2.9524939936869998e-02 0.0000000000000000e+00 0.0000000000000000e+00 0 0.0000000000000000e+00 1.0000000000000000e+00 7.7780000000000016e-01 2.2219999999999995e-01 -1.0000000000000000e+00 2.5110837740614987e+05 3.4804768631810782e+02
2.5500000000000034e-01 2.5000000000000001e-02 0.0000000000000000e+00 5.0000000000000044e-04 9.9337902879396878e-01 4.6161601668389263e-01 -1.0776969533592694e-13 0.0000000000000000e+00 9.9831089030807198e+04 3.7509340516922578e+02 2.0701269588079999e-05 2.9524939936869998e-02 0.0000000000000000e+00 0.0000000000000000e+00 0 0.0000000000000000e+00 1.0000000000000000e+00 7.7780000000000016e-01 2.2219999999999993e-01 -1.0000000000000000e+00 2.5124118321686616e+05 3.4823176124076423e+02
5.106380e-04
2.6499999999999879e-01 2.5000000000000001e-02 0.0000000000000000e+00 5.0000000000000044e-04 9.9071574425532216e-01 1.4793014949249936e+00 1.8837062104125893e-13 0.0000000000000000e+00 9.9456589663045597e+04 3.7489208132750872e+02 2.0701269588079999e-05 2.9524939936869998e-02 0.0000000000000000e+00 0.0000000000000000e+00 0 0.0000000000000000e+00 1.0000000000000000e+00 7.7780000000000005e-01 2.2219999999999993e-01 -1.0000000000000000e+00 2.5097155828941328e+05 3.4785804876990602e+02
2.5500000000000034e-01 2.5000000000000001e-02 0.0000000000000000e+00 5.0000000000000044e-04 9.9266596882630143e-01 7.3425074823797987e-01 -1.0302533356695522e-13 0.0000000000000000e+00 9.9730780896834694e+04 3.7503954312676302e+02 2.0701269588079999e-05 2.9524939936869998e-02 0.0000000000000000e+00 0.0000000000000000e+00 0 0.0000000000000000e+00 1.0000000000000000e+00 7.7780000000000016e-01 2.2219999999999993e-01 -1.0000000000000000e+00 2.5116903376559139e+05 3.4813175880418805e+02
2.6499999999999879e-01 2.5000000000000001e-02 0.0000000000000000e+00 5.0000000000000044e-04 9.9071574425532216e-01 1.4793014949249936e+00 1.8837062104125893e-13 0.0000000000000000e+00 9.9456589663045597e+04 3.7489208132750872e+02 2.0701269588079999e-05 2.9524939936869998e-02 0.0000000000000000e+00 0.0000000000000000e+00 0 0.0000000000000000e+00 1.0000000000000000e+00 7.7780000000000005e-01 2.2219999999999993e-01 -1.0000000000000000e+00 2.5097155828941328e+05 3.4785804876990602e+02
2.5500000000000034e-01 2.5000000000000001e-02 0.0000000000000000e+00 5.0000000000000044e-04 9.9266596882630143e-01 7.3425074823797987e-01 -1.0302533356695522e-13 0.0000000000000000e+00 9.9730780896834694e+04 3.7503954312676302e+02 2.0701269588079999e-05 2.9524939936869998e-02 0.0000000000000000e+00 0.0000000000000000e+00 0 0.0000000000000000e+00 1.0000000000000000e+00 7.7780000000000016e-01 2.2219999999999993e-01 -1.0000000000000000e+00 2.5116903376559139e+05 3.4813175880418805e+02
5.264262e-04
2.6499999999999879e-01 2.5000000000000001e-02 0.0000000000000000e+00 5.0000000000000044e-04 9.8880087042084219e-01 2.2094031693081417e+00 2.0567759459983805e-13 0.0000000000000000e+00 9.9187586748672751e+04 3.7474708192981444e+02 2.0701269588079999e-05 2.9524939936869998e-02 0.0000000000000000e+00 0.0000000000000000e+00 0 0.0000000000000000e+00 1.0000000000000000e+00 7.7780000000000005e-01 2.2219999999999993e-01 -1.0000000000000000e+00 2.5077745609805558e+05 3.4758901426253846e+02
2.5500000000000034e-01 2.5000000000000001e-02 0.0000000000000000e+00 5.0000000000000044e-04 9.9161180875289567e-01 1.1366449712364792e+00 -8.9860877787247573e-14 0.0000000000000000e+00 9.9582543903670536e+04 3.7495986233323379e+02 2.0701269588079999e-05 2.9524939936869998e-02 0.0000000000000000e+00 0.0000000000000000e+00 0 0.0000000000000000e+00 1.0000000000000000e+00 7.7780000000000016e-01 2.2219999999999990e-01 -1.0000000000000000e+00 2.5106231850171019e+05 3.4798384657173949e+02
2.6499999999999879e-01 2.5000000000000001e-02 0.0000000000000000e+00 5.0000000000000044e-04 9.8880087042084219e-01 2.2094031693081417e+00 2.0567759459983805e-13 0.0000000000000000e+00 9.9187586748672751e+04 3.7474708192981444e+02 2.0701269588079999e-05 2.9524939936869998e-02 0.0000000000000000e+00 0.0000000000000000e+00 0 0.0000000000000000e+00 1.0000000000000000e+00 7.7780000000000005e-01 2.2219999999999993e-01 -1.0000000000000000e+00 2.5077745609805558e+05 3.4758901426253846e+02
2.5500000000000034e-01 2.5000000000000001e-02 0.0000000000000000e+00 5.0000000000000044e-04 9.9161180875289567e-01 1.1366449712364792e+00 -8.9860877787247573e-14 0.0000000000000000e+00 9.9582543903670536e+04 3.7495986233323379e+02 2.0701269588079999e-05 2.9524939936869998e-02 0.0000000000000000e+00 0.0000000000000000e+00 0 0.0000000000000000e+00 1.0000000000000000e+00 7.7780000000000016e-01 2.2219999999999990e-01 -1.0000000000000000e+00 2.5106231850171019e+05 3.4798384657173949e+02
5.422143e-04
2.6499999999999879e-01 2.5000000000000001e-02 0.0000000000000000e+00 5.0000000000000044e-04 9.8616947562735924e-01 3.2125879427215489e+00 1.9469924702022297e-13 0.0000000000000000e+00 9.8818279689292918e+04 3.7454748429251873e+02 2.0701269588079999e-05 2.9524939936869998e-02 0.0000000000000000e+00 0.0000000000000000e+00 0 0.0000000000000000e+00 1.0000000000000000e+00 7.7780000000000016e-01 2.2219999999999993e-01 -1.0000000000000000e+00 2.5051038926759758e+05 3.4721884743101583e+02
2.5500000000000034e-01 2.5000000000000001e-02 0.0000000000000000e+00 5.0000000000000044e-04 9.9009901099035635e-01 1.7134572447776648e+00 -5.3741102165664826e-14 0.0000000000000000e+00 9.9369927101564870e+04 3.7484540382271757e+02 2.0701269588079999e-05 2.9524939936869998e-02 0.0000000000000000e+00 0.0000000000000000e+00 0 0.0000000000000000e+00 1.0000000000000000e+00 7.7780000000000016e-01 2.2219999999999990e-01 -1.0000000000000000e+00 2.5090906565538622e+05 3.4777143112333550e+02
2.6499999999999879e-01 2.5000000000000001e-02 0.0000000000000000e+00 5.0000000000000044e-04 9.8616947562735924e-01 3.2125879427215489e+00 1.9469924702022297e-13 0.0000000000000000e+00 9.8818279689292918e+04 3.7454748429251873e+02 2.0701269588079999e-05 2.9524939936869998e-02 0.0000000000000000e+00 0.0000000000000000e+00 0 0.0000000000000000e+00 1.0000000000000000e+00 7.7780000000000016e-01 2.2219999999999993e-01 -1.0000000000000000e+00 2.5051038926759758e+05 3.4721884743101583e+02
2.5500000000000034e-01 2.5000000000000001e-02 0.0000000000000000e+00 5.0000000000000044e-04 9.9009901099035635e-01 1.7134572447776648e+00 -5.3741102165664826e-14 0.0000000000000000e+00 9.9369927101564870e+04 3.7484540382271757e+02 2.0701269588079999e-05 2.9524939936869998e-02 0.0000000000000000e+00 0.0000000000000000e+00 0 0.0000000000000000e+00 1.0000000000000000e+00 7.7780000000000016e-01 2.2219999999999990e-01 -1.0000000000000000e+00 2.5090906565538622e+05 3.4777143112333550e+02
5.580025e-04
2.6499999999999879e-01 2.5000000000000001e-02 0.0000000000000000e+00 5.0000000000000044e-04 9.8266440014044920e-01 4.5498912664784594e+00 1.6616861051611668e-13 0.0000000000000000e+00 9.8326990015913805e+04 3.7428099800313203e+02 2.0701269588079999e-05 2.9524939936869998e-02 0.0000000000000000e+00 0.0000000000000000e+00 0 0.0000000000000000e+00 1.0000000000000000e+00 7.7780000000000016e-01 2.2219999999999993e-01 -1.0000000000000000e+00 2.5015404547539388e+05 3.4672493865070572e+02
2.5500000000000034e-01 2.5000000000000001e-02 0.0000000000000000e+00 5.0000000000000044e-04 9.8799176988903392e-01 2.5165131845569895e+00 -3.5931271554021177e-15 0.0000000000000000e+00 9.9073988936726149e+04 3.7468575217974472e+02 2.0701269588079999e-05 2.9524939936869998e-02 0.0000000000000000e+00 0.0000000000000000e+00 0 0.0000000000000000e+00 1.0000000000000000e+00 7.7780000000000005e-01 2.2219999999999990e-01 -1.0000000000000000e+00 2.5069538015446634e+05 3.4747525325399033e+02
2.6499999999999879e-01 2.5000000000000001e-02 0.0000000000000000e+00 5.0000000000000044e-04 9.8266440014044920e-01 4.5498912664784594e+00 1.6616861051611668e-13 0.0000000000000000e+00 9.8326990015913805e+04 3.7428099800313203e+02 2.0701269588079999e-05 2.9524939936869998e-02 0.0000000000000000e+00 0.0000000000000000e+00 0 0.0000000000000000e+00 1.0000000000000000e+00 7.7780000000000016e-01 2.2219999999999993e-01 -1.0000000000000000e+00 2.5015404547539388e+05 3.4672493865070572e+02
2.5500000000000034e-01 2.5000000000000001e-02 0.0000000000000000e+00 5.0000000000000044e-04 9.8799176988903392e-01 2.5165131845569895e+00 -3.5931271554021177e-15 0.0000000000000000e+00 9.9073988936726149e+04 3.7468575217974472e+02 2.0701269588079999e-05 2.9524939936869998e-02 0.0000000000000000e+00 0.0000000000000000e+00 0 0.0000000000000000e+00 1.0000000000000000e+00 7.7780000000000005e-01 2.2219999999999990e-01 -1.0000000000000000e+00 2.5069538015446634e+05 3.4747525325399033e+02
5.737906e-04
2.6499999999999879e-01 2.5000000000000001e-02 0.0000000000000000e+00 5.0000000000000044e-04 9.7813994417041394e-01 6.2792583190261348e+00 1.1249835674256872e-13 0.0000000000000000e+00 9.7693890999898445e+04 3.7393595362831121e+02 2.0701269588079999e-05 2.9524939936869998e-02 0.0000000000000000e+00 0.0000000000000000e+00 0 0.0000000000000000e+00 1.0000000000000000e+00 7.7780000000000005e-01 2.2219999999999993e-01 -1.0000000000000000e+00 2.4969303109984740e+05 3.4608595165861186e+02
2.5500000000000034e-01 2.5000000000000001e-02 0.0000000000000000e+00 5.0000000000000044e-04 9.8514325271233150e-01 3.6023293184702463e+00 6.1987524751481041e-14 0.0000000000000000e+00 9.8674363602839527e+04 3.7446953490571644e+02 2.0701269588079999e-05 2.9524939936869998e-02 0.0000000000000000e+00 0.0000000000000000e+00 0 0.0000000000000000e+00 1.0000000000000000e+00 7.7780000000000016e-01 2.2219999999999993e-01 -1.0000000000000000e+00 2.5040612959375646e+05 3.4707433875857919e+02
2.6499999999999879e-01 2.5000000000000001e-02 0.0000000000000000e+00 5.0000000000000044e-04 9.7813994417041394e-01 6.2792583190261348e+00 1.1249835674256872e-13 0.0000000000000000e+00 9.7693890999898445e+04 3.7393595362831121e+02 2.0701269588079999e-05 2.9524939936869998e-02 0.0000000000000000e+00 0.0000000000000000e+00 0 0.0000000000000000e+00 1.0000000000000000e+00 7.7780000000000005e-01 2.2219999999999993e-01 -1.0000000000000000e+00 2.4969303109984740e+05 3.4608595165861186e+02
2.5500000000000034e-01 2.5000000000000001e-02 0.0000000000000000e+00 5.0000000000000044e-04 9.8514325271233150e-01 3.6023293184702463e+00 6.1987524751481041e-14 0.0000000000000000e+00 9.8674363602839527e+04 3.7446953490571644e+02 2.0701269588079999e-05 2.9524939936869998e-02 0.0000000000000000e+00 0.0000000000000000e+00 0 0.0000000000000000e+00 1.0000000000000000e+00 7.7780000000000016e-01 2.2219999999999993e-01 -1.0000000000000000e+00 2.5040612959375646e+05 3.4707433875857919e+02
5.895788e-04
2.6499999999999879e-01 2.5000000000000001e-02 0.0000000000000000e+00 5.0000000000000044e-04 9.7248149186676658e-01 8.4485345029113788e+00 3.9325113941315821e-14 0.0000000000000000e+00 9.6903811214974397e+04 3.7350272491184433e+02 2.0701269588079999e-05 2.9524939936869998e-02 0.0000000000000000e+00 0.0000000000000000e+00 0 0.0000000000000000e+00 1.0000000000000000e+00 7.7780000000000005e-01 2.2219999999999990e-01 -1.0000000000000000e+00 2.4911479556530874e+05 3.4528449078334370e+02
2.5500000000000034e-01 2.5000000000000001e-02 0.0000000000000000e+00 5.0000000000000044e-04 9.8140752801328768e-01 5.0279628756296528e+00 1.4452437187035993e-13 0.0000000000000000e+00 9.8150995673687066e+04 3.7418526385831217e+02 2.0701269588079999e-05 2.9524939936869998e-02 0.0000000000000000e+00 0.0000000000000000e+00 0 0.0000000000000000e+00 1.0000000000000000e+00 7.7780000000000005e-01 2.2219999999999990e-01 -1.0000000000000000e+00 2.5002609230127634e+05 3.4654758970413263e+02
2.6499999999999879e-01 2.5000000000000001e-02 0.0000000000000000e+00 5.0000000000000044e-04 9.7248149186676658e-01 8.4485345029113788e+00 3.9325113941315821e-14 0.0000000000000000e+00 9.6903811214974397e+04 3.7350272491184433e+02 2.0701269588079999e-05 2.9524939936869998e-02 0.0000000000000000e+00 0.0000000000000000e+00 0 0.0000000000000000e+00 1.0000000000000000e+00 7.7780000000000005e-01 2.2219999999999990e-01 -1.0000000000000000e+00 2.4911479556530874e+05 3.4528449078334370e+02
2.5500000000000034e-01 2.5000000000000001e-02 0.0000000000000000e+00 5.0000000000000044e-04 9.8140752801328768e-01 5.0279628756296528e+00 1.4452437187035993e-13 0.0000000000000000e+00 9.8150995673687066e+04 3.7418526385831217e+02 2.0701269588079999e-05 2.9524939936869998e-02 0.0000000000000000e+00 0.0000000000000000e+00 0 0.0000000000000000e+00 1.0000000000000000e+00 7.7780000000000005e-01 2.2219999999999990e-01 -1.0000000000000000e+00 2.5002609230127634e+05 3.4654758970413263e+02
6.053669e-04
2.6499999999999879e-01 2.5000000000000001e-02 0.0000000000000000e+00 5.0000000000000044e-04 9.6562577594328725e-01 1.1087999167242090e+01 -4.4041667444800260e-14 0.0000000000000000e+00 9.5949079317314390e+04 3.7297523709308746e+02 2.0701269588079999e-05 2.9524939936869998e-02 0.0000000000000000e+00 0.0000000000000000e+00 0 0.0000000000000000e+00 1.0000000000000000e+00 7.7780000000000005e-01 2.2219999999999990e-01 -1.0000000000000000e+00 2.4841165622258012e+05 3.4430990752202899e+02
2.5500000000000034e-01 2.5000000000000001e-02 0.0000000000000000e+00 5.0000000000000044e-04 9.7665573745031842e-01 6.8452985502114396e+00 2.2976665930130780e-13 0.0000000000000000e+00 9.7486467441645073e+04 3.7382249493037807e+02 2.0701269588079999e-05 2.9524939936869998e-02 0.0000000000000000e+00 0.0000000000000000e+00 0 0.0000000000000000e+00 1.0000000000000000e+00 7.7780000000000005e-01 2.2219999999999993e-01 -1.0000000000000000e+00 2.4954153163566536e+05 3.4587596647798324e+02
2.6499999999999879e-01 2.5000000000000001e-02 0.0000000000000000e+00 5.0000000000000044e-04 9.6562577594328725e-01 1.1087999167242090e+01 -4.4041667444800260e-14 0.0000000000000000e+00 9.5949079317314390e+04 3.7297523709308746e+02 2.0701269588079999e-05 2.9524939936869998e-02 0.0000000000000000e+00 0.0000000000000000e+00 0 0.0000000000000000e+00 1.0000000000000000e+00 7.7780000000000005e-01 2.2219999999999990e-01 -1.0000000000000000e+00 2.4841165622258012e+05 3.4430990752202899e+02
2.5500000000000034e-01 2.5000000000000001e-02 0.0000000000000000e+00 5.0000000000000044e-04 9.7665573745031842e-01 6.8452985502114396e+00 2.2976665930130780e-13 0.0000000000000000e+00 9.7486467441645073e+04 3.7382249493037807e+02 2.0701269588079999e-05 2.9524939936869998e-02 0.0000000000000000e+00 0.0000000000000000e+00 0 0.0000000000000000e+00 1.0000000000000000e+00 7.7780000000000005e-01 2.2219999999999993e-01 -1.0000000000000000e+00 2.4954153163566536e+05 3.4587596647798324e+02
