0.000000e+00 2.500000e+05
2.755006e-01 2.500000e+05
2.759480e-01 2.498339e+05
2.763963e-01 2.496676e+05
2.768456e-01 2.495010e+05
2.772957e-01 2.493341e+05
2.777467e-01 2.491669e+05
2.781987e-01 2.489995e+05
2.786515e-01 2.488317e+05
2.791053e-01 2.486637e+05
2.795600e-01 2.484954e+05
2.800156e-01 2.483268e+05
2.804722e-01 2.481580e+05
2.809297e-01 2.479888e+05
2.813881e-01 2.478193e+05
2.818474e-01 2.476496e+05
2.823078e-01 2.474796e+05
2.827690e-01 2.473093e+05
2.832312e-01 2.471386e+05
2.836944e-01 2.469677e+05
2.841586e-01 2.467965e+05
2.846237e-01 2.466250e+05
2.850898e-01 2.464532e+05
2.855568e-01 2.462811e+05
2.860248e-01 2.461087e+05
2.864939e-01 2.459360e+05
2.869639e-01 2.457630e+05
2.874349e-01 2.455896e+05
2.879069e-01 2.454160e+05
2.883799e-01 2.452421e+05
2.888539e-01 2.450678e+05
2.893290e-01 2.448933e+05
2.898050e-01 2.447184e+05
2.902821e-01 2.445433e+05
2.907602e-01 2.443678e+05
2.912393e-01 2.441920e+05
2.917195e-01 2.440158e+05
2.922007e-01 2.438394e+05
2.926830e-01 2.436626e+05
2.931663e-01 2.434856e+05
2.936506e-01 2.433081e+05
2.941361e-01 2.431304e+05
2.946226e-01 2.429524e+05
2.951101e-01 2.427740e+05
2.955988e-01 2.425953e+05
2.960885e-01 2.424162e+05
2.965793e-01 2.422369e+05
2.970712e-01 2.420572e+05
2.975642e-01 2.418771e+05
2.980583e-01 2.416968e+05
2.985535e-01 2.415160e+05
2.990499e-01 2.413350e+05
2.995473e-01 2.411536e+05
3.000459e-01 2.409719e+05
3.005456e-01 2.407898e+05
3.010464e-01 2.406074e+05
3.015484e-01 2.404246e+05
3.020515e-01 2.402415e+05
3.025558e-01 2.400580e+05
3.030613e-01 2.398742e+05
3.035679e-01 2.396901e+05
3.040756e-01 2.395055e+05
3.045846e-01 2.393207e+05
3.050947e-01 2.391354e+05
3.056060e-01 2.389498e+05
3.061186e-01 2.387639e+05
3.066323e-01 2.385776e+05
3.071472e-01 2.383909e+05
3.076633e-01 2.382038e+05
3.081807e-01 2.380164e+05
3.086992e-01 2.378286e+05
3.092191e-01 2.376405e+05
3.097401e-01 2.374519e+05
3.102624e-01 2.372630e+05
3.107859e-01 2.370738e+05
3.113107e-01 2.368841e+05
3.118368e-01 2.366941e+05
3.123641e-01 2.365036e+05
3.128927e-01 2.363128e+05
3.134226e-01 2.361216e+05
3.139538e-01 2.359300e+05
3.144863e-01 2.357381e+05
3.150200e-01 2.355457e+05
3.155551e-01 2.353530e+05
3.160915e-01 2.351598e+05
3.166293e-01 2.349663e+05
3.171683e-01 2.347723e+05
3.177087e-01 2.345780e+05
3.182505e-01 2.343832e+05
3.187936e-01 2.341880e+05
3.193380e-01 2.339925e+05
3.198839e-01 2.337965e+05
3.204311e-01 2.336001e+05
3.209797e-01 2.334033e+05
3.215297e-01 2.332061e+05
3.220810e-01 2.330085e+05
3.226338e-01 2.328104e+05
3.231880e-01 2.326119e+05
3.237436e-01 2.324130e+05
3.243007e-01 2.322137e+05
3.248592e-01 2.320140e+05
3.254191e-01 2.318138e+05
3.259805e-01 2.316131e+05
3.265434e-01 2.314121e+05
3.271077e-01 2.312106e+05
3.276735e-01 2.310087e+05
3.282408e-01 2.308063e+05
3.288096e-01 2.306035e+05
3.293799e-01 2.304002e+05
3.299517e-01 2.301965e+05
3.305250e-01 2.299923e+05
3.310998e-01 2.297877e+05
3.316762e-01 2.295826e+05
3.322542e-01 2.293771e+05
3.328337e-01 2.291711e+05
3.334148e-01 2.289646e+05
3.339974e-01 2.287577e+05
3.345816e-01 2.285503e+05
3.351674e-01 2.283424e+05
3.357549e-01 2.281341e+05
3.363439e-01 2.279253e+05
3.369346e-01 2.277160e+05
3.375269e-01 2.275062e+05
3.381208e-01 2.272959e+05
3.387164e-01 2.270851e+05
3.393137e-01 2.268739e+05
3.399126e-01 2.266622e+05
3.405132e-01 2.264499e+05
3.411155e-01 2.262372e+05
3.417195e-01 2.260240e+05
3.423252e-01 2.258102e+05
3.429327e-01 2.255960e+05
3.435418e-01 2.253812e+05
3.441528e-01 2.251660e+05
3.447654e-01 2.249502e+05
3.453799e-01 2.247339e+05
3.459961e-01 2.245171e+05
3.466141e-01 2.242997e+05
3.472340e-01 2.240818e+05
3.478556e-01 2.238634e+05
3.484791e-01 2.236445e+05
3.491043e-01 2.234250e+05
3.497315e-01 2.232050e+05
3.503605e-01 2.229844e+05
3.509914e-01 2.227633e+05
3.516241e-01 2.225417e+05
3.522588e-01 2.223195e+05
3.528953e-01 2.220967e+05
3.535338e-01 2.218734e+05
3.541742e-01 2.216495e+05
3.548166e-01 2.214250e+05
3.554609e-01 2.212000e+05
3.561072e-01 2.209744e+05
3.567555e-01 2.207482e+05
3.574057e-01 2.205214e+05
3.580580e-01 2.202941e+05
3.587123e-01 2.200662e+05
3.593687e-01 2.198376e+05
3.600271e-01 2.196085e+05
3.606876e-01 2.193788e+05
3.613501e-01 2.191485e+05
3.620148e-01 2.189176e+05
3.626815e-01 2.186860e+05
3.633504e-01 2.184539e+05
3.640214e-01 2.182211e+05
3.646946e-01 2.179877e+05
3.653699e-01 2.177537e+05
3.660474e-01 2.175190e+05
3.667272e-01 2.172837e+05
3.674091e-01 2.170478e+05
3.680933e-01 2.168112e+05
3.687797e-01 2.165740e+05
3.694684e-01 2.163362e+05
3.701593e-01 2.160976e+05
3.708526e-01 2.158585e+05
3.715481e-01 2.156186e+05
3.722460e-01 2.153781e+05
3.729463e-01 2.151369e+05
3.736489e-01 2.148950e+05
3.743538e-01 2.146525e+05
3.750612e-01 2.144093e+05
3.757710e-01 2.141653e+05
3.764832e-01 2.139207e+05
3.771979e-01 2.136754e+05
3.779150e-01 2.134293e+05
3.786347e-01 2.131826e+05
3.793568e-01 2.129351e+05
3.800815e-01 2.126870e+05
3.808087e-01 2.124381e+05
3.815385e-01 2.121884e+05
3.822708e-01 2.119380e+05
3.830058e-01 2.116869e+05
3.837434e-01 2.114351e+05
3.844836e-01 2.111825e+05
3.852265e-01 2.109291e+05
3.859721e-01 2.106749e+05
3.867203e-01 2.104200e+05
3.874714e-01 2.101644e+05
3.882251e-01 2.099079e+05
3.889817e-01 2.096507e+05
3.897410e-01 2.093926e+05
3.905031e-01 2.091338e+05
3.912681e-01 2.088742e+05
3.920360e-01 2.086137e+05
3.928067e-01 2.083524e+05
3.935804e-01 2.080904e+05
3.943570e-01 2.078275e+05
3.951365e-01 2.075637e+05
3.959190e-01 2.072991e+05
3.967045e-01 2.070337e+05
3.974931e-01 2.067674e+05
3.982847e-01 2.065003e+05
3.990794e-01 2.062322e+05
3.998772e-01 2.059634e+05
4.006782e-01 2.056936e+05
4.014823e-01 2.054229e+05
4.022896e-01 2.051514e+05
4.031001e-01 2.048789e+05
4.039138e-01 2.046056e+05
4.047309e-01 2.043313e+05
4.055512e-01 2.040561e+05
4.063749e-01 2.037800e+05
4.072019e-01 2.035029e+05
4.080323e-01 2.032249e+05
4.088662e-01 2.029459e+05
4.097035e-01 2.026660e+05
4.105442e-01 2.023851e+05
4.113885e-01 2.021032e+05
4.122364e-01 2.018203e+05
4.130878e-01 2.015365e+05
4.139428e-01 2.012516e+05
4.148015e-01 2.009658e+05
4.156638e-01 2.006789e+05
4.165299e-01 2.003909e+05
4.173997e-01 2.001020e+05
4.182733e-01 1.998120e+05
4.191507e-01 1.995209e+05
4.200320e-01 1.992288e+05
4.209171e-01 1.989356e+05
4.218062e-01 1.986413e+05
4.226993e-01 1.983459e+05
4.235963e-01 1.980494e+05
4.244974e-01 1.977518e+05
4.254026e-01 1.974531e+05
4.263120e-01 1.971532e+05
4.272254e-01 1.968522e+05
4.281431e-01 1.965501e+05
4.290651e-01 1.962467e+05
4.299913e-01 1.959422e+05
4.309219e-01 1.956365e+05
4.318568e-01 1.953297e+05
4.327962e-01 1.950216e+05
4.337401e-01 1.947122e+05
4.346885e-01 1.944017e+05
4.356414e-01 1.940899e+05
4.365989e-01 1.937768e+05
4.375612e-01 1.934625e+05
4.385281e-01 1.931469e+05
4.394998e-01 1.928300e+05
4.404763e-01 1.925118e+05
4.414576e-01 1.921923e+05
4.424439e-01 1.918714e+05
4.434351e-01 1.915492e+05
4.444314e-01 1.912256e+05
4.454328e-01 1.909007e+05
4.464393e-01 1.905743e+05
4.474509e-01 1.902466e+05
4.484679e-01 1.899174e+05
4.494901e-01 1.895869e+05
4.505178e-01 1.892548e+05
4.515508e-01 1.889213e+05
4.525894e-01 1.885864e+05
4.536335e-01 1.882499e+05
4.546833e-01 1.879119e+05
4.557387e-01 1.875724e+05
4.567999e-01 1.872313e+05
4.578669e-01 1.868887e+05
4.589398e-01 1.865446e+05
4.600187e-01 1.861988e+05
4.611037e-01 1.858514e+05
4.621947e-01 1.855023e+05
4.632920e-01 1.851517e+05
4.643955e-01 1.847993e+05
4.655053e-01 1.844453e+05
4.666216e-01 1.840896e+05
4.677444e-01 1.837321e+05
4.688738e-01 1.833729e+05
4.700098e-01 1.830119e+05
4.711526e-01 1.826491e+05
4.723023e-01 1.822846e+05
4.734589e-01 1.819181e+05
4.746225e-01 1.815499e+05
4.757932e-01 1.811797e+05
4.769712e-01 1.808077e+05
4.781564e-01 1.804337e+05
4.793491e-01 1.800578e+05
4.805493e-01 1.796799e+05
4.817571e-01 1.793000e+05
4.829727e-01 1.789181e+05
4.841960e-01 1.785342e+05
4.854273e-01 1.781481e+05
4.866667e-01 1.777600e+05
6.759718e-01 1.777600e+05
6.759718e-01 2.853541e+05
8.324482e-01 2.853541e+05
8.324482e-01 2.000000e+05
1.000000e+00 2.000000e+05
