0.000000e+00 1.000000e+00
2.755006e-01 1.000000e+00
2.759480e-01 9.983402e-01
2.763963e-01 9.966794e-01
2.768456e-01 9.950174e-01
2.772957e-01 9.933543e-01
2.777467e-01 9.916901e-01
2.781987e-01 9.900248e-01
2.786515e-01 9.883583e-01
2.791053e-01 9.866908e-01
2.795600e-01 9.850221e-01
2.800156e-01 9.833522e-01
2.804722e-01 9.816813e-01
2.809297e-01 9.800092e-01
2.813881e-01 9.783359e-01
2.818474e-01 9.766616e-01
2.823078e-01 9.749860e-01
2.827690e-01 9.733093e-01
2.832312e-01 9.716315e-01
2.836944e-01 9.699525e-01
2.841586e-01 9.682723e-01
2.846237e-01 9.665910e-01
2.850898e-01 9.649085e-01
2.855568e-01 9.632248e-01
2.860248e-01 9.615399e-01
2.864939e-01 9.598539e-01
2.869639e-01 9.581667e-01
2.874349e-01 9.564783e-01
2.879069e-01 9.547886e-01
2.883799e-01 9.530978e-01
2.888539e-01 9.514058e-01
2.893290e-01 9.497126e-01
2.898050e-01 9.480182e-01
2.902821e-01 9.463226e-01
2.907602e-01 9.446257e-01
2.912393e-01 9.429277e-01
2.917195e-01 9.412284e-01
2.922007e-01 9.395279e-01
2.926830e-01 9.378261e-01
2.931663e-01 9.361231e-01
2.936506e-01 9.344189e-01
2.941361e-01 9.327134e-01
2.946226e-01 9.310067e-01
2.951101e-01 9.292987e-01
2.955988e-01 9.275895e-01
2.960885e-01 9.258790e-01
2.965793e-01 9.241673e-01
2.970712e-01 9.224542e-01
2.975642e-01 9.207399e-01
2.980583e-01 9.190244e-01
2.985535e-01 9.173075e-01
2.990499e-01 9.155894e-01
2.995473e-01 9.138699e-01
3.000459e-01 9.121492e-01
3.005456e-01 9.104272e-01
3.010464e-01 9.087038e-01
3.015484e-01 9.069792e-01
3.020515e-01 9.052533e-01
3.025558e-01 9.035260e-01
3.030613e-01 9.017974e-01
3.035679e-01 9.000675e-01
3.040756e-01 8.983362e-01
3.045846e-01 8.966036e-01
3.050947e-01 8.948697e-01
3.056060e-01 8.931344e-01
3.061186e-01 8.913978e-01
3.066323e-01 8.896599e-01
3.071472e-01 8.879205e-01
3.076633e-01 8.861798e-01
3.081807e-01 8.844378e-01
3.086992e-01 8.826943e-01
3.092191e-01 8.809495e-01
3.097401e-01 8.792033e-01
3.102624e-01 8.774557e-01
3.107859e-01 8.757067e-01
3.113107e-01 8.739564e-01
3.118368e-01 8.722046e-01
3.123641e-01 8.704514e-01
3.128927e-01 8.686968e-01
3.134226e-01 8.669407e-01
3.139538e-01 8.651833e-01
3.144863e-01 8.634244e-01
3.150200e-01 8.616641e-01
3.155551e-01 8.599023e-01
3.160915e-01 8.581392e-01
3.166293e-01 8.563745e-01
3.171683e-01 8.546084e-01
3.177087e-01 8.528408e-01
3.182505e-01 8.510718e-01
3.187936e-01 8.493013e-01
3.193380e-01 8.475293e-01
3.198839e-01 8.457559e-01
3.204311e-01 8.439809e-01
3.209797e-01 8.422045e-01
3.215297e-01 8.404265e-01
3.220810e-01 8.386471e-01
3.226338e-01 8.368661e-01
3.231880e-01 8.350836e-01
3.237436e-01 8.332996e-01
3.243007e-01 8.315141e-01
3.248592e-01 8.297270e-01
3.254191e-01 8.279384e-01
3.259805e-01 8.261482e-01
3.265434e-01 8.243565e-01
3.271077e-01 8.225633e-01
3.276735e-01 8.207684e-01
3.282408e-01 8.189720e-01
3.288096e-01 8.171740e-01
3.293799e-01 8.153745e-01
3.299517e-01 8.135733e-01
3.305250e-01 8.117706e-01
3.310998e-01 8.099662e-01
3.316762e-01 8.081602e-01
3.322542e-01 8.063527e-01
3.328337e-01 8.045435e-01
3.334148e-01 8.027326e-01
3.339974e-01 8.009202e-01
3.345816e-01 7.991060e-01
3.351674e-01 7.972903e-01
3.357549e-01 7.954729e-01
3.363439e-01 7.936538e-01
3.369346e-01 7.918330e-01
3.375269e-01 7.900106e-01
3.381208e-01 7.881865e-01
3.387164e-01 7.863607e-01
3.393137e-01 7.845332e-01
3.399126e-01 7.827040e-01
3.405132e-01 7.808731e-01
3.411155e-01 7.790405e-01
3.417195e-01 7.772061e-01
3.423252e-01 7.753701e-01
3.429327e-01 7.735322e-01
3.435418e-01 7.716927e-01
3.441528e-01 7.698513e-01
3.447654e-01 7.680082e-01
3.453799e-01 7.661634e-01
3.459961e-01 7.643167e-01
3.466141e-01 7.624683e-01
3.472340e-01 7.606181e-01
3.478556e-01 7.587660e-01
3.484791e-01 7.569122e-01
3.491043e-01 7.550565e-01
3.497315e-01 7.531991e-01
3.503605e-01 7.513397e-01
3.509914e-01 7.494786e-01
3.516241e-01 7.476156e-01
3.522588e-01 7.457507e-01
3.528953e-01 7.438840e-01
3.535338e-01 7.420154e-01
3.541742e-01 7.401449e-01
3.548166e-01 7.382725e-01
3.554609e-01 7.363982e-01
3.561072e-01 7.345220e-01
3.567555e-01 7.326439e-01
3.574057e-01 7.307638e-01
3.580580e-01 7.288819e-01
3.587123e-01 7.269979e-01
3.593687e-01 7.251120e-01
3.600271e-01 7.232242e-01
3.606876e-01 7.213344e-01
3.613501e-01 7.194426e-01
3.620148e-01 7.175488e-01
3.626815e-01 7.156530e-01
3.633504e-01 7.137552e-01
3.640214e-01 7.118554e-01
3.646946e-01 7.099535e-01
3.653699e-01 7.080496e-01
3.660474e-01 7.061437e-01
3.667272e-01 7.042356e-01
3.674091e-01 7.023256e-01
3.680933e-01 7.004134e-01
3.687797e-01 6.984992e-01
3.694684e-01 6.965828e-01
3.701593e-01 6.946644e-01
3.708526e-01 6.927438e-01
3.715481e-01 6.908211e-01
3.722460e-01 6.888962e-01
3.729463e-01 6.869692e-01
3.736489e-01 6.850400e-01
3.743538e-01 6.831087e-01
3.750612e-01 6.811751e-01
3.757710e-01 6.792394e-01
3.764832e-01 6.773015e-01
3.771979e-01 6.753613e-01
3.779150e-01 6.734189e-01
3.786347e-01 6.714743e-01
3.793568e-01 6.695274e-01
3.800815e-01 6.675782e-01
3.808087e-01 6.656268e-01
3.815385e-01 6.636730e-01
3.822708e-01 6.617170e-01
3.830058e-01 6.597586e-01
3.837434e-01 6.577980e-01
3.844836e-01 6.558349e-01
3.852265e-01 6.538696e-01
3.859721e-01 6.519018e-01
3.867203e-01 6.499317e-01
3.874714e-01 6.479592e-01
3.882251e-01 6.459843e-01
3.889817e-01 6.440069e-01
3.897410e-01 6.420272e-01
3.905031e-01 6.400450e-01
3.912681e-01 6.380603e-01
3.920360e-01 6.360732e-01
3.928067e-01 6.340835e-01
3.935804e-01 6.320914e-01
3.943570e-01 6.300968e-01
3.951365e-01 6.280996e-01
3.959190e-01 6.260999e-01
3.967045e-01 6.240976e-01
3.974931e-01 6.220928e-01
3.982847e-01 6.200853e-01
3.990794e-01 6.180753e-01
3.998772e-01 6.160627e-01
4.006782e-01 6.140474e-01
4.014823e-01 6.120294e-01
4.022896e-01 6.100088e-01
4.031001e-01 6.079855e-01
4.039138e-01 6.059596e-01
4.047309e-01 6.039309e-01
4.055512e-01 6.018995e-01
4.063749e-01 5.998653e-01
4.072019e-01 5.978284e-01
4.080323e-01 5.957886e-01
4.088662e-01 5.937461e-01
4.097035e-01 5.917008e-01
4.105442e-01 5.896527e-01
4.113885e-01 5.876017e-01
4.122364e-01 5.855478e-01
4.130878e-01 5.834910e-01
4.139428e-01 5.814314e-01
4.148015e-01 5.793688e-01
4.156638e-01 5.773033e-01
4.165299e-01 5.752348e-01
4.173997e-01 5.731633e-01
4.182733e-01 5.710889e-01
4.191507e-01 5.690114e-01
4.200320e-01 5.669309e-01
4.209171e-01 5.648473e-01
4.218062e-01 5.627606e-01
4.226993e-01 5.606709e-01
4.235963e-01 5.585780e-01
4.244974e-01 5.564820e-01
4.254026e-01 5.543828e-01
4.263120e-01 5.522804e-01
4.272254e-01 5.501748e-01
4.281431e-01 5.480660e-01
4.290651e-01 5.459540e-01
4.299913e-01 5.438387e-01
4.309219e-01 5.417201e-01
4.318568e-01 5.395981e-01
4.327962e-01 5.374728e-01
4.337401e-01 5.353442e-01
4.346885e-01 5.332121e-01
4.356414e-01 5.310767e-01
4.365989e-01 5.289378e-01
4.375612e-01 5.267954e-01
4.385281e-01 5.246496e-01
4.394998e-01 5.225002e-01
4.404763e-01 5.203473e-01
4.414576e-01 5.181908e-01
4.424439e-01 5.160307e-01
4.434351e-01 5.138670e-01
4.444314e-01 5.116997e-01
4.454328e-01 5.095287e-01
4.464393e-01 5.073539e-01
4.474509e-01 5.051755e-01
4.484679e-01 5.029932e-01
4.494901e-01 5.008072e-01
4.505178e-01 4.986173e-01
4.515508e-01 4.964236e-01
4.525894e-01 4.942261e-01
4.536335e-01 4.920246e-01
4.546833e-01 4.898191e-01
4.557387e-01 4.876097e-01
4.567999e-01 4.853962e-01
4.578669e-01 4.831787e-01
4.589398e-01 4.809572e-01
4.600187e-01 4.787315e-01
4.611037e-01 4.765017e-01
4.621947e-01 4.742677e-01
4.632920e-01 4.720294e-01
4.643955e-01 4.697870e-01
4.655053e-01 4.675402e-01
4.666216e-01 4.652891e-01
4.677444e-01 4.630336e-01
4.688738e-01 4.607738e-01
4.700098e-01 4.585095e-01
4.711526e-01 4.562407e-01
4.723023e-01 4.539674e-01
4.734589e-01 4.516895e-01
4.746225e-01 4.494070e-01
4.757932e-01 4.471199e-01
4.769712e-01 4.448281e-01
4.781564e-01 4.425316e-01
4.793491e-01 4.402302e-01
4.805493e-01 4.379241e-01
4.817571e-01 4.356131e-01
4.829727e-01 4.332972e-01
4.841960e-01 4.309763e-01
4.854273e-01 4.286504e-01
4.866667e-01 4.263194e-01
6.759718e-01 4.263194e-01
6.759718e-01 2.655737e-01
8.324482e-01 2.655737e-01
8.324482e-01 1.250000e-01
1.000000e+00 1.250000e-01
