=================================================================================================
      i NZ NE iSLP iLV iCONF                 E(RYD)      TE(RYD)   gi         QD     EQN    RL(NS)
 =================================================================================================
      1  6  6  100   1 2s2 2p2         -6.35936E-01  2.10525E-01  1.0  0.000E+00  1.2540  1.00E+30
      2  6  6  100   2 2s2 2p 3p       -1.59115E-01  6.87346E-01  1.0  4.931E-01  2.5069  2.32E+01
      3  6  6  100   3 2s2 2p 4p       -8.00323E-02  7.66429E-01  1.0  4.652E-01  3.5348  7.20E+01
      4  6  6  100   4 2s2 2p 5p       -4.83888E-02  7.98072E-01  1.0  4.540E-01  4.5460  1.51E+02
      5  6  6  100   5 2s2 2p 6p       -3.24511E-02  8.14010E-01  1.0  4.488E-01  5.5512  2.70E+02
      6  6  6  100   6 2s2 2p 7p       -2.32798E-02  8.23181E-01  1.0  4.459E-01  6.5541  4.39E+02
      7  6  6  100   7 2s2 2p 8p       -1.75160E-02  8.28945E-01  1.0  4.442E-01  7.5558  6.66E+02
      8  6  6  100   8 2s2 2p 9p       -1.36570E-02  8.32804E-01  1.0  4.430E-01  8.5570  9.59E+02
      9  6  6  100   9 2s2 2p10p       -1.09466E-02  8.35514E-01  1.0  4.421E-01  9.5579  1.33E+03
     10  6  6  101   1 2s2p2(2PE) 3p    7.93461E-01  1.63992E+00  1.0  9.367E-01  2.0633  2.11E-01
     11  6  6  101   2 2s2p2(2PE) 4p    9.29071E-01  1.77553E+00  1.0  8.264E-01  3.1736  2.23E-01
     12  6  6  101   3 2s2p2(2PE) 5p    9.71635E-01  1.81810E+00  1.0  8.013E-01  4.1987  2.25E-01
     13  6  6  101   4 2s2p2(2PE) 6p    9.91503E-01  1.83796E+00  1.0  7.912E-01  5.2088  2.26E-01
     14  6  6  101   5 2s2p2(2PE) 7p    1.00246E+00  1.84892E+00  1.0  7.863E-01  6.2137  2.26E-01
     15  6  6  101   6 2s2p2(2PE) 8p    1.00916E+00  1.85562E+00  1.0  7.831E-01  7.2169  2.26E-01
     16  6  6  101   7 2s2p2(2PE) 9p    1.01355E+00  1.86001E+00  1.0  7.828E-01  8.2172  2.26E-01
     17  6  6  101   8 2s2p2(2PE)10p    1.01659E+00  1.86305E+00  1.0  7.825E-01  9.2175  2.27E-01
     18  6  6  110   1 2s2 2p 3p       -2.16248E-01  6.30213E-01  3.0  8.496E-01  2.1504  1.20E+02
     19  6  6  110   2 2s2 2p 4p       -9.57750E-02  7.50686E-01  3.0  7.687E-01  3.2313  2.16E+02
     20  6  6  110   3 2s2 2p 5p       -5.53334E-02  7.91128E-01  3.0  7.489E-01  4.2511  3.44E+02
     21  6  6  110   4 2s2 2p 6p       -3.61488E-02  8.10312E-01  3.0  7.404E-01  5.2596  5.42E+02
     22  6  6  110   5 2s2 2p 7p       -2.54854E-02  8.20976E-01  3.0  7.360E-01  6.2640  8.25E+02
     23  6  6  110   6 2s2 2p 8p       -1.89378E-02  8.27523E-01  3.0  7.333E-01  7.2667  1.21E+03
     24  6  6  110   7 2s2 2p 9p       -1.46272E-02  8.31834E-01  3.0  7.316E-01  8.2684  1.70E+03
     25  6  6  110   8 2s2 2p10p       -1.16381E-02  8.34823E-01  3.0  7.304E-01  9.2696  2.32E+03
     26  6  6  111   1 2s2 2p 3s       -2.80533E-01  5.65928E-01  3.0  1.112E+00  1.8880  2.61E+00
     27  6  6  111   2 2s2 2p 4s       -1.15623E-01  7.30838E-01  3.0  1.059E+00  2.9409  1.27E+01
     28  6  6  111   3 2s2 2p 3d       -1.10991E-01  7.35470E-01  3.0 -1.623E-03  3.0016  5.71E+00
     29  6  6  111   4 2s2 2p 5s       -6.42691E-02  7.82192E-01  3.0  1.055E+00  3.9446  3.27E+01
     30  6  6  111   5 2s2 2p 4d       -6.24426E-02  7.84018E-01  3.0 -1.838E-03  4.0018  1.15E+01
     31  6  6  111   6 2s2 2p 6s       -4.08698E-02  8.05591E-01  3.0  1.053E+00  4.9465  6.36E+01
     32  6  6  111   7 2s2 2p 5d       -3.99533E-02  8.06508E-01  3.0 -2.921E-03  5.0029  2.13E+01
     33  6  6  111   8 2s2 2p 7s       -2.82702E-02  8.18191E-01  3.0  1.052E+00  5.9475  1.09E+02
     34  6  6  111   9 2s2 2p 6d       -2.77459E-02  8.18715E-01  3.0 -3.446E-03  6.0034  3.57E+01
     35  6  6  111  10 2s2 2p 8s       -2.07143E-02  8.25747E-01  3.0  1.052E+00  6.9481  1.72E+02
     36  6  6  111  11 2s2 2p 7d       -2.03864E-02  8.26075E-01  3.0 -3.735E-03  7.0037  5.56E+01
     37  6  6  111  12 2s2 2p 9s       -1.58284E-02  8.30633E-01  3.0  1.052E+00  7.9484  2.55E+02
     38  6  6  111  13 2s2 2p 8d       -1.56098E-02  8.30851E-01  3.0 -3.894E-03  8.0039  8.20E+01
     39  6  6  111  14 2s2 2p10s       -1.24878E-02  8.33973E-01  3.0  1.051E+00  8.9486  3.62E+02
     40  6  6  111  15 2s2 2p 9d       -1.23347E-02  8.34126E-01  3.0 -4.005E-03  9.0040  1.16E+02
     41  6  6  111  16 2s2 2p11s       -1.01032E-02  8.36358E-01  3.0  1.051E+00  9.9488  4.95E+02
     42  6  6  120   1 2s2 2p2         -7.48402E-01  9.80590E-02  5.0  0.000E+00  1.1559  1.00E+30
     43  6  6  120   2 2s2 2p 3p       -1.75374E-01  6.71087E-01  5.0  6.121E-01  2.3879  2.95E+01
     44  6  6  120   3 2s2 2p 4p       -8.48612E-02  7.61600E-01  5.0  5.672E-01  3.4328  1.23E+02
     45  6  6  120   4 2s2 2p 4f       -6.23658E-02  7.84095E-01  5.0 -4.301E-03  4.0043  7.08E+01
     46  6  6  120   5 2s2 2p 5p       -5.05820E-02  7.95879E-01  5.0  5.537E-01  4.4463  2.84E+02
     47  6  6  120   6 2s2 2p 5f       -3.99323E-02  8.06529E-01  5.0 -4.237E-03  5.0042  1.34E+02
     48  6  6  120   7 2s2 2p 6p       -3.36361E-02  8.12825E-01  5.0  5.475E-01  5.4525  5.31E+02
     49  6  6  120   8 2s2 2p 6f       -2.77404E-02  8.18721E-01  5.0 -4.041E-03  6.0040  2.25E+02
     50  6  6  120   9 2s2 2p 7p       -2.39929E-02  8.22468E-01  5.0  5.441E-01  6.4559  8.84E+02
     51  6  6  120  10 2s2 2p 7f       -2.03854E-02  8.26076E-01  5.0 -3.907E-03  7.0039  3.51E+02
     52  6  6  120  11 2s2 2p 8p       -1.79786E-02  8.28482E-01  5.0  5.420E-01  7.4580  1.36E+03
     53  6  6  120  12 2s2 2p 8f       -1.56101E-02  8.30851E-01  5.0 -3.817E-03  8.0038  5.17E+02
     54  6  6  120  13 2s2 2p 9p       -1.39741E-02  8.32487E-01  5.0  5.406E-01  8.4594  1.99E+03
     55  6  6  120  14 2s2 2p 9f       -1.23354E-02  8.34126E-01  5.0 -3.749E-03  9.0037  7.29E+02
     56  6  6  120  15 2s2 2p10p       -1.11735E-02  8.35288E-01  5.0  5.397E-01  9.4603  2.78E+03
     57  6  6  121   1 2s2 2p 3d       -1.22613E-01  7.23848E-01  5.0  1.442E-01  2.8558  1.31E+01
     58  6  6  121   2 2s2 2p 4d       -6.82600E-02  7.78201E-01  5.0  1.725E-01  3.8275  6.17E+01
     59  6  6  121   3 2s2 2p 5d       -4.32302E-02  8.03231E-01  5.0  1.904E-01  4.8096  2.09E+02
     60  6  6  121   4 2s2 2p 6d       -2.97432E-02  8.16718E-01  5.0  2.016E-01  5.7984  5.17E+02
     61  6  6  121   5 2s2 2p 7d       -2.16837E-02  8.24777E-01  5.0  2.090E-01  6.7910  9.91E+02
     62  6  6  121   6 2s2 2p 8d       -1.64961E-02  8.29965E-01  5.0  2.141E-01  7.7859  1.59E+03
     63  6  6  121   7 2s2 2p 9d       -1.29654E-02  8.33496E-01  5.0  2.177E-01  8.7823  2.30E+03
     64  6  6  121   8 2s2 2p10d       -1.04558E-02  8.36005E-01  5.0  2.204E-01  9.7796  3.13E+03
     65  6  6  130   1 2s2 2p 4f       -6.29373E-02  7.83524E-01  7.0  1.392E-02  3.9861  6.21E+01
     66  6  6  130   2 2s2 2p 5f       -4.02543E-02  8.06207E-01  7.0  1.582E-02  4.9842  1.14E+02
     67  6  6  130   3 2s2 2p 6f       -2.79306E-02  8.18530E-01  7.0  1.644E-02  5.9836  1.90E+02
     68  6  6  130   4 2s2 2p 7f       -2.05062E-02  8.25955E-01  7.0  1.675E-02  6.9832  2.95E+02
     69  6  6  130   5 2s2 2p 8f       -1.56914E-02  8.30770E-01  7.0  1.694E-02  7.9831  4.32E+02
     70  6  6  130   6 2s2 2p 9f       -1.23927E-02  8.34068E-01  7.0  1.709E-02  8.9829  6.07E+02
     71  6  6  130   7 2s2 2p10f       -1.00344E-02  8.36427E-01  7.0  1.716E-02  9.9828  8.25E+02
     72  6  6  131   1 2s2 2p 3d       -1.13385E-01  7.33076E-01  7.0  3.023E-02  2.9698  4.18E+00
     73  6  6  131   2 2s2 2p 4d       -6.35609E-02  7.82900E-01  7.0  3.352E-02  3.9665  8.54E+00
     74  6  6  131   3 2s2 2p 5d       -4.05524E-02  8.05909E-01  7.0  3.417E-02  4.9658  1.58E+01
     75  6  6  131   4 2s2 2p 5g       -3.99879E-02  8.06473E-01  7.0 -7.565E-04  5.0008  2.33E+02
     76  6  6  131   5 2s2 2p 6d       -2.80996E-02  8.18361E-01  7.0  3.446E-02  5.9655  2.66E+01
     77  6  6  131   6 2s2 2p 6g       -2.77675E-02  8.18694E-01  7.0 -1.110E-03  6.0011  4.01E+02
     78  6  6  131   7 2s2 2p 7d       -2.06115E-02  8.25849E-01  7.0  3.461E-02  6.9654  4.16E+01
     79  6  6  131   8 2s2 2p 7g       -2.04006E-02  8.26060E-01  7.0 -1.297E-03  7.0013  6.33E+02
     80  6  6  131   9 2s2 2p 8d       -1.57615E-02  8.30700E-01  7.0  3.472E-02  7.9653  6.13E+01
     81  6  6  131  10 2s2 2p 8g       -1.56195E-02  8.30841E-01  7.0 -1.408E-03  8.0014  9.38E+02
     82  6  6  131  11 2s2 2p 9d       -1.24417E-02  8.34019E-01  7.0  3.480E-02  8.9652  8.67E+01
     83  6  6  131  12 2s2 2p 9g       -1.23416E-02  8.34119E-01  7.0 -1.487E-03  9.0015  1.33E+03
     84  6  6  131  13 2s2 2p10d       -1.00701E-02  8.36391E-01  7.0  3.487E-02  9.9651  1.18E+02
     85  6  6  140   1 2s2 2p 4f       -6.25127E-02  7.83948E-01  9.0  4.064E-04  3.9996  6.95E+01
     86  6  6  140   2 2s2 2p 5f       -4.00150E-02  8.06446E-01  9.0  9.373E-04  4.9991  1.32E+02
     87  6  6  140   3 2s2 2p 6f       -2.77946E-02  8.18666E-01  9.0  1.816E-03  5.9982  2.62E+02
     88  6  6  140   4 2s2 2p 6h       -2.77718E-02  8.18689E-01  9.0 -6.456E-04  6.0006  4.32E+02
     89  6  6  140   5 2s2 2p 7f       -2.04212E-02  8.26040E-01  9.0  2.235E-03  6.9978  4.18E+02
     90  6  6  140   6 2s2 2p 7h       -2.04027E-02  8.26058E-01  9.0 -9.372E-04  7.0009  6.59E+02
     91  6  6  140   7 2s2 2p 8f       -1.56346E-02  8.30826E-01  9.0  2.456E-03  7.9975  6.19E+02
     92  6  6  140   8 2s2 2p 8h       -1.56207E-02  8.30840E-01  9.0 -1.101E-03  8.0011  9.72E+02
     93  6  6  140   9 2s2 2p 9f       -1.23529E-02  8.34108E-01  9.0  2.631E-03  8.9974  8.75E+02
     94  6  6  140  10 2s2 2p 9h       -1.23424E-02  8.34119E-01  9.0 -1.195E-03  9.0012  1.37E+03
     95  6  6  140  11 2s2 2p10f       -1.00054E-02  8.36456E-01  9.0  2.699E-03  9.9973  1.19E+03
     96  6  6  141   1 2s2 2p 5g       -4.00328E-02  8.06428E-01  9.0  2.049E-03  4.9980  2.30E+02
     97  6  6  141   2 2s2 2p 6g       -2.78070E-02  8.18654E-01  9.0  3.153E-03  5.9968  3.92E+02
     98  6  6  141   3 2s2 2p 7g       -2.04302E-02  8.26031E-01  9.0  3.776E-03  6.9962  6.15E+02
     99  6  6  141   4 2s2 2p 8g       -1.56412E-02  8.30820E-01  9.0  4.144E-03  7.9959  9.07E+02
    100  6  6  141   5 2s2 2p 9g       -1.23577E-02  8.34103E-01  9.0  4.378E-03  8.9956  1.28E+03
    101  6  6  141   6 2s2 2p10g       -1.00091E-02  8.36452E-01  9.0  4.547E-03  9.9955  1.75E+03
    102  6  6  150   1 2s2 2p 6h       -2.77791E-02  8.18682E-01 11.0  1.428E-04  5.9999  6.08E+02
    103  6  6  150   2 2s2 2p 7h       -2.04097E-02  8.26051E-01 11.0  2.635E-04  6.9997  9.57E+02
    104  6  6  150   3 2s2 2p 8h       -1.56265E-02  8.30835E-01 11.0  3.838E-04  7.9996  1.42E+03
    105  6  6  150   4 2s2 2p 9h       -1.23469E-02  8.34114E-01 11.0  4.450E-04  8.9996  2.01E+03
    106  6  6  150   5 2s2 2p10h       -1.00010E-02  8.36460E-01 11.0  5.000E-04  9.9995  2.74E+03
    107  6  6  151   1 2s2 2p 5g       -3.99974E-02  8.06464E-01 11.0 -1.626E-04  5.0002  2.35E+02
    108  6  6  151   2 2s2 2p 6g       -2.77757E-02  8.18685E-01 11.0 -2.245E-04  6.0002  4.03E+02
    109  6  6  151   3 2s2 2p 7i       -2.04085E-02  8.26052E-01 11.0  0.000E+00  6.9999  1.08E+03
    110  6  6  151   4 2s2 2p 7g       -2.04085E-02  8.26052E-01 11.0  0.000E+00  6.9999  1.04E+03
    111  6  6  151   5 2s2 2p 8i       -1.56255E-02  8.30836E-01 11.0  1.278E-04  7.9999  1.56E+03
    112  6  6  151   6 2s2 2p 8g       -1.56255E-02  8.30836E-01 11.0  1.278E-04  7.9999  1.56E+03
    113  6  6  151   7 2s2 2p 9i       -1.23461E-02  8.34115E-01 11.0  1.535E-04  8.9998  2.13E+03
    114  6  6  151   8 2s2 2p 9g       -1.23461E-02  8.34115E-01 11.0  1.535E-04  8.9998  2.12E+03
    115  6  6  151   9 2s2 2p10i       -1.00004E-02  8.36461E-01 11.0  2.001E-04  9.9998  2.84E+03
    116  6  6  160   1 2s2 2p 6h       -2.77776E-02  8.18683E-01 13.0  0.000E+00  6.0000  6.09E+02
    117  6  6  160   2 2s2 2p 7h       -2.04079E-02  8.26053E-01 13.0  0.000E+00  7.0000  9.59E+02
    118  6  6  160   3 2s2 2p 8h       -1.56250E-02  8.30836E-01 13.0  0.000E+00  8.0000  1.62E+03
    119  6  6  160   4 2s2 2p 8k       -1.56250E-02  8.30836E-01 13.0  0.000E+00  8.0000  1.62E+03
    120  6  6  160   5 2s2 2p 9h       -1.23457E-02  8.34115E-01 13.0  0.000E+00  9.0000  2.16E+03
    121  6  6  160   6 2s2 2p 9k       -1.23457E-02  8.34115E-01 13.0  0.000E+00  9.0000  2.16E+03
    122  6  6  160   7 2s2 2p10h       -1.00000E-02  8.36461E-01 13.0  0.000E+00 10.0000  2.87E+03
    123  6  6  161   1 2s2 2p 7i       -2.04082E-02  8.26053E-01 13.0  0.000E+00  7.0000  1.35E+03
    124  6  6  161   2 2s2 2p 8i       -1.56250E-02  8.30836E-01 13.0  0.000E+00  8.0000  2.01E+03
    125  6  6  161   3 2s2 2p 9i       -1.23457E-02  8.34115E-01 13.0  0.000E+00  9.0000  2.87E+03
    126  6  6  161   4 2s2 2p10i       -1.00000E-02  8.36461E-01 13.0  0.000E+00 10.0000  3.93E+03
    127  6  6  300   1 2s2 2p 3p       -1.96709E-01  6.49752E-01  3.0  7.453E-01  2.2547  3.90E+01
    128  6  6  300   2 2s2 2p 4p       -9.11288E-02  7.55332E-01  3.0  6.874E-01  3.3126  2.26E+02
    129  6  6  300   3 2s2 2p 5p       -5.33939E-02  7.93067E-01  3.0  6.723E-01  4.3277  5.65E+02
    130  6  6  300   4 2s2 2p 6p       -3.51454E-02  8.11316E-01  3.0  6.658E-01  5.3342  1.11E+03
    131  6  6  300   5 2s2 2p 7p       -2.48968E-02  8.21564E-01  3.0  6.624E-01  6.3376  1.90E+03
    132  6  6  300   6 2s2 2p 8p       -1.85625E-02  8.27899E-01  3.0  6.602E-01  7.3398  3.01E+03
    133  6  6  300   7 2s2 2p 9p       -1.43730E-02  8.32088E-01  3.0  6.588E-01  8.3412  4.49E+03
    134  6  6  300   8 2s2 2p10p       -1.14581E-02  8.35003E-01  3.0  6.579E-01  9.3421  6.38E+03
    135  6  6  301   1 2s 2p3:          1.19456E-01  9.65917E-01  3.0  0.000E+00  1.9629  2.92E-01
    136  6  6  301   2 2s2p2(4PE) 3p    2.37656E-01  1.08412E+00  3.0  3.402E-01  2.6598  3.77E-01
    137  6  6  301   3 2s2p2(4PE) 4p    2.95367E-01  1.14183E+00  3.0  5.423E-01  3.4577  1.83E+00
    138  6  6  301   4 2s2p2(4PE) 5p    3.27497E-01  1.17396E+00  3.0  5.939E-01  4.4061  7.67E+00
    139  6  6  301   5 2s2p2(4PE) 6p    3.44583E-01  1.19104E+00  3.0  6.103E-01  5.3897  2.07E+01
    140  6  6  301   6 2s2p2(4PE) 7p    3.54460E-01  1.20092E+00  3.0  6.175E-01  6.3825  4.31E+01
    141  6  6  301   7 2s2p2(4PE) 8p    3.60641E-01  1.20710E+00  3.0  6.213E-01  7.3787  7.67E+01
    142  6  6  301   8 2s2p2(4PE) 9p    3.64756E-01  1.21122E+00  3.0  6.235E-01  8.3765  1.23E+02
    143  6  6  301   9 2s2p2(4PE)10p    3.67630E-01  1.21409E+00  3.0  6.251E-01  9.3749  1.84E+02
    144  6  6  310   1 2s2 2p2         -8.46461E-01  0.00000E+00  9.0  0.000E+00  1.0869  1.00E+30
    145  6  6  310   2 2s2 2p 3p       -1.89330E-01  6.57131E-01  9.0  7.018E-01  2.2982  2.97E+01
    146  6  6  310   3 2s2 2p 4p       -8.90611E-02  7.57400E-01  9.0  6.491E-01  3.3509  1.49E+02
    147  6  6  310   4 2s2 2p 5p       -5.25151E-02  7.93946E-01  9.0  6.363E-01  4.3637  3.70E+02
    148  6  6  310   5 2s2 2p 6p       -3.46911E-02  8.11770E-01  9.0  6.310E-01  5.3690  7.08E+02
    149  6  6  310   6 2s2 2p 7p       -2.46324E-02  8.21829E-01  9.0  6.284E-01  6.3716  1.19E+03
    150  6  6  310   7 2s2 2p 8p       -1.83953E-02  8.28066E-01  9.0  6.270E-01  7.3730  1.84E+03
    151  6  6  310   8 2s2 2p 9p       -1.42606E-02  8.32200E-01  9.0  6.260E-01  8.3740  2.68E+03
    152  6  6  310   9 2s2 2p10p       -1.13789E-02  8.35082E-01  9.0  6.255E-01  9.3745  3.76E+03
    153  6  6  311   1 2s2 2p 3s       -2.96421E-01  5.50040E-01  9.0  1.163E+00  1.8367  2.78E+00
    154  6  6  311   2 2s 2p3          -1.52982E-01  6.93479E-01  9.0  0.000E+00  2.5567  4.19E+00
    155  6  6  311   3 2s2 2p 4s       -1.17444E-01  7.29017E-01  9.0  1.082E+00  2.9180  8.32E+00
    156  6  6  311   4 2s2 2p 3d       -1.07168E-01  7.39293E-01  9.0 -5.469E-02  3.0547  4.92E+00
    157  6  6  311   5 2s2 2p 5s       -6.50440E-02  7.81417E-01  9.0  1.079E+00  3.9210  1.48E+01
    158  6  6  311   6 2s2 2p 4d       -6.20564E-02  7.84405E-01  9.0 -1.427E-02  4.0143  1.35E+01
    159  6  6  311   7 2s2 2p 6s       -4.12436E-02  8.05217E-01  9.0  1.076E+00  4.9240  2.65E+01
    160  6  6  311   8 2s2 2p 5d       -3.99213E-02  8.06540E-01  9.0 -4.926E-03  5.0049  2.78E+01
    161  6  6  311   9 2s2 2p 7s       -2.84788E-02  8.17982E-01  9.0  1.074E+00  5.9257  4.38E+01
    162  6  6  311  10 2s2 2p 6d       -2.77704E-02  8.18691E-01  9.0 -7.970E-04  6.0008  4.93E+01
    163  6  6  311  11 2s2 2p 8s       -2.08427E-02  8.25618E-01  9.0  1.073E+00  6.9266  6.77E+01
    164  6  6  311  12 2s2 2p 7d       -2.04168E-02  8.26044E-01  9.0  1.481E-03  6.9985  7.98E+01
    165  6  6  311  13 2s2 2p 9s       -1.59131E-02  8.30548E-01  9.0  1.073E+00  7.9273  9.97E+01
    166  6  6  311  14 2s2 2p 8d       -1.56363E-02  8.30825E-01  9.0  2.891E-03  7.9971  1.20E+02
    167  6  6  311  15 2s2 2p10s       -1.25466E-02  8.33914E-01  9.0  1.072E+00  8.9276  1.40E+02
    168  6  6  311  16 2s2 2p 9d       -1.23562E-02  8.34105E-01  9.0  3.833E-03  8.9962  1.72E+02
    169  6  6  311  17 2s2 2p11s       -1.01457E-02  8.36315E-01  9.0  1.072E+00  9.9279  1.91E+02
    170  6  6  311  18 2s2 2p10d       -1.00090E-02  8.36452E-01  9.0  4.497E-03  9.9955  2.38E+02
    171  6  6  320   1 2s2 2p 3p       -2.07689E-01  6.38772E-01 15.0  8.057E-01  2.1943  5.29E+01
    172  6  6  320   2 2s2 2p 4p       -9.36608E-02  7.52800E-01 15.0  7.325E-01  3.2675  2.46E+02
    173  6  6  320   3 2s2 2p 4f       -6.23704E-02  7.84091E-01 15.0 -4.154E-03  4.0042  7.01E+01
    174  6  6  320   4 2s2 2p 5p       -5.44484E-02  7.92013E-01 15.0  7.144E-01  4.2856  5.13E+02
    175  6  6  320   5 2s2 2p 5f       -3.99354E-02  8.06526E-01 15.0 -4.042E-03  5.0040  1.31E+02
    176  6  6  320   6 2s2 2p 6p       -3.56899E-02  8.10771E-01 15.0  7.067E-01  5.2933  9.03E+02
    177  6  6  320   7 2s2 2p 6f       -2.77425E-02  8.18718E-01 15.0 -3.814E-03  6.0038  2.20E+02
    178  6  6  320   8 2s2 2p 7p       -2.52158E-02  8.21245E-01 15.0  7.026E-01  6.2974  1.45E+03
    179  6  6  320   9 2s2 2p 7f       -2.03868E-02  8.26074E-01 15.0 -3.667E-03  7.0037  3.43E+02
    180  6  6  320  10 2s2 2p 8p       -1.87657E-02  8.27695E-01 15.0  7.001E-01  7.2999  2.20E+03
    181  6  6  320  11 2s2 2p 8f       -1.56111E-02  8.30850E-01 15.0 -3.561E-03  8.0036  5.05E+02
    182  6  6  320  12 2s2 2p 9p       -1.45106E-02  8.31950E-01 15.0  6.985E-01  8.3015  3.18E+03
    183  6  6  320  13 2s2 2p 9f       -1.23361E-02  8.34125E-01 15.0 -3.493E-03  9.0035  7.11E+02
    184  6  6  320  14 2s2 2p10p       -1.15555E-02  8.34906E-01 15.0  6.974E-01  9.3026  4.42E+03
    185  6  6  321   1 2s 2p3          -2.62496E-01  5.83965E-01 15.0  0.000E+00  1.9518  8.52E+00
    186  6  6  321   2 2s2 2p 3d       -1.15589E-01  7.30872E-01 15.0  5.868E-02  2.9413  3.21E+00
    187  6  6  321   3 2s2 2p 4d       -6.44899E-02  7.81971E-01 15.0  6.220E-02  3.9378  6.70E+00
    188  6  6  321   4 2s2 2p 5d       -4.10604E-02  8.05401E-01 15.0  6.499E-02  4.9350  1.25E+01
    189  6  6  321   5 2s2 2p 6d       -2.84038E-02  8.18057E-01 15.0  6.649E-02  5.9335  2.10E+01
    190  6  6  321   6 2s2 2p 7d       -2.08068E-02  8.25654E-01 15.0  6.738E-02  6.9326  3.31E+01
    191  6  6  321   7 2s2 2p 8d       -1.58939E-02  8.30567E-01 15.0  6.796E-02  7.9320  4.91E+01
    192  6  6  321   8 2s2 2p 9d       -1.25353E-02  8.33926E-01 15.0  6.833E-02  8.9317  6.95E+01
    193  6  6  321   9 2s2 2p10d       -1.01386E-02  8.36322E-01 15.0  6.859E-02  9.9314  9.52E+01
    194  6  6  330   1 2s2 2p 4f       -6.29346E-02  7.83526E-01 21.0  1.384E-02  3.9862  6.37E+01
    195  6  6  330   2 2s2 2p 5f       -4.02521E-02  8.06209E-01 21.0  1.568E-02  4.9843  1.20E+02
    196  6  6  330   3 2s2 2p 6f       -2.79290E-02  8.18532E-01 21.0  1.627E-02  5.9837  2.01E+02
    197  6  6  330   4 2s2 2p 7f       -2.05051E-02  8.25956E-01 21.0  1.657E-02  6.9834  3.12E+02
    198  6  6  330   5 2s2 2p 8f       -1.56906E-02  8.30770E-01 21.0  1.674E-02  7.9833  4.59E+02
    199  6  6  330   6 2s2 2p 9f       -1.23921E-02  8.34069E-01 21.0  1.687E-02  8.9831  6.46E+02
    200  6  6  330   7 2s2 2p10f       -1.00340E-02  8.36427E-01 21.0  1.696E-02  9.9830  8.80E+02
    201  6  6  331   1 2s2 2p 3d       -1.16793E-01  7.29668E-01 21.0  7.388E-02  2.9261  2.59E+01
    202  6  6  331   2 2s2 2p 4d       -6.54102E-02  7.81051E-01 21.0  9.000E-02  3.9100  1.24E+02
    203  6  6  331   3 2s2 2p 5d       -4.15804E-02  8.04881E-01 21.0  9.594E-02  4.9041  3.68E+02
    204  6  6  331   4 2s2 2p 5g       -3.99882E-02  8.06473E-01 21.0 -7.376E-04  5.0007  2.36E+02
    205  6  6  331   5 2s2 2p 6d       -2.87173E-02  8.17744E-01 21.0  9.896E-02  5.9010  8.02E+02
    206  6  6  331   6 2s2 2p 6g       -2.77677E-02  8.18693E-01 21.0 -1.089E-03  6.0011  4.06E+02
    207  6  6  331   7 2s2 2p 7d       -2.10084E-02  8.25453E-01 21.0  1.007E-01  6.8993  1.45E+03
    208  6  6  331   8 2s2 2p 7g       -2.04007E-02  8.26060E-01 21.0 -1.280E-03  7.0013  6.40E+02
    209  6  6  331   9 2s2 2p 8d       -1.60305E-02  8.30431E-01 21.0  1.018E-01  7.8982  2.35E+03
    210  6  6  331  10 2s2 2p 8g       -1.56196E-02  8.30841E-01 21.0 -1.383E-03  8.0014  9.47E+02
    211  6  6  331  11 2s2 2p 9d       -1.26320E-02  8.33829E-01 21.0  1.026E-01  8.8974  3.50E+03
    212  6  6  331  12 2s2 2p 9g       -1.23417E-02  8.34119E-01 21.0 -1.451E-03  9.0015  1.34E+03
    213  6  6  331  13 2s2 2p10d       -1.02095E-02  8.36251E-01 21.0  1.031E-01  9.8969  4.95E+03
    214  6  6  340   1 2s2 2p 4f       -6.25193E-02  7.83942E-01 27.0  6.174E-04  3.9994  6.63E+01
    215  6  6  340   2 2s2 2p 5f       -4.00206E-02  8.06440E-01 27.0  1.287E-03  4.9987  1.22E+02
    216  6  6  340   3 2s2 2p 6f       -2.77978E-02  8.18663E-01 27.0  2.161E-03  5.9978  2.32E+02
    217  6  6  340   4 2s2 2p 6h       -2.77727E-02  8.18688E-01 27.0 -5.484E-04  6.0005  4.48E+02
    218  6  6  340   5 2s2 2p 7f       -2.04234E-02  8.26038E-01 27.0  2.612E-03  6.9974  3.66E+02
    219  6  6  340   6 2s2 2p 7h       -2.04034E-02  8.26058E-01 27.0 -8.170E-04  7.0008  6.74E+02
    220  6  6  340   7 2s2 2p 8f       -1.56362E-02  8.30825E-01 27.0  2.866E-03  7.9971  5.41E+02
    221  6  6  340   8 2s2 2p 8h       -1.56212E-02  8.30840E-01 27.0 -9.729E-04  8.0010  9.89E+02
    222  6  6  340   9 2s2 2p 9f       -1.23540E-02  8.34107E-01 27.0  3.031E-03  8.9970  7.60E+02
    223  6  6  340  10 2s2 2p 9h       -1.23428E-02  8.34118E-01 27.0 -1.049E-03  9.0010  1.39E+03
    224  6  6  340  11 2s2 2p10f       -1.00063E-02  8.36455E-01 27.0  3.149E-03  9.9969  1.04E+03
    225  6  6  341   1 2s2 2p 5g       -4.00328E-02  8.06428E-01 27.0  2.049E-03  4.9980  2.31E+02
    226  6  6  341   2 2s2 2p 6g       -2.78070E-02  8.18654E-01 27.0  3.153E-03  5.9968  3.92E+02
    227  6  6  341   3 2s2 2p 7g       -2.04302E-02  8.26031E-01 27.0  3.776E-03  6.9962  6.15E+02
    228  6  6  341   4 2s2 2p 8g       -1.56412E-02  8.30820E-01 27.0  4.144E-03  7.9959  9.09E+02
    229  6  6  341   5 2s2 2p 9g       -1.23577E-02  8.34103E-01 27.0  4.378E-03  8.9956  1.28E+03
    230  6  6  341   6 2s2 2p10g       -1.00091E-02  8.36452E-01 27.0  4.547E-03  9.9955  1.75E+03
    231  6  6  350   1 2s2 2p 6h       -2.77791E-02  8.18682E-01 33.0  1.428E-04  5.9999  6.07E+02
    232  6  6  350   2 2s2 2p 7h       -2.04097E-02  8.26051E-01 33.0  2.635E-04  6.9997  9.56E+02
    233  6  6  350   3 2s2 2p 8h       -1.56265E-02  8.30835E-01 33.0  3.838E-04  7.9996  1.42E+03
    234  6  6  350   4 2s2 2p 9h       -1.23469E-02  8.34114E-01 33.0  4.450E-04  8.9996  2.01E+03
    235  6  6  350   5 2s2 2p10h       -1.00010E-02  8.36460E-01 33.0  5.000E-04  9.9995  2.74E+03
    236  6  6  351   1 2s2 2p 5g       -3.99974E-02  8.06464E-01 33.0 -1.626E-04  5.0002  2.35E+02
    237  6  6  351   2 2s2 2p 6g       -2.77757E-02  8.18685E-01 33.0 -2.245E-04  6.0002  4.03E+02
    238  6  6  351   3 2s2 2p 7g       -2.04085E-02  8.26052E-01 33.0  0.000E+00  6.9999  1.07E+03
    239  6  6  351   4 2s2 2p 7i       -2.04085E-02  8.26052E-01 33.0  0.000E+00  6.9999  1.04E+03
    240  6  6  351   5 2s2 2p 8g       -1.56255E-02  8.30836E-01 33.0  1.278E-04  7.9999  1.56E+03
    241  6  6  351   6 2s2 2p 8i       -1.56255E-02  8.30836E-01 33.0  1.278E-04  7.9999  1.56E+03
    242  6  6  351   7 2s2 2p 9g       -1.23461E-02  8.34115E-01 33.0  1.535E-04  8.9998  2.12E+03
    243  6  6  351   8 2s2 2p 9i       -1.23461E-02  8.34115E-01 33.0  1.535E-04  8.9998  2.12E+03
    244  6  6  351   9 2s2 2p10g       -1.00004E-02  8.36461E-01 33.0  2.001E-04  9.9998  2.83E+03
    245  6  6  360   1 2s2 2p 6h       -2.77776E-02  8.18683E-01 39.0  0.000E+00  6.0000  6.08E+02
    246  6  6  360   2 2s2 2p 7h       -2.04079E-02  8.26053E-01 39.0  0.000E+00  7.0000  9.61E+02
    247  6  6  360   3 2s2 2p 8h       -1.56250E-02  8.30836E-01 39.0  0.000E+00  8.0000  1.63E+03
    248  6  6  360   4 2s2 2p 8k       -1.56250E-02  8.30836E-01 39.0  0.000E+00  8.0000  1.63E+03
    249  6  6  360   5 2s2 2p 9h       -1.23457E-02  8.34115E-01 39.0  0.000E+00  9.0000  2.17E+03
    250  6  6  360   6 2s2 2p 9k       -1.23457E-02  8.34115E-01 39.0  0.000E+00  9.0000  2.17E+03
    251  6  6  360   7 2s2 2p10h       -1.00000E-02  8.36461E-01 39.0  0.000E+00 10.0000  2.88E+03
    252  6  6  361   1 2s2 2p 7i       -2.04082E-02  8.26053E-01 39.0  0.000E+00  7.0000  1.35E+03
    253  6  6  361   2 2s2 2p 8i       -1.56250E-02  8.30836E-01 39.0  0.000E+00  8.0000  2.01E+03
    254  6  6  361   3 2s2 2p 9i       -1.23457E-02  8.34115E-01 39.0  0.000E+00  9.0000  2.87E+03
    255  6  6  361   4 2s2 2p10i       -1.00000E-02  8.36461E-01 39.0  0.000E+00 10.0000  3.93E+03
    256  6  6  501   1 2s 2p3          -5.50551E-01  2.95910E-01  5.0  0.000E+00  1.0372  1.00E+30
    257  6  6  501   2 2s2p2(4PE) 3p    1.99453E-01  1.04591E+00  5.0  6.401E-01  2.3599  2.64E+01
    258  6  6  501   3 2s2p2(4PE) 4p    2.92745E-01  1.13921E+00  5.0  5.952E-01  3.4048  1.15E+02
    259  6  6  501   4 2s2p2(4PE) 5p    3.27781E-01  1.17424E+00  5.0  5.817E-01  4.4183  2.89E+02
    260  6  6  501   5 2s2p2(4PE) 6p    3.45027E-01  1.19149E+00  5.0  5.752E-01  5.4248  5.66E+02
    261  6  6  501   6 2s2p2(4PE) 7p    3.54809E-01  1.20127E+00  5.0  5.716E-01  6.4284  9.71E+02
    262  6  6  501   7 2s2p2(4PE) 8p    3.60897E-01  1.20736E+00  5.0  5.693E-01  7.4307  1.53E+03
    263  6  6  501   8 2s2p2(4PE) 9p    3.64944E-01  1.21141E+00  5.0  5.677E-01  8.4323  2.26E+03
    264  6  6  501   9 2s2p2(4PE)10p    3.67770E-01  1.21423E+00  5.0  5.669E-01  9.4331  3.19E+03
    265  6  6  510   1 2s2p2(4PE) 3s    9.35423E-02  9.40003E-01 15.0  1.128E+00  1.8716  4.70E+00
    266  6  6  510   2 2s2p2(4PE) 4s    2.60733E-01  1.10719E+00 15.0  1.092E+00  2.9077  3.97E+00
    267  6  6  510   3 2s2p2(4PE) 3d    2.63472E-01  1.10993E+00 15.0  5.801E-02  2.9420  9.39E+00
    268  6  6  510   4 2s2p2(4PE) 5s    3.13529E-01  1.15999E+00 15.0  1.092E+00  3.9080  7.02E+00
    269  6  6  510   5 2s2p2(4PE) 4d    3.14960E-01  1.16142E+00 15.0  4.863E-02  3.9514  3.03E+01
    270  6  6  510   6 2s2p2(4PE) 6s    3.37502E-01  1.18396E+00 15.0  1.092E+00  4.9085  1.26E+01
    271  6  6  510   7 2s2p2(4PE) 5d    3.38256E-01  1.18472E+00 15.0  4.635E-02  4.9537  6.67E+01
    272  6  6  510   8 2s2p2(4PE) 7s    3.50365E-01  1.19683E+00 15.0  1.091E+00  5.9087  2.09E+01
    273  6  6  510   9 2s2p2(4PE) 6d    3.50807E-01  1.19727E+00 15.0  4.519E-02  5.9548  1.22E+02
    274  6  6  510  10 2s2p2(4PE) 8s    3.58057E-01  1.20452E+00 15.0  1.091E+00  6.9087  3.24E+01
    275  6  6  510  11 2s2p2(4PE) 7d    3.58338E-01  1.20480E+00 15.0  4.448E-02  6.9555  2.00E+02
    276  6  6  510  12 2s2p2(4PE) 9s    3.63021E-01  1.20948E+00 15.0  1.091E+00  7.9089  4.78E+01
    277  6  6  510  13 2s2p2(4PE) 8d    3.63209E-01  1.20967E+00 15.0  4.417E-02  7.9558  3.05E+02
    278  6  6  510  14 2s2p2(4PE)10s    3.66409E-01  1.21287E+00 15.0  1.091E+00  8.9091  6.77E+01
    279  6  6  510  15 2s2p2(4PE) 9d    3.66541E-01  1.21300E+00 15.0  4.390E-02  8.9561  4.40E+02
    280  6  6  510  16 2s2p2(4PE)11s    3.68824E-01  1.21529E+00 15.0  1.091E+00  9.9093  9.23E+01
    281  6  6  510  17 2s2p2(4PE)10d    3.68920E-01  1.21538E+00 15.0  4.371E-02  9.9563  6.08E+02
    282  6  6  511   1 2s2p2(4PE) 3p    1.86789E-01  1.03325E+00 15.0  7.191E-01  2.2809  4.43E+01
    283  6  6  511   2 2s2p2(4PE) 4p    2.88206E-01  1.13467E+00 15.0  6.814E-01  3.3186  2.32E+02
    284  6  6  511   3 2s2p2(4PE) 5p    3.25684E-01  1.17215E+00 15.0  6.695E-01  4.3305  5.63E+02
    285  6  6  511   4 2s2p2(4PE) 6p    3.43886E-01  1.19035E+00 15.0  6.641E-01  5.3359  1.08E+03
    286  6  6  511   5 2s2p2(4PE) 7p    3.54121E-01  1.20058E+00 15.0  6.611E-01  6.3389  1.83E+03
    287  6  6  511   6 2s2p2(4PE) 8p    3.60450E-01  1.20691E+00 15.0  6.594E-01  7.3406  2.86E+03
    288  6  6  511   7 2s2p2(4PE) 9p    3.64638E-01  1.21110E+00 15.0  6.580E-01  8.3420  4.23E+03
    289  6  6  511   8 2s2p2(4PE)10p    3.67552E-01  1.21401E+00 15.0  6.571E-01  9.3429  5.97E+03
    290  6  6  520   1 2s2p2(4PE) 3d    2.66736E-01  1.11320E+00 25.0  1.555E-02  2.9844  3.15E+01
    291  6  6  520   2 2s2p2(4PE) 4d    3.15418E-01  1.16188E+00 25.0  3.443E-02  3.9656  1.27E+02
    292  6  6  520   3 2s2p2(4PE) 5d    3.38349E-01  1.18481E+00 25.0  4.068E-02  4.9593  3.46E+02
    293  6  6  520   4 2s2p2(4PE) 6d    3.50820E-01  1.19728E+00 25.0  4.382E-02  5.9562  7.26E+02
    294  6  6  520   5 2s2p2(4PE) 7d    3.58330E-01  1.20479E+00 25.0  4.582E-02  6.9542  1.29E+03
    295  6  6  520   6 2s2p2(4PE) 8d    3.63198E-01  1.20966E+00 25.0  4.694E-02  7.9531  2.08E+03
    296  6  6  520   7 2s2p2(4PE) 9d    3.66530E-01  1.21299E+00 25.0  4.784E-02  8.9522  3.10E+03
    297  6  6  520   8 2s2p2(4PE)10d    3.68910E-01  1.21537E+00 25.0  4.863E-02  9.9514  4.38E+03
    298  6  6  521   1 2s2p2(4PE) 3p    1.77785E-01  1.02425E+00 25.0  7.707E-01  2.2293  5.60E+01
    299  6  6  521   2 2s2p2(4PE) 4p    2.85975E-01  1.13244E+00 25.0  7.215E-01  3.2785  2.81E+02
    300  6  6  521   3 2s2p2(4PE) 4f    3.16190E-01  1.16265E+00 25.0  1.014E-02  3.9899  6.61E+01
    301  6  6  521   4 2s2p2(4PE) 5p    3.24751E-01  1.17121E+00 25.0  7.069E-01  4.2931  6.16E+02
    302  6  6  521   5 2s2p2(4PE) 5f    3.38826E-01  1.18529E+00 25.0  1.134E-02  4.9887  1.25E+02
    303  6  6  521   6 2s2p2(4PE) 6p    3.43404E-01  1.18986E+00 25.0  7.003E-01  5.2997  1.10E+03
    304  6  6  521   7 2s2p2(4PE) 6f    3.51122E-01  1.19758E+00 25.0  1.165E-02  5.9883  2.11E+02
    305  6  6  521   8 2s2p2(4PE) 7p    3.53839E-01  1.20030E+00 25.0  6.967E-01  6.3033  1.78E+03
    306  6  6  521   9 2s2p2(4PE) 7f    3.58531E-01  1.20499E+00 25.0  1.178E-02  6.9882  3.29E+02
    307  6  6  521  10 2s2p2(4PE) 8p    3.60271E-01  1.20673E+00 25.0  6.945E-01  7.3055  2.70E+03
    308  6  6  521  11 2s2p2(4PE) 8f    3.63336E-01  1.20980E+00 25.0  1.200E-02  7.9880  4.84E+02
    309  6  6  521  12 2s2p2(4PE) 9p    3.64516E-01  1.21098E+00 25.0  6.932E-01  8.3068  3.90E+03
    310  6  6  521  13 2s2p2(4PE) 9f    3.66629E-01  1.21309E+00 25.0  1.212E-02  8.9879  6.81E+02
    311  6  6  521  14 2s2p2(4PE)10p    3.67465E-01  1.21393E+00 25.0  6.923E-01  9.3077  5.44E+03
    312  6  6  521  15 2s2p2(4PE)10f    3.68984E-01  1.21545E+00 25.0  1.197E-02  9.9880  9.28E+02
    313  6  6  530   1 2s2p2(4PE) 3d    2.61953E-01  1.10841E+00 35.0  7.716E-02  2.9228  3.08E+01
    314  6  6  530   2 2s2p2(4PE) 4d    3.13532E-01  1.15999E+00 35.0  9.196E-02  3.9080  1.47E+02
    315  6  6  530   3 2s2p2(4PE) 5d    3.37387E-01  1.18385E+00 35.0  9.833E-02  4.9017  4.28E+02
    316  6  6  530   4 2s2p2(4PE) 5g    3.38986E-01  1.18545E+00 35.0  1.374E-03  4.9986  2.32E+02
    317  6  6  530   5 2s2p2(4PE) 6d    3.50265E-01  1.19673E+00 35.0  1.016E-01  5.8984  9.20E+02
    318  6  6  530   6 2s2p2(4PE) 6g    3.51210E-01  1.19767E+00 35.0  2.182E-03  5.9978  3.95E+02
    319  6  6  530   7 2s2p2(4PE) 7d    3.57982E-01  1.20444E+00 35.0  1.036E-01  6.8964  1.64E+03
    320  6  6  530   8 2s2p2(4PE) 7g    3.58585E-01  1.20505E+00 35.0  2.542E-03  6.9975  6.22E+02
    321  6  6  530   9 2s2p2(4PE) 8d    3.62966E-01  1.20943E+00 35.0  1.047E-01  7.8953  2.62E+03
    322  6  6  530  10 2s2p2(4PE) 8g    3.63372E-01  1.20983E+00 35.0  2.814E-03  7.9972  9.19E+02
    323  6  6  530  11 2s2p2(4PE) 9d    3.66368E-01  1.21283E+00 35.0  1.054E-01  8.8946  3.88E+03
    324  6  6  530  12 2s2p2(4PE) 9g    3.66654E-01  1.21311E+00 35.0  3.027E-03  8.9970  1.30E+03
    325  6  6  530  13 2s2p2(4PE)10d    3.68792E-01  1.21525E+00 35.0  1.063E-01  9.8937  5.44E+03
    326  6  6  530  14 2s2p2(4PE)10g    3.69002E-01  1.21546E+00 35.0  2.989E-03  9.9970  1.77E+03
    327  6  6  531   1 2s2p2(4PE) 4f    3.16827E-01  1.16329E+00 35.0 -1.025E-02  4.0102  7.17E+01
    328  6  6  531   2 2s2p2(4PE) 5f    3.39185E-01  1.18565E+00 35.0 -1.110E-02  5.0111  1.33E+02
    329  6  6  531   3 2s2p2(4PE) 6f    3.51334E-01  1.19780E+00 35.0 -1.124E-02  6.0112  2.22E+02
    330  6  6  531   4 2s2p2(4PE) 7f    3.58665E-01  1.20513E+00 35.0 -1.120E-02  7.0112  3.45E+02
    331  6  6  531   5 2s2p2(4PE) 8f    3.63427E-01  1.20989E+00 35.0 -1.129E-02  8.0113  5.06E+02
    332  6  6  531   6 2s2p2(4PE) 9f    3.66693E-01  1.21315E+00 35.0 -1.120E-02  9.0112  7.12E+02
    333  6  6  540   1 2s2p2(4PE) 5g    3.39037E-01  1.18550E+00 45.0 -1.814E-03  5.0018  2.38E+02
    334  6  6  540   2 2s2p2(4PE) 6g    3.51255E-01  1.19772E+00 45.0 -2.678E-03  6.0027  4.12E+02
    335  6  6  540   3 2s2p2(4PE) 7g    3.58619E-01  1.20508E+00 45.0 -3.290E-03  7.0033  6.52E+02
    336  6  6  540   4 2s2p2(4PE) 8g    3.63397E-01  1.20986E+00 45.0 -3.588E-03  8.0036  9.69E+02
    337  6  6  540   5 2s2p2(4PE) 9g    3.66673E-01  1.21313E+00 45.0 -3.894E-03  9.0039  1.37E+03
    338  6  6  541   1 2s2p2(4PE) 4f    3.16349E-01  1.16281E+00 45.0  5.078E-03  3.9949  6.57E+01
    339  6  6  541   2 2s2p2(4PE) 5f    3.38914E-01  1.18537E+00 45.0  5.864E-03  4.9941  1.22E+02
    340  6  6  541   3 2s2p2(4PE) 6f    3.51171E-01  1.19763E+00 45.0  6.387E-03  5.9936  2.08E+02
    341  6  6  541   4 2s2p2(4PE) 6h    3.51232E-01  1.19769E+00 45.0 -1.917E-04  6.0002  5.66E+02
    342  6  6  541   5 2s2p2(4PE) 7f    3.58561E-01  1.20502E+00 45.0  6.649E-03  6.9934  3.27E+02
    343  6  6  541   6 2s2p2(4PE) 7h    3.58602E-01  1.20506E+00 45.0 -3.697E-04  7.0004  8.56E+02
    344  6  6  541   7 2s2p2(4PE) 8f    3.63356E-01  1.20982E+00 45.0  6.903E-03  7.9931  4.85E+02
    345  6  6  541   8 2s2p2(4PE) 8h    3.63384E-01  1.20985E+00 45.0 -2.594E-04  8.0003  1.23E+03
    346  6  6  541   9 2s2p2(4PE) 9f    3.66643E-01  1.21310E+00 45.0  7.028E-03  8.9930  6.88E+02
    347  6  6  541  10 2s2p2(4PE) 9h    3.66664E-01  1.21312E+00 45.0 -6.111E-04  9.0006  1.71E+03
    348  6  6  541  11 2s2p2(4PE)10f    3.68994E-01  1.21546E+00 45.0  6.991E-03  9.9930  9.40E+02
    349  6  6  550   1 2s2p2(4PE) 5g    3.38996E-01  1.18546E+00 55.0  7.500E-04  4.9992  2.33E+02
    350  6  6  550   2 2s2p2(4PE) 6g    3.51219E-01  1.19768E+00 55.0  1.211E-03  5.9988  3.99E+02
    351  6  6  550   3 2s2p2(4PE) 7g    3.58600E-01  1.20506E+00 55.0  0.000E+00  7.0000  1.38E+03
    352  6  6  550   4 2s2p2(4PE) 7i    3.58600E-01  1.20506E+00 55.0  0.000E+00  7.0000  1.38E+03
    353  6  6  550   5 2s2p2(4PE) 8g    3.63383E-01  1.20984E+00 55.0  0.000E+00  8.0000  2.02E+03
    354  6  6  550   6 2s2p2(4PE) 8i    3.63383E-01  1.20984E+00 55.0  0.000E+00  8.0000  2.02E+03
    355  6  6  550   7 2s2p2(4PE) 9g    3.66663E-01  1.21312E+00 55.0 -2.525E-04  9.0003  2.83E+03
    356  6  6  550   8 2s2p2(4PE) 9i    3.66663E-01  1.21312E+00 55.0 -2.525E-04  9.0003  2.84E+03
    357  6  6  550   9 2s2p2(4PE)10g    3.69008E-01  1.21547E+00 55.0  0.000E+00 10.0000  3.82E+03
    358  6  6  551   1 2s2p2(4PE) 6h    3.51232E-01  1.19769E+00 55.0 -1.917E-04  6.0002  1.00E+30
    359  6  6  551   2 2s2p2(4PE) 7h    3.58602E-01  1.20506E+00 55.0 -3.697E-04  7.0004  1.00E+30
    360  6  6  551   3 2s2p2(4PE) 8h    3.63385E-01  1.20985E+00 55.0 -5.112E-04  8.0005  1.00E+30
    361  6  6  551   4 2s2p2(4PE) 9h    3.66664E-01  1.21312E+00 55.0 -6.111E-04  9.0006  1.00E+30
 =================================================================================================