# Cut at z/height = 0.500000
# Variables: s/c, x, y, pressure, Cp, isoMach
5.158888e-05 -9.124544e-05 7.744711e-05 9.532402e-01 8.325249e-01 2.624541e-01
1.841772e-04 3.547576e-04 -1.811724e-04 9.677166e-01 8.843741e-01 2.170265e-01
0.000000e+00 -5.578656e-04 4.711581e-04 9.287040e-01 7.446457e-01 3.267858e-01
4.097971e-05 -1.036741e-03 1.007949e-03 8.922117e-01 6.139435e-01 4.069582e-01
2.442105e-04 -1.471104e-03 1.729532e-03 8.439543e-01 4.411035e-01 4.983345e-01
6.306723e-04 -1.834789e-03 2.639393e-03 7.920243e-01 2.551093e-01 5.868865e-01
1.218310e-03 -2.101975e-03 3.737073e-03 7.446358e-01 8.538125e-02 6.629336e-01
2.018661e-03 -2.253162e-03 5.019374e-03 7.090453e-01 -4.209086e-02 7.184227e-01
3.017922e-03 -2.300241e-03 6.478682e-03 6.833892e-01 -1.339813e-01 7.579727e-01
4.231304e-03 -2.215170e-03 8.108452e-03 6.639242e-01 -2.036977e-01 7.878688e-01
5.635448e-03 -2.019969e-03 9.897690e-03 6.494634e-01 -2.554910e-01 8.100701e-01
7.227340e-03 -1.700198e-03 1.182770e-02 6.381464e-01 -2.960244e-01 8.274621e-01
8.978932e-03 -1.273516e-03 1.387649e-02 6.297001e-01 -3.262760e-01 8.404616e-01
1.086254e-02 -7.489739e-04 1.601401e-02 6.227775e-01 -3.510703e-01 8.511329e-01
1.284252e-02 -1.418516e-04 1.820513e-02 6.173952e-01 -3.703476e-01 8.594424e-01
1.487770e-02 5.281167e-04 2.041142e-02 6.130529e-01 -3.859001e-01 8.661556e-01
1.692628e-02 1.242349e-03 2.259240e-02 6.097505e-01 -3.977282e-01 8.712672e-01
1.894529e-02 1.977904e-03 2.471026e-02 6.071966e-01 -4.068752e-01 8.752239e-01
2.089561e-02 2.713115e-03 2.673139e-02 6.048902e-01 -4.151357e-01 8.788002e-01
2.274537e-02 3.431434e-03 2.862728e-02 6.030505e-01 -4.217248e-01 8.816550e-01
2.446864e-02 4.115910e-03 3.037826e-02 6.015782e-01 -4.269981e-01 8.839411e-01
2.604880e-02 4.755944e-03 3.197141e-02 6.002502e-01 -4.317547e-01 8.860043e-01
2.747629e-02 5.342800e-03 3.340199e-02 5.991238e-01 -4.357889e-01 8.877550e-01
3.518409e-04 8.110037e-04 -4.004639e-04 9.766189e-01 9.162589e-01 1.841541e-01
6.434278e-04 1.401200e-03 -5.785688e-04 9.811570e-01 9.325128e-01 1.650739e-01
1.095846e-03 2.144203e-03 -6.821817e-04 9.770693e-01 9.178720e-01 1.823450e-01
1.742526e-03 3.051068e-03 -6.751095e-04 9.660362e-01 8.783558e-01 2.227268e-01
2.618496e-03 4.132033e-03 -5.180911e-04 9.485541e-01 8.157413e-01 2.757249e-01
3.755604e-03 5.390658e-03 -1.696717e-04 9.274477e-01 7.401459e-01 3.297946e-01
5.167188e-03 6.842677e-03 3.732642e-04 9.051842e-01 6.604062e-01 3.799399e-01
6.888498e-03 8.488597e-03 1.160025e-03 8.839045e-01 5.841901e-01 4.236031e-01
8.935864e-03 1.034061e-02 2.201503e-03 8.662593e-01 5.209917e-01 4.575655e-01
1.132571e-02 1.239987e-02 3.519745e-03 8.518468e-01 4.693715e-01 4.841464e-01
1.406266e-02 1.466559e-02 5.122089e-03 8.406510e-01 4.292721e-01 5.042037e-01
1.713873e-02 1.712503e-02 7.009966e-03 8.319912e-01 3.982558e-01 5.194122e-01
2.052834e-02 1.975630e-02 9.169151e-03 8.255903e-01 3.753304e-01 5.305000e-01
2.418679e-02 2.252801e-02 1.156782e-02 8.208576e-01 3.583796e-01 5.386210e-01
2.805100e-02 2.539403e-02 1.416299e-02 8.174338e-01 3.461167e-01 5.444574e-01
3.204192e-02 2.830174e-02 1.689554e-02 8.151633e-01 3.379847e-01 5.483107e-01
3.607025e-02 3.119350e-02 1.969690e-02 8.136643e-01 3.326159e-01 5.508473e-01
4.004405e-02 3.400997e-02 2.249650e-02 8.127146e-01 3.292142e-01 5.524516e-01
4.387656e-02 3.669842e-02 2.522444e-02 8.121662e-01 3.272500e-01 5.533770e-01
4.749349e-02 3.921415e-02 2.782042e-02 8.118725e-01 3.261984e-01 5.538721e-01
5.083780e-02 4.152269e-02 3.023829e-02 8.117611e-01 3.257991e-01 5.540600e-01
5.387215e-02 4.360518e-02 3.244418e-02 8.118856e-01 3.262453e-01 5.538500e-01
2.932253e-02 6.113613e-03 3.524042e-02 5.978888e-01 -4.402121e-01 8.896754e-01
3.155668e-02 7.063921e-03 3.744758e-02 5.967494e-01 -4.442931e-01 8.914481e-01
3.425215e-02 8.231103e-03 4.008983e-02 5.953228e-01 -4.494027e-01 8.936687e-01
3.749444e-02 9.663370e-03 4.323981e-02 5.935292e-01 -4.558268e-01 8.964625e-01
4.137940e-02 1.141596e-02 4.697773e-02 5.918358e-01 -4.618917e-01 8.991021e-01
4.601179e-02 1.355062e-02 5.138989e-02 5.899058e-01 -4.688044e-01 9.021130e-01
5.150452e-02 1.613873e-02 5.656451e-02 5.879268e-01 -4.758925e-01 9.052030e-01
5.797270e-02 1.925537e-02 6.258919e-02 5.860595e-01 -4.825803e-01 9.081211e-01
6.552864e-02 2.297882e-02 6.954435e-02 5.842601e-01 -4.890251e-01 9.109356e-01
7.427227e-02 2.738425e-02 7.749605e-02 5.825851e-01 -4.950246e-01 9.135579e-01
8.428128e-02 3.253915e-02 8.648661e-02 5.811022e-01 -5.003358e-01 9.158811e-01
9.559805e-02 3.849567e-02 9.652378e-02 5.800514e-01 -5.040991e-01 9.175282e-01
1.082164e-01 4.527927e-02 1.075733e-01 5.794974e-01 -5.060833e-01 9.183971e-01
1.220699e-01 5.288146e-02 1.195499e-01 5.795879e-01 -5.057593e-01 9.182552e-01
1.370244e-01 6.125206e-02 1.323142e-01 5.803494e-01 -5.030320e-01 9.170611e-01
1.528770e-01 7.029612e-02 1.456741e-01 5.817769e-01 -4.979192e-01 9.148238e-01
1.693618e-01 7.987312e-02 1.593947e-01 5.839998e-01 -4.899576e-01 9.113430e-01
1.861665e-01 8.980442e-02 1.732129e-01 5.868235e-01 -4.798442e-01 9.069270e-01
2.029540e-01 9.988534e-02 1.868574e-01 5.902466e-01 -4.675837e-01 9.015811e-01
2.193898e-01 1.099010e-01 2.000700e-01 5.941030e-01 -4.537717e-01 8.955685e-01
2.351675e-01 1.196463e-01 2.126229e-01 5.981463e-01 -4.392901e-01 8.892750e-01
2.500303e-01 1.289389e-01 2.243355e-01 6.024020e-01 -4.240477e-01 8.826619e-01
5.837395e-02 4.667646e-02 3.573516e-02 8.120556e-01 3.268542e-01 5.535634e-01
6.318776e-02 4.993748e-02 3.927738e-02 8.124028e-01 3.280975e-01 5.529778e-01
6.833172e-02 5.340054e-02 4.308414e-02 8.130020e-01 3.302436e-01 5.519664e-01
7.382432e-02 5.707535e-02 4.717188e-02 8.138029e-01 3.331124e-01 5.506130e-01
7.968476e-02 6.097519e-02 5.155444e-02 8.148157e-01 3.367396e-01 5.488995e-01
8.593251e-02 6.511171e-02 5.624771e-02 8.159230e-01 3.407057e-01 5.470228e-01
9.258729e-02 6.949639e-02 6.126805e-02 8.172547e-01 3.454754e-01 5.447617e-01
9.966921e-02 7.414320e-02 6.662991e-02 8.187074e-01 3.506784e-01 5.422900e-01
1.071982e-01 7.906352e-02 7.235005e-02 8.203080e-01 3.564111e-01 5.395600e-01
1.151942e-01 8.427134e-02 7.844276e-02 8.220495e-01 3.626484e-01 5.365817e-01
1.236767e-01 8.977838e-02 8.492388e-02 8.239186e-01 3.693429e-01 5.333758e-01
1.326650e-01 9.559828e-02 9.180691e-02 8.259218e-01 3.765175e-01 5.299289e-01
1.421775e-01 1.017440e-01 9.910495e-02 8.279989e-01 3.839571e-01 5.263422e-01
1.522315e-01 1.082267e-01 1.068312e-01 8.302002e-01 3.918413e-01 5.225272e-01
1.628432e-01 1.150593e-01 1.149959e-01 8.324844e-01 4.000225e-01 5.185525e-01
1.740272e-01 1.222530e-01 1.236083e-01 8.348339e-01 4.084376e-01 5.144470e-01
1.857963e-01 1.298185e-01 1.326757e-01 8.372586e-01 4.171217e-01 5.101914e-01
1.981611e-01 1.377647e-01 1.422044e-01 8.397518e-01 4.260517e-01 5.057946e-01
2.111296e-01 1.461009e-01 1.521962e-01 8.422850e-01 4.351247e-01 5.013053e-01
2.247070e-01 1.548339e-01 1.626517e-01 8.448292e-01 4.442370e-01 4.967734e-01
2.388952e-01 1.639694e-01 1.735681e-01 8.474001e-01 4.534451e-01 4.921695e-01
2.536929e-01 1.735111e-01 1.849395e-01 8.499787e-01 4.626806e-01 4.875265e-01
2.690945e-01 1.834615e-01 1.967558e-01 8.525481e-01 4.718834e-01 4.828738e-01
2.850907e-01 1.938201e-01 2.090042e-01 8.550923e-01 4.809957e-01 4.782402e-01
3.016675e-01 2.045840e-01 2.216679e-01 8.576072e-01 4.900030e-01 4.736330e-01
3.188065e-01 2.157476e-01 2.347263e-01 8.600828e-01 4.988699e-01 4.690707e-01
3.364846e-01 2.273032e-01 2.481547e-01 8.625021e-01 5.075348e-01 4.645856e-01
3.546738e-01 2.392390e-01 2.619253e-01 8.648587e-01 5.159751e-01 4.601904e-01
3.733416e-01 2.515415e-01 2.760055e-01 8.671382e-01 5.241397e-01 4.559134e-01
3.924505e-01 2.641922e-01 2.903609e-01 8.693362e-01 5.320118e-01 4.517650e-01
4.119588e-01 2.771716e-01 3.049521e-01 8.714410e-01 5.395507e-01 4.477691e-01
4.318202e-01 2.904547e-01 3.197386e-01 8.734404e-01 5.467116e-01 4.439517e-01
4.519849e-01 3.040146e-01 3.346769e-01 8.753425e-01 5.535244e-01 4.402998e-01
4.723995e-01 3.178213e-01 3.497215e-01 8.771307e-01 5.599290e-01 4.368483e-01
4.930076e-01 3.318417e-01 3.648260e-01 8.788038e-01 5.659215e-01 4.336022e-01
5.137507e-01 3.460400e-01 3.799435e-01 8.803640e-01 5.715095e-01 4.305605e-01
5.345686e-01 3.603787e-01 3.950261e-01 8.818044e-01 5.766684e-01 4.277393e-01
5.554001e-01 3.748178e-01 4.100275e-01 8.831271e-01 5.814060e-01 4.251372e-01
5.761837e-01 3.893169e-01 4.249013e-01 8.843290e-01 5.857105e-01 4.227636e-01
5.968587e-01 4.038331e-01 4.396045e-01 8.854140e-01 5.895967e-01 4.206127e-01
6.173654e-01 4.183244e-01 4.540948e-01 8.863919e-01 5.930993e-01 4.186675e-01
6.376462e-01 4.327490e-01 4.683326e-01 8.872500e-01 5.961726e-01 4.169556e-01
6.576459e-01 4.470643e-01 4.822823e-01 8.880015e-01 5.988641e-01 4.154524e-01
6.773125e-01 4.612305e-01 4.959104e-01 8.886480e-01 6.011797e-01 4.141560e-01
6.965977e-01 4.752075e-01 5.091886e-01 8.891975e-01 6.031479e-01 4.130519e-01
7.154573e-01 4.889599e-01 5.220900e-01 8.896467e-01 6.047566e-01 4.121478e-01
7.338515e-01 5.024519e-01 5.345940e-01 8.899989e-01 6.060180e-01 4.114380e-01
7.517450e-01 5.156528e-01 5.466816e-01 8.902629e-01 6.069638e-01 4.109052e-01
7.691075e-01 5.285334e-01 5.583389e-01 8.904452e-01 6.076167e-01 4.105371e-01
7.859134e-01 5.410686e-01 5.695550e-01 8.905533e-01 6.080037e-01 4.103189e-01
8.021420e-01 5.532357e-01 5.803234e-01 8.906187e-01 6.082380e-01 4.101867e-01
8.177772e-01 5.650164e-01 5.906395e-01 8.906412e-01 6.083186e-01 4.101412e-01
8.328076e-01 5.763959e-01 6.005020e-01 8.905699e-01 6.080631e-01 4.102853e-01
8.472261e-01 5.873614e-01 6.099138e-01 8.904650e-01 6.076877e-01 4.104971e-01
8.610294e-01 5.979053e-01 6.188777e-01 8.903218e-01 6.071745e-01 4.107865e-01
8.742183e-01 6.080214e-01 6.274012e-01 8.901316e-01 6.064933e-01 4.111703e-01
8.867967e-01 6.177070e-01 6.354923e-01 8.899227e-01 6.057454e-01 4.115915e-01
8.987717e-01 6.269627e-01 6.431606e-01 8.896755e-01 6.048598e-01 4.120898e-01
9.101533e-01 6.357903e-01 6.504182e-01 8.894124e-01 6.039175e-01 4.126196e-01
9.209535e-01 6.441950e-01 6.572772e-01 8.891366e-01 6.029297e-01 4.131744e-01
9.311865e-01 6.521836e-01 6.637506e-01 8.888387e-01 6.018626e-01 4.137731e-01
9.408685e-01 6.597637e-01 6.698538e-01 8.885534e-01 6.008408e-01 4.143459e-01
9.500165e-01 6.669461e-01 6.756000e-01 8.882717e-01 5.998320e-01 4.149108e-01
9.586491e-01 6.737411e-01 6.810053e-01 8.880145e-01 5.989107e-01 4.154263e-01
9.667855e-01 6.801613e-01 6.860840e-01 8.878094e-01 5.981760e-01 4.158370e-01
9.744455e-01 6.862192e-01 6.908517e-01 8.876772e-01 5.977025e-01 4.161016e-01
9.816492e-01 6.919290e-01 6.953229e-01 8.876203e-01 5.974989e-01 4.162153e-01
9.884172e-01 6.973040e-01 6.995128e-01 8.877153e-01 5.978393e-01 4.160252e-01
9.947697e-01 7.023587e-01 7.034360e-01 8.879316e-01 5.986137e-01 4.155924e-01
1.000727e+00 7.071070e-01 7.071070e-01 8.868011e-01 5.945649e-01 4.178518e-01
2.649835e-01 1.383941e-01 2.360133e-01 6.068105e-01 -4.082579e-01 8.758223e-01
2.798911e-01 1.479236e-01 2.475523e-01 6.114051e-01 -3.918017e-01 8.687053e-01
2.947463e-01 1.575186e-01 2.589517e-01 6.161458e-01 -3.748225e-01 8.613731e-01
3.095430e-01 1.671721e-01 2.702099e-01 6.209857e-01 -3.574877e-01 8.538978e-01
3.242751e-01 1.768765e-01 2.813261e-01 6.259270e-01 -3.397897e-01 8.462757e-01
3.389368e-01 1.866248e-01 2.922988e-01 6.309366e-01 -3.218473e-01 8.385572e-01
3.535225e-01 1.964101e-01 3.031271e-01 6.359959e-01 -3.037268e-01 8.307701e-01
3.680268e-01 2.062254e-01 3.138103e-01 6.410575e-01 -2.855980e-01 8.229860e-01
3.824445e-01 2.160653e-01 3.243465e-01 6.461655e-01 -2.673030e-01 8.151360e-01
3.967705e-01 2.259226e-01 3.347358e-01 6.512773e-01 -2.489944e-01 8.072845e-01
4.110000e-01 2.357921e-01 3.449766e-01 6.563821e-01 -2.307110e-01 7.994466e-01
4.251284e-01 2.456660e-01 3.550699e-01 6.614171e-01 -2.126773e-01 7.917173e-01
4.391513e-01 2.555405e-01 3.650135e-01 6.664028e-01 -1.948206e-01 7.840640e-01
4.530643e-01 2.654099e-01 3.748070e-01 6.714131e-01 -1.768754e-01 7.763718e-01
4.668634e-01 2.752681e-01 3.844508e-01 6.763397e-01 -1.592300e-01 7.688056e-01
4.805448e-01 2.851101e-01 3.939444e-01 6.811909e-01 -1.418549e-01 7.613519e-01
4.941047e-01 2.949316e-01 4.032866e-01 6.860238e-01 -1.245451e-01 7.539214e-01
5.075397e-01 3.047263e-01 4.124792e-01 6.907643e-01 -1.075664e-01 7.466273e-01
5.208463e-01 3.144908e-01 4.215207e-01 6.954247e-01 -9.087475e-02 7.394497e-01
5.340215e-01 3.242197e-01 4.304119e-01 7.000350e-01 -7.436235e-02 7.323415e-01
5.470624e-01 3.339088e-01 4.391530e-01 7.045439e-01 -5.821321e-02 7.253811e-01
5.599660e-01 3.435541e-01 4.477441e-01 7.089886e-01 -4.229396e-02 7.185104e-01
5.727299e-01 3.531514e-01 4.561857e-01 7.133557e-01 -2.665237e-02 7.117495e-01
5.853515e-01 3.626965e-01 4.644784e-01 7.176400e-01 -1.130764e-02 7.051061e-01
5.978287e-01 3.721863e-01 4.726222e-01 7.218638e-01 3.820430e-03 6.985451e-01
6.101593e-01 3.816159e-01 4.806192e-01 7.259831e-01 1.857433e-02 6.921345e-01
6.223415e-01 3.909830e-01 4.884689e-01 7.300205e-01 3.303479e-02 6.858391e-01
6.343734e-01 4.002839e-01 4.961723e-01 7.340099e-01 4.732325e-02 6.796058e-01
6.462536e-01 4.095153e-01 5.037308e-01 7.379104e-01 6.129341e-02 6.734980e-01
6.579805e-01 4.186741e-01 5.111454e-01 7.417298e-01 7.497287e-02 6.675039e-01
6.695529e-01 4.277578e-01 5.184166e-01 7.454861e-01 8.842688e-02 6.615946e-01
6.809697e-01 4.367633e-01 5.255462e-01 7.491751e-01 1.016393e-01 6.557773e-01
6.922300e-01 4.456881e-01 5.325352e-01 7.527850e-01 1.145687e-01 6.500702e-01
7.033328e-01 4.545300e-01 5.393847e-01 7.563392e-01 1.272985e-01 6.444366e-01
7.142776e-01 4.632865e-01 5.460962e-01 7.598357e-01 1.398218e-01 6.388794e-01
7.250636e-01 4.719560e-01 5.526703e-01 7.632977e-01 1.522212e-01 6.333619e-01
7.356910e-01 4.805346e-01 5.591110e-01 7.666506e-01 1.642302e-01 6.280029e-01
7.461587e-01 4.890229e-01 5.654166e-01 7.699629e-01 1.760936e-01 6.226934e-01
7.564672e-01 4.974178e-01 5.715903e-01 7.732694e-01 1.879362e-01 6.173774e-01
7.666162e-01 5.057177e-01 5.776337e-01 7.764865e-01 1.994587e-01 6.121890e-01
7.766059e-01 5.139215e-01 5.835481e-01 7.796735e-01 2.108735e-01 6.070329e-01
7.864364e-01 5.220274e-01 5.893354e-01 7.828148e-01 2.221243e-01 6.019345e-01
7.961082e-01 5.300346e-01 5.949970e-01 7.859194e-01 2.332439e-01 5.968788e-01
8.056215e-01 5.379417e-01 6.005349e-01 7.889933e-01 2.442534e-01 5.918562e-01
8.149771e-01 5.457477e-01 6.059508e-01 7.920275e-01 2.551207e-01 5.868813e-01
8.241754e-01 5.534518e-01 6.112464e-01 7.950337e-01 2.658877e-01 5.819347e-01
8.332171e-01 5.610534e-01 6.164233e-01 7.980299e-01 2.766192e-01 5.769864e-01
8.421034e-01 5.685512e-01 6.214842e-01 8.009834e-01 2.871974e-01 5.720906e-01
8.508347e-01 5.759454e-01 6.264297e-01 8.039277e-01 2.977428e-01 5.671912e-01
8.594123e-01 5.832348e-01 6.312629e-01 8.068595e-01 3.082436e-01 5.622933e-01
8.678370e-01 5.904198e-01 6.359843e-01 8.097825e-01 3.187127e-01 5.573904e-01
8.761103e-01 5.974993e-01 6.405972e-01 8.127052e-01 3.291808e-01 5.524674e-01
8.842331e-01 6.044737e-01 6.451025e-01 8.156174e-01 3.396109e-01 5.475412e-01
8.922068e-01 6.113422e-01 6.495031e-01 8.185292e-01 3.500401e-01 5.425935e-01
9.000327e-01 6.181057e-01 6.537996e-01 8.214561e-01 3.605230e-01 5.375975e-01
9.077122e-01 6.247633e-01 6.579953e-01 8.243947e-01 3.710483e-01 5.325575e-01
9.152465e-01 6.313164e-01 6.620903e-01 8.273731e-01 3.817158e-01 5.274241e-01
9.226375e-01 6.377638e-01 6.660883e-01 8.303893e-01 3.925185e-01 5.221988e-01
9.298863e-01 6.441068e-01 6.699899e-01 8.334366e-01 4.034330e-01 5.168908e-01
9.369949e-01 6.503450e-01 6.737981e-01 8.365510e-01 4.145876e-01 5.114352e-01
9.439645e-01 6.564797e-01 6.775133e-01 8.397472e-01 4.260352e-01 5.058027e-01
9.507969e-01 6.625110e-01 6.811380e-01 8.430770e-01 4.379613e-01 4.998971e-01
9.574942e-01 6.684385e-01 6.846756e-01 8.464926e-01 4.501946e-01 4.937975e-01
9.640575e-01 6.742640e-01 6.881258e-01 8.500859e-01 4.630647e-01 4.873328e-01
9.704888e-01 6.799878e-01 6.914913e-01 8.539507e-01 4.769069e-01 4.803227e-01
9.767897e-01 6.856107e-01 6.947734e-01 8.581830e-01 4.920654e-01 4.725743e-01
9.829622e-01 6.911333e-01 6.979742e-01 8.628726e-01 5.088616e-01 4.638964e-01
9.890081e-01 6.965563e-01 7.010957e-01 8.682545e-01 5.281377e-01 4.538096e-01
9.949291e-01 7.018805e-01 7.041394e-01 8.718804e-01 5.411245e-01 4.469319e-01
