# Variables: 1:pos.x 2:pos.y 3:pos.z 4:volume 5:rho 6:vel.x 7:vel.y 8:vel.z 9:p 10:a 11:mu 12:k[0] 13:mu_t 14:k_t 15:S 16:tke 17:omega 18:massf[0] 19:massf[1] 20:dt_chem 21:e[0] 22:T[0]
 -1.980000e-05 5.500000e-02 5.000000e-03 4.000000e-11 1.233226e+00 1.121333e-04 5.212137e-09 1.827929e-08 9.999995e+04 3.369323e+02 1.663954e-05 2.421515e-02 0.000000e+00 0.000000e+00 0.000000e+00 0.000000e+00 1.000000e+00 9.999912e-01 8.794931e-06 -1.000000e+00 2.027203e+05 2.732000e+02
 -1.940000e-05 5.500000e-02 5.000000e-03 4.000000e-11 1.233226e+00 3.909337e-04 1.159168e-08 2.682432e-08 9.999992e+04 3.369322e+02 1.663954e-05 2.421515e-02 0.000000e+00 0.000000e+00 0.000000e+00 0.000000e+00 1.000000e+00 9.999897e-01 1.025412e-05 -1.000000e+00 2.027202e+05 2.731999e+02
 -1.900000e-05 5.500000e-02 5.000000e-03 4.000000e-11 1.233226e+00 6.673214e-04 8.311394e-09 5.295125e-08 9.999988e+04 3.369321e+02 1.663955e-05 2.421515e-02 0.000000e+00 0.000000e+00 0.000000e+00 0.000000e+00 1.000000e+00 9.999866e-01 1.336962e-05 -1.000000e+00 2.027201e+05 2.731999e+02
 -1.860000e-05 5.500000e-02 5.000000e-03 4.000000e-11 1.233226e+00 9.765843e-04 5.182687e-09 1.011537e-07 9.999980e+04 3.369320e+02 1.663956e-05 2.421514e-02 0.000000e+00 0.000000e+00 0.000000e+00 0.000000e+00 1.000000e+00 9.999814e-01 1.855551e-05 -1.000000e+00 2.027200e+05 2.731999e+02
 -1.820000e-05 5.500000e-02 5.000000e-03 4.000000e-11 1.233226e+00 1.309850e-03 4.440100e-10 1.491314e-07 9.999970e+04 3.369318e+02 1.663957e-05 2.421514e-02 0.000000e+00 0.000000e+00 0.000000e+00 0.000000e+00 1.000000e+00 9.999735e-01 2.648382e-05 -1.000000e+00 2.027197e+05 2.731998e+02
 -1.780000e-05 5.500000e-02 5.000000e-03 4.000000e-11 1.233227e+00 1.689652e-03 1.079325e-08 1.828702e-07 9.999957e+04 3.369315e+02 1.663959e-05 2.421513e-02 0.000000e+00 0.000000e+00 0.000000e+00 0.000000e+00 1.000000e+00 9.999619e-01 3.814880e-05 -1.000000e+00 2.027193e+05 2.731997e+02
 -1.740000e-05 5.500000e-02 5.000000e-03 4.000000e-11 1.233228e+00 2.119579e-03 2.614989e-10 2.024414e-07 9.999941e+04 3.369311e+02 1.663962e-05 2.421513e-02 0.000000e+00 0.000000e+00 0.000000e+00 0.000000e+00 1.000000e+00 9.999450e-01 5.495825e-05 -1.000000e+00 2.027188e+05 2.731995e+02
 -1.700000e-05 5.500000e-02 5.000000e-03 4.000000e-11 1.233230e+00 2.613002e-03 3.465835e-09 2.077419e-07 9.999922e+04 3.369305e+02 1.663967e-05 2.421512e-02 0.000000e+00 0.000000e+00 0.000000e+00 0.000000e+00 1.000000e+00 9.999211e-01 7.885647e-05 -1.000000e+00 2.027181e+05 2.731994e+02
 -1.660000e-05 5.500000e-02 5.000000e-03 4.000000e-11 1.233233e+00 3.174368e-03 -1.616551e-08 2.082006e-07 9.999899e+04 3.369296e+02 1.663974e-05 2.421512e-02 0.000000e+00 0.000000e+00 0.000000e+00 0.000000e+00 1.000000e+00 9.998875e-01 1.124844e-04 -1.000000e+00 2.027171e+05 2.731992e+02
 -1.620000e-05 5.500000e-02 5.000000e-03 4.000000e-11 1.233238e+00 3.813933e-03 -5.228533e-09 2.094077e-07 9.999872e+04 3.369285e+02 1.663983e-05 2.421511e-02 0.000000e+00 0.000000e+00 0.000000e+00 0.000000e+00 1.000000e+00 9.998406e-01 1.593840e-04 -1.000000e+00 2.027158e+05 2.731990e+02
 -1.580000e-05 5.500000e-02 5.000000e-03 4.000000e-11 1.233245e+00 4.537873e-03 2.358510e-09 2.247895e-07 9.999841e+04 3.369270e+02 1.663997e-05 2.421511e-02 0.000000e+00 0.000000e+00 0.000000e+00 0.000000e+00 1.000000e+00 9.997757e-01 2.242533e-04 -1.000000e+00 2.027140e+05 2.731988e+02
 -1.540000e-05 5.500000e-02 5.000000e-03 4.000000e-11 1.233256e+00 5.353763e-03 -1.076335e-08 2.587953e-07 9.999805e+04 3.369250e+02 1.664016e-05 2.421511e-02 0.000000e+00 0.000000e+00 0.000000e+00 0.000000e+00 1.000000e+00 9.996867e-01 3.132618e-04 -1.000000e+00 2.027115e+05 2.731985e+02
 -1.500000e-05 5.500000e-02 5.000000e-03 4.000000e-11 1.233271e+00 6.262323e-03 3.827161e-09 2.912316e-07 9.999765e+04 3.369222e+02 1.664041e-05 2.421511e-02 0.000000e+00 0.000000e+00 0.000000e+00 0.000000e+00 1.000000e+00 9.995656e-01 4.344309e-04 -1.000000e+00 2.027082e+05 2.731982e+02
 -1.460000e-05 5.500000e-02 5.000000e-03 4.000000e-11 1.233292e+00 7.265009e-03 2.200527e-09 3.089509e-07 9.999719e+04 3.369186e+02 1.664077e-05 2.421512e-02 0.000000e+00 0.000000e+00 0.000000e+00 0.000000e+00 1.000000e+00 9.994019e-01 5.980895e-04 -1.000000e+00 2.027038e+05 2.731978e+02
 -1.420000e-05 5.500000e-02 5.000000e-03 4.000000e-11 1.233321e+00 8.360852e-03 4.417216e-09 3.137275e-07 9.999668e+04 3.369137e+02 1.664124e-05 2.421514e-02 0.000000e+00 0.000000e+00 0.000000e+00 0.000000e+00 1.000000e+00 9.991826e-01 8.174084e-04 -1.000000e+00 2.026980e+05 2.731974e+02
 -1.380000e-05 5.500000e-02 5.000000e-03 4.000000e-11 1.233361e+00 9.547925e-03 -7.386146e-10 3.070546e-07 9.999611e+04 3.369074e+02 1.664188e-05 2.421517e-02 0.000000e+00 0.000000e+00 0.000000e+00 0.000000e+00 1.000000e+00 9.988910e-01 1.109017e-03 -1.000000e+00 2.026903e+05 2.731970e+02
 -1.340000e-05 5.500000e-02 5.000000e-03 4.000000e-11 1.233414e+00 1.081750e-02 1.678751e-08 2.844596e-07 9.999548e+04 3.368990e+02 1.664272e-05 2.421523e-02 0.000000e+00 0.000000e+00 0.000000e+00 0.000000e+00 1.000000e+00 9.985063e-01 1.493701e-03 -1.000000e+00 2.026802e+05 2.731965e+02
 -1.300000e-05 5.500000e-02 5.000000e-03 4.000000e-11 1.233486e+00 1.215633e-02 2.571304e-09 2.446245e-07 9.999480e+04 3.368881e+02 1.664383e-05 2.421530e-02 0.000000e+00 0.000000e+00 0.000000e+00 0.000000e+00 1.000000e+00 9.980028e-01 1.997181e-03 -1.000000e+00 2.026671e+05 2.731960e+02
 -1.260000e-05 5.500000e-02 5.000000e-03 4.000000e-11 1.233580e+00 1.354573e-02 1.386205e-08 1.822364e-07 9.999406e+04 3.368740e+02 1.664528e-05 2.421541e-02 0.000000e+00 0.000000e+00 0.000000e+00 0.000000e+00 1.000000e+00 9.973491e-01 2.650949e-03 -1.000000e+00 2.026502e+05 2.731954e+02
 -1.220000e-05 5.500000e-02 5.000000e-03 4.000000e-11 1.233702e+00 1.496360e-02 -3.287470e-09 8.970838e-08 9.999326e+04 3.368560e+02 1.664715e-05 2.421555e-02 0.000000e+00 0.000000e+00 0.000000e+00 0.000000e+00 1.000000e+00 9.965068e-01 3.493157e-03 -1.000000e+00 2.026285e+05 2.731948e+02
 -1.180000e-05 5.500000e-02 5.000000e-03 4.000000e-11 1.233860e+00 1.638054e-02 2.109742e-08 -3.508543e-08 9.999242e+04 3.368330e+02 1.664955e-05 2.421575e-02 0.000000e+00 0.000000e+00 0.000000e+00 0.000000e+00 1.000000e+00 9.954305e-01 4.569522e-03 -1.000000e+00 2.026008e+05 2.731941e+02
 -1.140000e-05 5.500000e-02 5.000000e-03 4.000000e-11 1.234062e+00 1.776025e-02 -2.342898e-09 -2.006919e-07 9.999153e+04 3.368039e+02 1.665260e-05 2.421601e-02 0.000000e+00 0.000000e+00 0.000000e+00 0.000000e+00 1.000000e+00 9.940658e-01 5.934207e-03 -1.000000e+00 2.025658e+05 2.731934e+02
 -1.100000e-05 5.500000e-02 5.000000e-03 4.000000e-11 1.234318e+00 1.905995e-02 6.601365e-09 -4.138299e-07 9.999060e+04 3.367674e+02 1.665644e-05 2.421635e-02 0.000000e+00 0.000000e+00 0.000000e+00 0.000000e+00 1.000000e+00 9.923494e-01 7.650636e-03 -1.000000e+00 2.025219e+05 2.731927e+02
 -1.060000e-05 5.500000e-02 5.000000e-03 4.000000e-11 1.234639e+00 2.023225e-02 -5.750890e-09 -6.952173e-07 9.998964e+04 3.367220e+02 1.666124e-05 2.421678e-02 0.000000e+00 0.000000e+00 0.000000e+00 0.000000e+00 1.000000e+00 9.902078e-01 9.792184e-03 -1.000000e+00 2.024673e+05 2.731920e+02
 -1.020000e-05 5.500000e-02 5.000000e-03 4.000000e-11 1.235039e+00 2.122146e-02 2.723066e-08 -1.046297e-06 9.998867e+04 3.366658e+02 1.666720e-05 2.421733e-02 0.000000e+00 0.000000e+00 0.000000e+00 0.000000e+00 1.000000e+00 9.875573e-01 1.244266e-02 -1.000000e+00 2.023998e+05 2.731912e+02
 -9.800000e-06 5.500000e-02 5.000000e-03 4.000000e-11 1.235532e+00 2.197160e-02 1.416746e-08 -1.478125e-06 9.998770e+04 3.365970e+02 1.667452e-05 2.421801e-02 0.000000e+00 0.000000e+00 0.000000e+00 0.000000e+00 1.000000e+00 9.843035e-01 1.569653e-02 -1.000000e+00 2.023171e+05 2.731904e+02
 -9.400000e-06 5.500000e-02 5.000000e-03 4.000000e-11 1.236135e+00 2.243520e-02 4.210391e-08 -1.986722e-06 9.998673e+04 3.365133e+02 1.668346e-05 2.421885e-02 0.000000e+00 0.000000e+00 0.000000e+00 0.000000e+00 1.000000e+00 9.803412e-01 1.965876e-02 -1.000000e+00 2.022165e+05 2.731897e+02
 -9.000000e-06 5.500000e-02 5.000000e-03 4.000000e-11 1.236866e+00 2.261737e-02 3.044966e-08 -2.578792e-06 9.998576e+04 3.364123e+02 1.669427e-05 2.421989e-02 0.000000e+00 0.000000e+00 0.000000e+00 0.000000e+00 1.000000e+00 9.755558e-01 2.444424e-02 -1.000000e+00 2.020950e+05 2.731889e+02
 -8.600000e-06 5.500000e-02 5.000000e-03 4.000000e-11 1.237743e+00 2.245538e-02 5.835009e-08 -3.293703e-06 9.998472e+04 3.362913e+02 1.670724e-05 2.422113e-02 0.000000e+00 0.000000e+00 0.000000e+00 0.000000e+00 1.000000e+00 9.698233e-01 3.017672e-02 -1.000000e+00 2.019497e+05 2.731881e+02
 -8.200000e-06 5.500000e-02 5.000000e-03 4.000000e-11 1.238791e+00 2.170694e-02 5.561093e-08 -4.090117e-06 9.998393e+04 3.361477e+02 1.672269e-05 2.422263e-02 0.000000e+00 0.000000e+00 0.000000e+00 0.000000e+00 1.000000e+00 9.630129e-01 3.698707e-02 -1.000000e+00 2.017773e+05 2.731875e+02
 -7.800000e-06 5.500000e-02 5.000000e-03 4.000000e-11 1.240029e+00 2.060947e-02 9.053523e-08 -5.006097e-06 9.998311e+04 3.359785e+02 1.674093e-05 2.422440e-02 0.000000e+00 0.000000e+00 0.000000e+00 0.000000e+00 1.000000e+00 9.549890e-01 4.501103e-02 -1.000000e+00 2.015742e+05 2.731868e+02
 -7.400000e-06 5.500000e-02 5.000000e-03 4.000000e-11 1.241481e+00 1.892525e-02 7.216780e-08 -6.018383e-06 9.998243e+04 3.357808e+02 1.676229e-05 2.422648e-02 0.000000e+00 0.000000e+00 0.000000e+00 0.000000e+00 1.000000e+00 9.456138e-01 5.438625e-02 -1.000000e+00 2.013370e+05 2.731863e+02
 -7.000000e-06 5.500000e-02 5.000000e-03 4.000000e-11 1.243169e+00 1.668209e-02 1.180124e-07 -7.131217e-06 9.998186e+04 3.355517e+02 1.678711e-05 2.422890e-02 0.000000e+00 0.000000e+00 0.000000e+00 0.000000e+00 1.000000e+00 9.347513e-01 6.524869e-02 -1.000000e+00 2.010624e+05 2.731858e+02
 -6.600000e-06 5.500000e-02 5.000000e-03 4.000000e-11 1.245117e+00 1.387709e-02 7.373404e-08 -8.292597e-06 9.998143e+04 3.352884e+02 1.681572e-05 2.423169e-02 0.000000e+00 0.000000e+00 0.000000e+00 0.000000e+00 1.000000e+00 9.222715e-01 7.772852e-02 -1.000000e+00 2.007470e+05 2.731854e+02
 -6.200000e-06 5.500000e-02 5.000000e-03 4.000000e-11 1.247346e+00 1.049185e-02 7.096078e-08 -9.504339e-06 9.998117e+04 3.349884e+02 1.684843e-05 2.423487e-02 0.000000e+00 0.000000e+00 0.000000e+00 0.000000e+00 1.000000e+00 9.080545e-01 9.194548e-02 -1.000000e+00 2.003879e+05 2.731852e+02
 -5.800000e-06 5.500000e-02 5.000000e-03 4.000000e-11 1.249874e+00 6.566450e-03 1.792088e-08 -1.069565e-05 9.998109e+04 3.346492e+02 1.688552e-05 2.423846e-02 0.000000e+00 0.000000e+00 0.000000e+00 0.000000e+00 1.000000e+00 8.919960e-01 1.080040e-01 -1.000000e+00 1.999823e+05 2.731851e+02
 -5.400000e-06 5.500000e-02 5.000000e-03 4.000000e-11 1.252720e+00 2.158557e-03 -4.856295e-08 -1.186083e-05 9.998120e+04 3.342691e+02 1.692723e-05 2.424248e-02 0.000000e+00 0.000000e+00 0.000000e+00 0.000000e+00 1.000000e+00 8.740118e-01 1.259882e-01 -1.000000e+00 1.995283e+05 2.731852e+02
 -5.000000e-06 5.500000e-02 5.000000e-03 4.000000e-11 1.255896e+00 -2.661355e-03 -1.662059e-07 -1.295595e-05 9.998152e+04 3.338466e+02 1.697377e-05 2.424694e-02 0.000000e+00 0.000000e+00 0.000000e+00 0.000000e+00 1.000000e+00 8.540431e-01 1.459569e-01 -1.000000e+00 1.990242e+05 2.731854e+02
 -4.600000e-06 5.500000e-02 5.000000e-03 4.000000e-11 1.259414e+00 -7.785035e-03 -2.385059e-07 -1.395122e-05 9.998204e+04 3.333810e+02 1.702527e-05 2.425184e-02 0.000000e+00 0.000000e+00 0.000000e+00 0.000000e+00 1.000000e+00 8.320608e-01 1.679392e-01 -1.000000e+00 1.984694e+05 2.731858e+02
 -4.200000e-06 5.500000e-02 5.000000e-03 4.000000e-11 1.263276e+00 -1.310549e-02 -3.639304e-07 -1.478129e-05 9.998277e+04 3.328721e+02 1.708181e-05 2.425717e-02 0.000000e+00 0.000000e+00 0.000000e+00 0.000000e+00 1.000000e+00 8.080695e-01 1.919305e-01 -1.000000e+00 1.978640e+05 2.731864e+02
 -3.800000e-06 5.500000e-02 5.000000e-03 4.000000e-11 1.267484e+00 -1.849436e-02 -4.229405e-07 -1.539699e-05 9.998370e+04 3.323207e+02 1.714336e-05 2.426292e-02 0.000000e+00 0.000000e+00 0.000000e+00 0.000000e+00 1.000000e+00 7.821101e-01 2.178899e-01 -1.000000e+00 1.972091e+05 2.731871e+02
 -3.400000e-06 5.500000e-02 5.000000e-03 4.000000e-11 1.272030e+00 -2.382436e-02 -4.589107e-07 -1.572986e-05 9.998484e+04 3.317283e+02 1.720984e-05 2.426905e-02 0.000000e+00 0.000000e+00 0.000000e+00 0.000000e+00 1.000000e+00 7.542621e-01 2.457379e-01 -1.000000e+00 1.965065e+05 2.731880e+02
 -3.000000e-06 5.500000e-02 5.000000e-03 4.000000e-11 1.276902e+00 -2.896264e-02 -3.732561e-07 -1.572031e-05 9.998617e+04 3.310970e+02 1.728105e-05 2.427554e-02 0.000000e+00 0.000000e+00 0.000000e+00 0.000000e+00 1.000000e+00 7.246439e-01 2.753561e-01 -1.000000e+00 1.957594e+05 2.731891e+02
 -2.600000e-06 5.500000e-02 5.000000e-03 4.000000e-11 1.282080e+00 -3.377375e-02 -1.277148e-07 -1.531727e-05 9.998769e+04 3.304301e+02 1.735672e-05 2.428234e-02 0.000000e+00 0.000000e+00 0.000000e+00 0.000000e+00 1.000000e+00 6.934119e-01 3.065881e-01 -1.000000e+00 1.949716e+05 2.731903e+02
 -2.200000e-06 5.500000e-02 5.000000e-03 4.000000e-11 1.287541e+00 -3.813237e-02 3.539079e-07 -1.447527e-05 9.998938e+04 3.297315e+02 1.743647e-05 2.428941e-02 0.000000e+00 0.000000e+00 0.000000e+00 0.000000e+00 1.000000e+00 6.607579e-01 3.392421e-01 -1.000000e+00 1.941480e+05 2.731916e+02
 -1.800000e-06 5.500000e-02 5.000000e-03 4.000000e-11 1.293252e+00 -4.189600e-02 9.847028e-07 -1.315880e-05 9.999124e+04 3.290057e+02 1.751984e-05 2.429668e-02 0.000000e+00 0.000000e+00 0.000000e+00 0.000000e+00 1.000000e+00 6.269058e-01 3.730942e-01 -1.000000e+00 1.932942e+05 2.731931e+02
 -1.400000e-06 5.500000e-02 5.000000e-03 4.000000e-11 1.299176e+00 -4.497709e-02 1.645006e-06 -1.132899e-05 9.999320e+04 3.282579e+02 1.760629e-05 2.430410e-02 0.000000e+00 0.000000e+00 0.000000e+00 0.000000e+00 1.000000e+00 5.921066e-01 4.078934e-01 -1.000000e+00 1.924166e+05 2.731946e+02
 -1.000000e-06 5.500000e-02 5.000000e-03 4.000000e-11 1.305272e+00 -4.721291e-02 1.883694e-06 -8.951082e-06 9.999531e+04 3.274939e+02 1.769521e-05 2.431159e-02 0.000000e+00 0.000000e+00 0.000000e+00 0.000000e+00 1.000000e+00 5.566318e-01 4.433682e-01 -1.000000e+00 1.915219e+05 2.731963e+02
 -6.000000e-07 5.500000e-02 5.000000e-03 4.000000e-11 1.311493e+00 -4.863153e-02 1.436388e-06 -6.046680e-06 9.999739e+04 3.267197e+02 1.778592e-05 2.431911e-02 0.000000e+00 0.000000e+00 0.000000e+00 0.000000e+00 1.000000e+00 5.207675e-01 4.792325e-01 -1.000000e+00 1.906175e+05 2.731980e+02
 -2.000000e-07 5.500000e-02 5.000000e-03 4.000000e-11 1.317793e+00 -4.910941e-02 1.325466e-07 -2.766277e-06 9.999976e+04 3.259416e+02 1.787772e-05 2.432657e-02 0.000000e+00 0.000000e+00 0.000000e+00 0.000000e+00 1.000000e+00 4.848065e-01 5.151935e-01 -1.000000e+00 1.897106e+05 2.731998e+02
 2.000000e-07 5.500000e-02 5.000000e-03 4.000000e-11 1.324119e+00 -4.864232e-02 -1.179843e-06 5.825634e-07 1.000021e+05 3.251660e+02 1.796986e-05 2.433393e-02 0.000000e+00 0.000000e+00 0.000000e+00 0.000000e+00 1.000000e+00 4.490414e-01 5.509586e-01 -1.000000e+00 1.888087e+05 2.732016e+02
 6.000000e-07 5.500000e-02 5.000000e-03 4.000000e-11 1.330418e+00 -4.727010e-02 -1.810586e-06 3.649912e-06 1.000043e+05 3.243988e+02 1.806159e-05 2.434110e-02 0.000000e+00 0.000000e+00 0.000000e+00 0.000000e+00 1.000000e+00 4.137574e-01 5.862426e-01 -1.000000e+00 1.879189e+05 2.732033e+02
 1.000000e-06 5.500000e-02 5.000000e-03 4.000000e-11 1.336641e+00 -4.505400e-02 -1.696921e-06 6.286606e-06 1.000064e+05 3.236463e+02 1.815219e-05 2.434806e-02 0.000000e+00 0.000000e+00 0.000000e+00 0.000000e+00 1.000000e+00 3.792252e-01 6.207748e-01 -1.000000e+00 1.870481e+05 2.732051e+02
 1.400000e-06 5.500000e-02 5.000000e-03 4.000000e-11 1.342739e+00 -4.202732e-02 -1.138083e-06 8.436524e-06 1.000085e+05 3.229139e+02 1.824093e-05 2.435474e-02 0.000000e+00 0.000000e+00 0.000000e+00 0.000000e+00 1.000000e+00 3.456959e-01 6.543041e-01 -1.000000e+00 1.862025e+05 2.732067e+02
 1.800000e-06 5.500000e-02 5.000000e-03 4.000000e-11 1.348665e+00 -3.830684e-02 -4.853494e-07 1.011346e-05 1.000105e+05 3.222068e+02 1.832715e-05 2.436111e-02 0.000000e+00 0.000000e+00 0.000000e+00 0.000000e+00 1.000000e+00 3.133951e-01 6.866049e-01 -1.000000e+00 1.853879e+05 2.732083e+02
 2.200000e-06 5.500000e-02 5.000000e-03 4.000000e-11 1.354379e+00 -3.401645e-02 9.650750e-09 1.135754e-05 1.000123e+05 3.215294e+02 1.841025e-05 2.436713e-02 0.000000e+00 0.000000e+00 0.000000e+00 0.000000e+00 1.000000e+00 2.825195e-01 7.174805e-01 -1.000000e+00 1.846091e+05 2.732097e+02
 2.600000e-06 5.500000e-02 5.000000e-03 4.000000e-11 1.359842e+00 -2.928502e-02 3.053632e-07 1.219554e-05 1.000139e+05 3.208854e+02 1.848969e-05 2.437278e-02 0.000000e+00 0.000000e+00 0.000000e+00 0.000000e+00 1.000000e+00 2.532338e-01 7.467662e-01 -1.000000e+00 1.838705e+05 2.732110e+02
 3.000000e-06 5.500000e-02 5.000000e-03 4.000000e-11 1.365024e+00 -2.425131e-02 4.510695e-07 1.265134e-05 1.000154e+05 3.202781e+02 1.856502e-05 2.437804e-02 0.000000e+00 0.000000e+00 0.000000e+00 0.000000e+00 1.000000e+00 2.256690e-01 7.743310e-01 -1.000000e+00 1.831751e+05 2.732121e+02
 3.400000e-06 5.500000e-02 5.000000e-03 4.000000e-11 1.369899e+00 -1.904896e-02 4.560883e-07 1.276276e-05 1.000167e+05 3.197098e+02 1.863588e-05 2.438290e-02 0.000000e+00 0.000000e+00 0.000000e+00 0.000000e+00 1.000000e+00 1.999217e-01 8.000783e-01 -1.000000e+00 1.825256e+05 2.732131e+02
 3.800000e-06 5.500000e-02 5.000000e-03 4.000000e-11 1.374448e+00 -1.381091e-02 4.010721e-07 1.257071e-05 1.000177e+05 3.191820e+02 1.870199e-05 2.438736e-02 0.000000e+00 0.000000e+00 0.000000e+00 0.000000e+00 1.000000e+00 1.760548e-01 8.239452e-01 -1.000000e+00 1.819234e+05 2.732140e+02
 4.200000e-06 5.500000e-02 5.000000e-03 4.000000e-11 1.378658e+00 -8.662815e-03 3.195803e-07 1.213105e-05 1.000186e+05 3.186956e+02 1.876318e-05 2.439142e-02 0.000000e+00 0.000000e+00 0.000000e+00 0.000000e+00 1.000000e+00 1.540984e-01 8.459016e-01 -1.000000e+00 1.813694e+05 2.732146e+02
 4.600000e-06 5.500000e-02 5.000000e-03 4.000000e-11 1.382523e+00 -3.726880e-03 2.178478e-07 1.149462e-05 1.000192e+05 3.182507e+02 1.881934e-05 2.439509e-02 0.000000e+00 0.000000e+00 0.000000e+00 0.000000e+00 1.000000e+00 1.340523e-01 8.659477e-01 -1.000000e+00 1.808635e+05 2.732151e+02
 5.000000e-06 5.500000e-02 5.000000e-03 4.000000e-11 1.386042e+00 8.914435e-04 1.220895e-07 1.070447e-05 1.000196e+05 3.178471e+02 1.887049e-05 2.439837e-02 0.000000e+00 0.000000e+00 0.000000e+00 0.000000e+00 1.000000e+00 1.158885e-01 8.841115e-01 -1.000000e+00 1.804049e+05 2.732154e+02
 5.400000e-06 5.500000e-02 5.000000e-03 4.000000e-11 1.389220e+00 5.094487e-03 4.893971e-08 9.807909e-06 1.000197e+05 3.174836e+02 1.891669e-05 2.440130e-02 0.000000e+00 0.000000e+00 0.000000e+00 0.000000e+00 1.000000e+00 9.955466e-02 9.004453e-01 -1.000000e+00 1.799925e+05 2.732155e+02
 5.800000e-06 5.500000e-02 5.000000e-03 4.000000e-11 1.392067e+00 8.822131e-03 -5.006763e-08 8.866696e-06 1.000196e+05 3.171587e+02 1.895808e-05 2.440387e-02 0.000000e+00 0.000000e+00 0.000000e+00 0.000000e+00 1.000000e+00 8.497745e-02 9.150226e-01 -1.000000e+00 1.796243e+05 2.732154e+02
 6.200000e-06 5.500000e-02 5.000000e-03 4.000000e-11 1.394595e+00 1.201837e-02 -6.153498e-08 7.885171e-06 1.000193e+05 3.168706e+02 1.899487e-05 2.440613e-02 0.000000e+00 0.000000e+00 0.000000e+00 0.000000e+00 1.000000e+00 7.206652e-02 9.279335e-01 -1.000000e+00 1.792981e+05 2.732152e+02
 6.600000e-06 5.500000e-02 5.000000e-03 4.000000e-11 1.396823e+00 1.466073e-02 -8.400856e-08 6.914303e-06 1.000189e+05 3.166170e+02 1.902730e-05 2.440809e-02 0.000000e+00 0.000000e+00 0.000000e+00 0.000000e+00 1.000000e+00 6.071827e-02 9.392817e-01 -1.000000e+00 1.790113e+05 2.732148e+02
 7.000000e-06 5.500000e-02 5.000000e-03 4.000000e-11 1.398770e+00 1.677211e-02 -1.010552e-07 5.979361e-06 1.000182e+05 3.163956e+02 1.905566e-05 2.440977e-02 0.000000e+00 0.000000e+00 0.000000e+00 0.000000e+00 1.000000e+00 5.081949e-02 9.491805e-01 -1.000000e+00 1.787610e+05 2.732143e+02
 7.400000e-06 5.500000e-02 5.000000e-03 4.000000e-11 1.400458e+00 1.830513e-02 -8.506202e-08 5.115288e-06 1.000175e+05 3.162037e+02 1.908026e-05 2.441121e-02 0.000000e+00 0.000000e+00 0.000000e+00 0.000000e+00 1.000000e+00 4.225102e-02 9.577490e-01 -1.000000e+00 1.785442e+05 2.732136e+02
 7.800000e-06 5.500000e-02 5.000000e-03 4.000000e-11 1.401909e+00 1.933670e-02 -8.334645e-08 4.328391e-06 1.000166e+05 3.160386e+02 1.910142e-05 2.441243e-02 0.000000e+00 0.000000e+00 0.000000e+00 0.000000e+00 1.000000e+00 3.489089e-02 9.651091e-01 -1.000000e+00 1.783579e+05 2.732129e+02
 8.200000e-06 5.500000e-02 5.000000e-03 4.000000e-11 1.403146e+00 1.994145e-02 -8.077573e-08 3.616165e-06 1.000157e+05 3.158978e+02 1.911949e-05 2.441345e-02 0.000000e+00 0.000000e+00 0.000000e+00 0.000000e+00 1.000000e+00 2.861729e-02 9.713827e-01 -1.000000e+00 1.781990e+05 2.732122e+02
 8.600000e-06 5.500000e-02 5.000000e-03 4.000000e-11 1.404190e+00 2.001298e-02 -7.867182e-08 2.964658e-06 1.000145e+05 3.157785e+02 1.913478e-05 2.441429e-02 0.000000e+00 0.000000e+00 0.000000e+00 0.000000e+00 1.000000e+00 2.331107e-02 9.766889e-01 -1.000000e+00 1.780644e+05 2.732113e+02
 9.000000e-06 5.500000e-02 5.000000e-03 4.000000e-11 1.405067e+00 1.979149e-02 -6.453672e-08 2.410458e-06 1.000134e+05 3.156783e+02 1.914762e-05 2.441498e-02 0.000000e+00 0.000000e+00 0.000000e+00 0.000000e+00 1.000000e+00 1.885775e-02 9.811423e-01 -1.000000e+00 1.779514e+05 2.732105e+02
 9.400000e-06 5.500000e-02 5.000000e-03 4.000000e-11 1.405796e+00 1.928916e-02 -6.254571e-08 1.919704e-06 1.000124e+05 3.155947e+02 1.915832e-05 2.441554e-02 0.000000e+00 0.000000e+00 0.000000e+00 0.000000e+00 1.000000e+00 1.514922e-02 9.848508e-01 -1.000000e+00 1.778572e+05 2.732096e+02
 9.800000e-06 5.500000e-02 5.000000e-03 4.000000e-11 1.406397e+00 1.851342e-02 -2.395773e-08 1.501792e-06 1.000113e+05 3.155256e+02 1.916716e-05 2.441599e-02 0.000000e+00 0.000000e+00 0.000000e+00 0.000000e+00 1.000000e+00 1.208493e-02 9.879151e-01 -1.000000e+00 1.777793e+05 2.732088e+02
 1.020000e-05 5.500000e-02 5.000000e-03 4.000000e-11 1.406888e+00 1.752806e-02 -2.977836e-08 1.153778e-06 1.000102e+05 3.154688e+02 1.917440e-05 2.441635e-02 0.000000e+00 0.000000e+00 0.000000e+00 0.000000e+00 1.000000e+00 9.572673e-03 9.904273e-01 -1.000000e+00 1.777153e+05 2.732080e+02
 1.060000e-05 5.500000e-02 5.000000e-03 4.000000e-11 1.407287e+00 1.639184e-02 -1.998946e-09 8.699002e-07 1.000092e+05 3.154225e+02 1.918029e-05 2.441663e-02 0.000000e+00 0.000000e+00 0.000000e+00 0.000000e+00 1.000000e+00 7.529075e-03 9.924709e-01 -1.000000e+00 1.776631e+05 2.732071e+02
 1.100000e-05 5.500000e-02 5.000000e-03 4.000000e-11 1.407607e+00 1.515319e-02 -1.712000e-08 6.354214e-07 1.000082e+05 3.153851e+02 1.918504e-05 2.441685e-02 0.000000e+00 0.000000e+00 0.000000e+00 0.000000e+00 1.000000e+00 5.879693e-03 9.941203e-01 -1.000000e+00 1.776210e+05 2.732064e+02
 1.140000e-05 5.500000e-02 5.000000e-03 4.000000e-11 1.407861e+00 1.385467e-02 6.656726e-10 4.515577e-07 1.000072e+05 3.153550e+02 1.918884e-05 2.441701e-02 0.000000e+00 0.000000e+00 0.000000e+00 0.000000e+00 1.000000e+00 4.558892e-03 9.954411e-01 -1.000000e+00 1.775871e+05 2.732056e+02
 1.180000e-05 5.500000e-02 5.000000e-03 4.000000e-11 1.408063e+00 1.253440e-02 -2.610062e-08 3.065939e-07 1.000063e+05 3.153311e+02 1.919185e-05 2.441713e-02 0.000000e+00 0.000000e+00 0.000000e+00 0.000000e+00 1.000000e+00 3.509489e-03 9.964905e-01 -1.000000e+00 1.775602e+05 2.732049e+02
 1.220000e-05 5.500000e-02 5.000000e-03 4.000000e-11 1.408220e+00 1.122623e-02 2.134259e-10 1.972370e-07 1.000055e+05 3.153122e+02 1.919422e-05 2.441721e-02 0.000000e+00 0.000000e+00 0.000000e+00 0.000000e+00 1.000000e+00 2.682245e-03 9.973178e-01 -1.000000e+00 1.775389e+05 2.732043e+02
 1.260000e-05 5.500000e-02 5.000000e-03 4.000000e-11 1.408342e+00 9.956823e-03 -1.292586e-08 1.144292e-07 1.000048e+05 3.152973e+02 1.919606e-05 2.441727e-02 0.000000e+00 0.000000e+00 0.000000e+00 0.000000e+00 1.000000e+00 2.035232e-03 9.979648e-01 -1.000000e+00 1.775222e+05 2.732037e+02
 1.300000e-05 5.500000e-02 5.000000e-03 4.000000e-11 1.408436e+00 8.747749e-03 4.910810e-09 5.966239e-08 1.000041e+05 3.152858e+02 1.919749e-05 2.441731e-02 0.000000e+00 0.000000e+00 0.000000e+00 0.000000e+00 1.000000e+00 1.533143e-03 9.984669e-01 -1.000000e+00 1.775091e+05 2.732032e+02
 1.340000e-05 5.500000e-02 5.000000e-03 4.000000e-11 1.408507e+00 7.614750e-03 -2.232631e-08 2.054179e-08 1.000034e+05 3.152768e+02 1.919859e-05 2.441733e-02 0.000000e+00 0.000000e+00 0.000000e+00 0.000000e+00 1.000000e+00 1.146564e-03 9.988534e-01 -1.000000e+00 1.774991e+05 2.732027e+02
 1.380000e-05 5.500000e-02 5.000000e-03 4.000000e-11 1.408560e+00 6.569481e-03 -1.515582e-09 1.816777e-09 1.000029e+05 3.152699e+02 1.919942e-05 2.441735e-02 0.000000e+00 0.000000e+00 0.000000e+00 0.000000e+00 1.000000e+00 8.512464e-04 9.991488e-01 -1.000000e+00 1.774913e+05 2.732022e+02
 1.420000e-05 5.500000e-02 5.000000e-03 4.000000e-11 1.408600e+00 5.617791e-03 -1.908896e-08 -1.331369e-08 1.000024e+05 3.152647e+02 1.920005e-05 2.441735e-02 0.000000e+00 0.000000e+00 0.000000e+00 0.000000e+00 1.000000e+00 6.274075e-04 9.993726e-01 -1.000000e+00 1.774854e+05 2.732019e+02
 1.460000e-05 5.500000e-02 5.000000e-03 4.000000e-11 1.408630e+00 4.761985e-03 -1.180073e-08 -1.896464e-08 1.000020e+05 3.152607e+02 1.920052e-05 2.441735e-02 0.000000e+00 0.000000e+00 0.000000e+00 0.000000e+00 1.000000e+00 4.590700e-04 9.995409e-01 -1.000000e+00 1.774810e+05 2.732015e+02
 1.500000e-05 5.500000e-02 5.000000e-03 4.000000e-11 1.408651e+00 3.999744e-03 -3.100262e-08 -1.794840e-08 1.000016e+05 3.152578e+02 1.920087e-05 2.441735e-02 0.000000e+00 0.000000e+00 0.000000e+00 0.000000e+00 1.000000e+00 3.334589e-04 9.996665e-01 -1.000000e+00 1.774776e+05 2.732012e+02
 1.540000e-05 5.500000e-02 5.000000e-03 4.000000e-11 1.408666e+00 3.328472e-03 -1.539735e-08 -1.594226e-08 1.000013e+05 3.152555e+02 1.920113e-05 2.441734e-02 0.000000e+00 0.000000e+00 0.000000e+00 0.000000e+00 1.000000e+00 2.404604e-04 9.997595e-01 -1.000000e+00 1.774751e+05 2.732010e+02
 1.580000e-05 5.500000e-02 5.000000e-03 4.000000e-11 1.408677e+00 2.743757e-03 -1.954241e-08 -8.933453e-09 1.000010e+05 3.152539e+02 1.920131e-05 2.441734e-02 0.000000e+00 0.000000e+00 0.000000e+00 0.000000e+00 1.000000e+00 1.721448e-04 9.998279e-01 -1.000000e+00 1.774732e+05 2.732008e+02
 1.620000e-05 5.500000e-02 5.000000e-03 4.000000e-11 1.408685e+00 2.240145e-03 -2.846502e-08 -1.664494e-08 1.000008e+05 3.152526e+02 1.920145e-05 2.441733e-02 0.000000e+00 0.000000e+00 0.000000e+00 0.000000e+00 1.000000e+00 1.223551e-04 9.998776e-01 -1.000000e+00 1.774718e+05 2.732006e+02
 1.660000e-05 5.500000e-02 5.000000e-03 4.000000e-11 1.408690e+00 1.809078e-03 -3.092638e-08 -3.902141e-08 1.000006e+05 3.152517e+02 1.920154e-05 2.441732e-02 0.000000e+00 0.000000e+00 0.000000e+00 0.000000e+00 1.000000e+00 8.635657e-05 9.999136e-01 -1.000000e+00 1.774708e+05 2.732004e+02
 1.700000e-05 5.500000e-02 5.000000e-03 4.000000e-11 1.408694e+00 1.443315e-03 -2.771189e-08 -5.475385e-08 1.000004e+05 3.152511e+02 1.920161e-05 2.441731e-02 0.000000e+00 0.000000e+00 0.000000e+00 0.000000e+00 1.000000e+00 6.054363e-05 9.999395e-01 -1.000000e+00 1.774701e+05 2.732003e+02
 1.740000e-05 5.500000e-02 5.000000e-03 4.000000e-11 1.408696e+00 1.136267e-03 -3.437001e-08 -5.992525e-08 1.000002e+05 3.152506e+02 1.920166e-05 2.441731e-02 0.000000e+00 0.000000e+00 0.000000e+00 0.000000e+00 1.000000e+00 4.219826e-05 9.999578e-01 -1.000000e+00 1.774696e+05 2.732002e+02
 1.780000e-05 5.500000e-02 5.000000e-03 4.000000e-11 1.408697e+00 8.805239e-04 -7.244549e-09 -4.967227e-08 1.000001e+05 3.152503e+02 1.920169e-05 2.441730e-02 0.000000e+00 0.000000e+00 0.000000e+00 0.000000e+00 1.000000e+00 2.929379e-05 9.999707e-01 -1.000000e+00 1.774692e+05 2.732001e+02
 1.820000e-05 5.500000e-02 5.000000e-03 4.000000e-11 1.408698e+00 6.657058e-04 -4.510748e-09 -2.595789e-08 1.000000e+05 3.152500e+02 1.920171e-05 2.441730e-02 0.000000e+00 0.000000e+00 0.000000e+00 0.000000e+00 1.000000e+00 2.033814e-05 9.999797e-01 -1.000000e+00 1.774689e+05 2.732000e+02
 1.860000e-05 5.500000e-02 5.000000e-03 4.000000e-11 1.408699e+00 4.849187e-04 3.187706e-09 4.613888e-09 9.999998e+04 3.152499e+02 1.920173e-05 2.441729e-02 0.000000e+00 0.000000e+00 0.000000e+00 0.000000e+00 1.000000e+00 1.425092e-05 9.999857e-01 -1.000000e+00 1.774687e+05 2.732000e+02
 1.900000e-05 5.500000e-02 5.000000e-03 4.000000e-11 1.408699e+00 3.238159e-04 -1.585980e-09 3.055748e-08 9.999992e+04 3.152498e+02 1.920174e-05 2.441729e-02 0.000000e+00 0.000000e+00 0.000000e+00 0.000000e+00 1.000000e+00 1.026905e-05 9.999897e-01 -1.000000e+00 1.774686e+05 2.731999e+02
 1.940000e-05 5.500000e-02 5.000000e-03 4.000000e-11 1.408699e+00 1.882396e-04 -1.340914e-08 2.910780e-08 9.999989e+04 3.152497e+02 1.920174e-05 2.441729e-02 0.000000e+00 0.000000e+00 0.000000e+00 0.000000e+00 1.000000e+00 7.876786e-06 9.999921e-01 -1.000000e+00 1.774685e+05 2.731999e+02
 1.980000e-05 5.500000e-02 5.000000e-03 4.000000e-11 1.408699e+00 5.151423e-05 -2.055614e-08 -5.698871e-09 9.999987e+04 3.152497e+02 1.920174e-05 2.441729e-02 0.000000e+00 0.000000e+00 0.000000e+00 0.000000e+00 1.000000e+00 6.756300e-06 9.999932e-01 -1.000000e+00 1.774685e+05 2.731999e+02
