# Variables: 1:pos.x 2:pos.y 3:pos.z 4:volume 5:rho 6:vel.x 7:vel.y 8:vel.z 9:p 10:a 11:mu 12:k[0] 13:mu_t 14:k_t 15:S 16:tke 17:omega 18:massf[0]-air 19:e[0] 20:T[0]
 2.045946e-01 9.808141e-07 0.000000e+00 3.514622e-09 1.241725e-01 8.521061e+00 -1.441195e-04 0.000000e+00 1.056978e+04 3.452106e+02 1.830387e-05 2.597297e-02 4.991713e-13 5.635154e-10 0.000000e+00 2.987142e-02 7.430737e+09 1.000000e+00 2.128043e+05 2.965256e+02
 2.045946e-01 3.011886e-06 0.000000e+00 3.763463e-09 1.242388e-01 2.616966e+01 -4.035823e-04 0.000000e+00 1.056972e+04 3.451176e+02 1.829625e-05 2.596043e-02 5.053812e-11 5.705258e-08 0.000000e+00 6.318352e-01 1.553252e+09 1.000000e+00 2.126896e+05 2.963658e+02
 2.045946e-01 5.186755e-06 0.000000e+00 4.029903e-09 1.244339e-01 4.508223e+01 -8.354418e-04 0.000000e+00 1.056944e+04 3.448425e+02 1.827372e-05 2.592337e-02 9.006526e-10 1.016748e-06 0.000000e+00 4.017773e+00 5.550942e+08 1.000000e+00 2.123506e+05 2.958935e+02
 2.045946e-01 7.515591e-06 0.000000e+00 4.315181e-09 1.247577e-01 6.536336e+01 -1.160969e-03 0.000000e+00 1.056855e+04 3.443801e+02 1.823585e-05 2.586109e-02 7.044718e-09 7.952795e-06 0.000000e+00 1.479583e+01 2.620251e+08 1.000000e+00 2.117816e+05 2.951006e+02
 2.045946e-01 1.000928e-05 0.000000e+00 4.620627e-09 1.252334e-01 8.711341e+01 -1.538473e-03 0.000000e+00 1.056640e+04 3.436903e+02 1.817936e-05 2.576822e-02 3.480705e-08 3.929374e-05 0.000000e+00 4.053364e+01 1.458373e+08 1.000000e+00 2.109340e+05 2.939196e+02
 2.045946e-01 1.267947e-05 0.000000e+00 4.947662e-09 1.258918e-01 1.104150e+02 -1.800406e-03 0.000000e+00 1.056203e+04 3.427198e+02 1.809988e-05 2.563763e-02 1.281820e-07 1.447049e-04 0.000000e+00 9.236487e+01 9.071459e+07 1.000000e+00 2.097443e+05 2.922618e+02
 2.045946e-01 1.553864e-05 0.000000e+00 5.297807e-09 1.267590e-01 1.352488e+02 -1.973428e-03 0.000000e+00 1.055418e+04 3.414183e+02 1.799331e-05 2.546269e-02 3.816446e-07 4.308392e-04 0.000000e+00 1.847992e+02 6.137902e+07 1.000000e+00 2.081544e+05 2.900464e+02
 2.045946e-01 1.860014e-05 0.000000e+00 5.672690e-09 1.278714e-01 1.614308e+02 -1.638889e-03 0.000000e+00 1.054143e+04 3.397247e+02 1.785466e-05 2.523528e-02 9.581002e-07 1.081601e-03 0.000000e+00 3.330235e+02 4.444646e+07 1.000000e+00 2.060944e+05 2.871760e+02
 2.045946e-01 2.187827e-05 0.000000e+00 6.074054e-09 1.292337e-01 1.884398e+02 -8.504722e-04 0.000000e+00 1.052280e+04 3.376306e+02 1.768327e-05 2.495454e-02 2.076318e-06 2.343959e-03 0.000000e+00 5.458186e+02 3.397271e+07 1.000000e+00 2.035615e+05 2.836466e+02
 2.045946e-01 2.538832e-05 0.000000e+00 6.503761e-09 1.308695e-01 2.155477e+02 -3.382052e-05 0.000000e+00 1.049856e+04 3.351271e+02 1.747842e-05 2.461954e-02 3.957109e-06 4.467187e-03 0.000000e+00 8.164506e+02 2.700166e+07 1.000000e+00 2.005538e+05 2.794556e+02
 2.045946e-01 2.914666e-05 0.000000e+00 6.963805e-09 1.327611e-01 2.417988e+02 6.162030e-04 0.000000e+00 1.047069e+04 3.322892e+02 1.724631e-05 2.424069e-02 6.764719e-06 7.636704e-03 0.000000e+00 1.120157e+03 2.198366e+07 1.000000e+00 1.971717e+05 2.747429e+02
 2.045946e-01 3.317084e-05 0.000000e+00 7.456318e-09 1.348179e-01 2.665912e+02 3.407572e-04 0.000000e+00 1.044187e+04 3.292906e+02 1.700117e-05 2.384140e-02 1.057634e-05 1.193964e-02 0.000000e+00 1.419913e+03 1.809981e+07 1.000000e+00 1.936291e+05 2.698066e+02
 2.045946e-01 3.747960e-05 0.000000e+00 7.983582e-09 1.371114e-01 2.895648e+02 3.731988e-03 0.000000e+00 1.041614e+04 3.261224e+02 1.674232e-05 2.342075e-02 1.549167e-05 1.748857e-02 0.000000e+00 1.684778e+03 1.491139e+07 1.000000e+00 1.899211e+05 2.646397e+02
 2.045946e-01 4.209303e-05 0.000000e+00 8.548037e-09 1.394941e-01 3.094624e+02 4.082398e-03 0.000000e+00 1.039539e+04 3.230030e+02 1.648762e-05 2.300785e-02 2.110806e-05 2.382893e-02 0.000000e+00 1.875447e+03 1.239402e+07 1.000000e+00 1.863053e+05 2.596014e+02
 2.045946e-01 4.703260e-05 0.000000e+00 9.152292e-09 1.418784e-01 3.269110e+02 4.994972e-03 0.000000e+00 1.037747e+04 3.200013e+02 1.624271e-05 2.261176e-02 2.733402e-05 3.085743e-02 0.000000e+00 2.033001e+03 1.055237e+07 1.000000e+00 1.828587e+05 2.547988e+02
 2.045946e-01 5.232132e-05 0.000000e+00 9.799137e-09 1.443322e-01 3.430540e+02 6.132308e-03 0.000000e+00 1.036141e+04 3.170237e+02 1.599994e-05 2.222008e-02 3.455345e-05 3.900746e-02 0.000000e+00 2.165886e+03 9.047057e+06 1.000000e+00 1.794715e+05 2.500791e+02
 2.045946e-01 5.798377e-05 0.000000e+00 1.049156e-08 1.468394e-01 3.579528e+02 7.715154e-03 0.000000e+00 1.034730e+04 3.140915e+02 1.576107e-05 2.183563e-02 4.276702e-05 4.827977e-02 0.000000e+00 2.272869e+03 7.803835e+06 1.000000e+00 1.761670e+05 2.454745e+02
 2.045946e-01 6.404630e-05 0.000000e+00 1.123274e-08 1.493817e-01 3.717495e+02 9.599419e-03 0.000000e+00 1.033518e+04 3.112249e+02 1.552774e-05 2.146102e-02 5.199446e-05 5.869664e-02 0.000000e+00 2.355960e+03 6.768746e+06 1.000000e+00 1.729659e+05 2.410141e+02
 2.045946e-01 7.053707e-05 0.000000e+00 1.202610e-08 1.519528e-01 3.845779e+02 1.160935e-02 0.000000e+00 1.032487e+04 3.084267e+02 1.530019e-05 2.109657e-02 6.226280e-05 7.028859e-02 0.000000e+00 2.417836e+03 5.900745e+06 1.000000e+00 1.698697e+05 2.366997e+02
 2.045946e-01 7.748622e-05 0.000000e+00 1.287528e-08 1.545515e-01 3.965604e+02 1.397724e-02 0.000000e+00 1.031618e+04 3.056939e+02 1.507818e-05 2.074187e-02 7.361761e-05 8.310705e-02 0.000000e+00 2.461616e+03 5.167872e+06 1.000000e+00 1.668728e+05 2.325238e+02
 2.045946e-01 8.492599e-05 0.000000e+00 1.378418e-08 1.571751e-01 4.077995e+02 1.591031e-02 0.000000e+00 1.030886e+04 3.030243e+02 1.486152e-05 2.039655e-02 8.610754e-05 9.720695e-02 0.000000e+00 2.489915e+03 4.544929e+06 1.000000e+00 1.639710e+05 2.284803e+02
 2.045946e-01 9.289087e-05 0.000000e+00 1.475696e-08 1.598274e-01 4.183899e+02 1.961570e-02 0.000000e+00 1.030291e+04 3.004128e+02 1.464980e-05 2.005992e-02 9.980089e-05 1.126654e-01 0.000000e+00 2.505115e+03 4.011849e+06 1.000000e+00 1.611569e+05 2.245591e+02
 2.045946e-01 1.014178e-04 0.000000e+00 1.579806e-08 1.625076e-01 4.284072e+02 2.164055e-02 0.000000e+00 1.029808e+04 2.978552e+02 1.444267e-05 1.973141e-02 1.147711e-04 1.295653e-01 0.000000e+00 2.508996e+03 3.552559e+06 1.000000e+00 1.584245e+05 2.207518e+02
 2.045946e-01 1.105461e-04 0.000000e+00 1.691225e-08 1.652163e-01 4.379194e+02 2.510772e-02 0.000000e+00 1.029410e+04 2.953465e+02 1.423975e-05 1.941032e-02 1.311120e-04 1.480126e-01 0.000000e+00 2.502967e+03 3.154027e+06 1.000000e+00 1.557671e+05 2.170489e+02
 2.045946e-01 1.203182e-04 0.000000e+00 1.810460e-08 1.679605e-01 4.469799e+02 2.863025e-02 0.000000e+00 1.029124e+04 2.928831e+02 1.404072e-05 1.909618e-02 1.489544e-04 1.681549e-01 0.000000e+00 2.488005e+03 2.805467e+06 1.000000e+00 1.531795e+05 2.134433e+02
 2.045946e-01 1.307790e-04 0.000000e+00 1.938052e-08 1.707402e-01 4.556346e+02 3.189439e-02 0.000000e+00 1.028930e+04 2.904618e+02 1.384535e-05 1.878855e-02 1.684608e-04 1.901757e-01 0.000000e+00 2.464727e+03 2.498077e+06 1.000000e+00 1.506573e+05 2.099288e+02
 2.045946e-01 1.419769e-04 0.000000e+00 2.074582e-08 1.735593e-01 4.639194e+02 3.618572e-02 0.000000e+00 1.028840e+04 2.880805e+02 1.365344e-05 1.848711e-02 1.898477e-04 2.143194e-01 0.000000e+00 2.433420e+03 2.224639e+06 1.000000e+00 1.481971e+05 2.065007e+02
 2.045946e-01 1.539635e-04 0.000000e+00 2.220665e-08 1.763463e-01 4.716249e+02 4.174236e-02 0.000000e+00 1.028850e+04 2.857964e+02 1.346962e-05 1.819906e-02 2.117004e-04 2.389889e-01 0.000000e+00 2.393048e+03 1.993408e+06 1.000000e+00 1.458564e+05 2.032392e+02
 2.045946e-01 1.667940e-04 0.000000e+00 2.376962e-08 1.791106e-01 4.788571e+02 4.635988e-02 0.000000e+00 1.028878e+04 2.835864e+02 1.329199e-05 1.792138e-02 2.339449e-04 2.641008e-01 0.000000e+00 2.354568e+03 1.802681e+06 1.000000e+00 1.436093e+05 2.001080e+02
 2.045946e-01 1.805273e-04 0.000000e+00 2.544177e-08 1.819289e-01 4.859020e+02 5.195006e-02 0.000000e+00 1.028885e+04 2.813821e+02 1.311508e-05 1.764546e-02 2.580589e-04 2.913232e-01 0.000000e+00 2.317573e+03 1.633865e+06 1.000000e+00 1.413855e+05 1.970093e+02
 2.045946e-01 1.952264e-04 0.000000e+00 2.723059e-08 1.848069e-01 4.927715e+02 5.787716e-02 0.000000e+00 1.028889e+04 2.791831e+02 1.293884e-05 1.737126e-02 2.841202e-04 3.207438e-01 0.000000e+00 2.281296e+03 1.483877e+06 1.000000e+00 1.391843e+05 1.939421e+02
 2.045946e-01 2.109587e-04 0.000000e+00 2.914409e-08 1.877486e-01 4.994779e+02 6.442544e-02 0.000000e+00 1.028896e+04 2.769882e+02 1.276320e-05 1.709864e-02 3.122107e-04 3.524552e-01 0.000000e+00 2.245176e+03 1.350142e+06 1.000000e+00 1.370044e+05 1.909046e+02
 2.045946e-01 2.277961e-04 0.000000e+00 3.119080e-08 1.907585e-01 5.060324e+02 7.160167e-02 0.000000e+00 1.028910e+04 2.747962e+02 1.258806e-05 1.682747e-02 3.424191e-04 3.865575e-01 0.000000e+00 2.208797e+03 1.230500e+06 1.000000e+00 1.348446e+05 1.878951e+02
 2.045946e-01 2.458156e-04 0.000000e+00 3.337980e-08 1.938416e-01 5.124463e+02 7.948500e-02 0.000000e+00 1.028936e+04 2.726056e+02 1.241332e-05 1.655760e-02 3.748370e-04 4.231542e-01 0.000000e+00 2.171826e+03 1.123128e+06 1.000000e+00 1.327032e+05 1.849112e+02
 2.045946e-01 2.650993e-04 0.000000e+00 3.572078e-08 1.970034e-01 5.187304e+02 8.814172e-02 0.000000e+00 1.028977e+04 2.704146e+02 1.223886e-05 1.628883e-02 4.095643e-04 4.623579e-01 0.000000e+00 2.133994e+03 1.026467e+06 1.000000e+00 1.305787e+05 1.819508e+02
 2.045946e-01 2.857349e-04 0.000000e+00 3.822406e-08 2.002498e-01 5.248942e+02 9.765228e-02 0.000000e+00 1.029038e+04 2.682216e+02 1.206455e-05 1.602099e-02 4.467031e-04 5.042840e-01 0.000000e+00 2.095056e+03 9.391796e+05 1.000000e+00 1.284693e+05 1.790116e+02
 2.045946e-01 3.078159e-04 0.000000e+00 4.090061e-08 2.035873e-01 5.309473e+02 1.081178e-01 0.000000e+00 1.029122e+04 2.660248e+02 1.189026e-05 1.575390e-02 4.863643e-04 5.490576e-01 0.000000e+00 2.054773e+03 8.601076e+05 1.000000e+00 1.263736e+05 1.760914e+02
 2.045946e-01 3.314425e-04 0.000000e+00 4.376211e-08 2.070227e-01 5.368979e+02 1.196054e-01 0.000000e+00 1.029232e+04 2.638225e+02 1.171589e-05 1.548737e-02 5.286661e-04 5.968121e-01 0.000000e+00 2.012895e+03 7.882384e+05 1.000000e+00 1.242898e+05 1.731879e+02
 2.045946e-01 3.567212e-04 0.000000e+00 4.682097e-08 2.105632e-01 5.427533e+02 1.322851e-01 0.000000e+00 1.029375e+04 2.616132e+02 1.154132e-05 1.522128e-02 5.737461e-04 6.477030e-01 0.000000e+00 1.969176e+03 7.226819e+05 1.000000e+00 1.222169e+05 1.702994e+02
 2.045946e-01 3.837659e-04 0.000000e+00 5.009041e-08 2.142167e-01 5.485204e+02 1.461087e-01 0.000000e+00 1.029554e+04 2.593952e+02 1.136644e-05 1.495545e-02 6.217451e-04 7.018892e-01 0.000000e+00 1.923254e+03 6.626400e+05 1.000000e+00 1.201534e+05 1.674240e+02
 2.045946e-01 4.126981e-04 0.000000e+00 5.358444e-08 2.179925e-01 5.542046e+02 1.615091e-01 0.000000e+00 1.029783e+04 2.571675e+02 1.119119e-05 1.468981e-02 6.728623e-04 7.595954e-01 0.000000e+00 1.874809e+03 6.073967e+05 1.000000e+00 1.180984e+05 1.645606e+02
 2.045946e-01 4.436473e-04 0.000000e+00 5.731796e-08 2.218160e-01 5.596788e+02 1.787670e-01 0.000000e+00 1.030052e+04 2.549747e+02 1.101910e-05 1.442970e-02 7.240123e-04 8.173388e-01 0.000000e+00 1.824052e+03 5.588356e+05 1.000000e+00 1.160931e+05 1.617663e+02
 2.045946e-01 4.767515e-04 0.000000e+00 6.130676e-08 2.257016e-01 5.649797e+02 1.978025e-01 0.000000e+00 1.030324e+04 2.528039e+02 1.084913e-05 1.417354e-02 7.748980e-04 8.747838e-01 0.000000e+00 1.775117e+03 5.170314e+05 1.000000e+00 1.141246e+05 1.590235e+02
 2.045946e-01 5.121580e-04 0.000000e+00 6.556760e-08 2.297439e-01 5.702555e+02 2.188010e-01 0.000000e+00 1.030593e+04 2.506026e+02 1.067721e-05 1.391519e-02 8.281751e-04 9.349284e-01 0.000000e+00 1.726641e+03 4.789872e+05 1.000000e+00 1.121458e+05 1.562661e+02
 2.045946e-01 5.500234e-04 0.000000e+00 7.011823e-08 2.339577e-01 5.755101e+02 2.418798e-01 0.000000e+00 1.030868e+04 2.483688e+02 1.050322e-05 1.365450e-02 8.836514e-04 9.975557e-01 0.000000e+00 1.678201e+03 4.443246e+05 1.000000e+00 1.101554e+05 1.534927e+02
 2.045946e-01 5.905147e-04 0.000000e+00 7.497743e-08 2.383576e-01 5.807471e+02 2.674644e-01 0.000000e+00 1.031157e+04 2.461001e+02 1.032701e-05 1.339131e-02 9.410608e-04 1.062365e+00 0.000000e+00 1.629423e+03 4.127103e+05 1.000000e+00 1.081523e+05 1.507015e+02
 2.045946e-01 6.338098e-04 0.000000e+00 8.016507e-08 2.429614e-01 5.859716e+02 2.958449e-01 0.000000e+00 1.031464e+04 2.437936e+02 1.014839e-05 1.312537e-02 1.000056e-03 1.128966e+00 0.000000e+00 1.579952e+03 3.838457e+05 1.000000e+00 1.061345e+05 1.478899e+02
 2.045946e-01 6.800979e-04 0.000000e+00 8.570217e-08 2.477895e-01 5.911891e+02 3.273794e-01 0.000000e+00 1.031795e+04 2.414456e+02 9.967129e-06 1.285638e-02 1.060214e-03 1.196878e+00 0.000000e+00 1.529473e+03 3.574631e+05 1.000000e+00 1.041000e+05 1.450549e+02
 2.045946e-01 7.295801e-04 0.000000e+00 9.161088e-08 2.528651e-01 5.964055e+02 3.624729e-01 0.000000e+00 1.032157e+04 2.390520e+02 9.782964e-06 1.258401e-02 1.121006e-03 1.265506e+00 0.000000e+00 1.477686e+03 3.333214e+05 1.000000e+00 1.020462e+05 1.421931e+02
 2.045946e-01 7.824703e-04 0.000000e+00 9.791459e-08 2.582154e-01 6.016272e+02 4.015945e-01 0.000000e+00 1.032555e+04 2.366081e+02 9.595598e-06 1.230788e-02 1.181790e-03 1.334124e+00 0.000000e+00 1.424290e+03 3.112005e+05 1.000000e+00 9.997031e+04 1.393006e+02
 2.045946e-01 8.389960e-04 0.000000e+00 1.046379e-07 2.638716e-01 6.068610e+02 4.452885e-01 0.000000e+00 1.032997e+04 2.341086e+02 9.404699e-06 1.202757e-02 1.241792e-03 1.401861e+00 0.000000e+00 1.368975e+03 2.908969e+05 1.000000e+00 9.786932e+04 1.363730e+02
 2.045946e-01 8.993985e-04 0.000000e+00 1.118068e-07 2.698702e-01 6.121143e+02 4.941840e-01 0.000000e+00 1.033492e+04 2.315475e+02 9.209889e-06 1.174262e-02 1.300095e-03 1.467679e+00 0.000000e+00 1.311408e+03 2.722186e+05 1.000000e+00 9.573971e+04 1.334056e+02
 2.045946e-01 9.639341e-04 0.000000e+00 1.194483e-07 2.762539e-01 6.173947e+02 5.490256e-01 0.000000e+00 1.034048e+04 2.289181e+02 9.010752e-06 1.145248e-02 1.355617e-03 1.530359e+00 0.000000e+00 1.251221e+03 2.549796e+05 1.000000e+00 9.357765e+04 1.303929e+02
 2.045946e-01 1.032875e-03 0.000000e+00 1.275911e-07 2.830731e-01 6.227101e+02 6.105972e-01 0.000000e+00 1.034677e+04 2.262128e+02 8.806827e-06 1.115660e-02 1.407099e-03 1.588476e+00 0.000000e+00 1.187982e+03 2.389923e+05 1.000000e+00 9.137898e+04 1.273292e+02
 2.045946e-01 1.106508e-03 0.000000e+00 1.362650e-07 2.903883e-01 6.280687e+02 6.797984e-01 0.000000e+00 1.035398e+04 2.234232e+02 8.597605e-06 1.085435e-02 1.453079e-03 1.640383e+00 0.000000e+00 1.121168e+03 2.240581e+05 1.000000e+00 8.913913e+04 1.242082e+02
 2.045946e-01 1.185140e-03 0.000000e+00 1.455012e-07 2.981662e-01 6.333902e+02 7.586932e-01 0.000000e+00 1.036214e+04 2.205766e+02 8.385272e-06 1.054900e-02 1.487211e-03 1.678916e+00 0.000000e+00 1.050445e+03 2.106004e+05 1.000000e+00 8.688224e+04 1.210634e+02
 2.045946e-01 1.269092e-03 0.000000e+00 1.553322e-07 3.064843e-01 6.386949e+02 8.485589e-01 0.000000e+00 1.037107e+04 2.176565e+02 8.168721e-06 1.023904e-02 1.507833e-03 1.702196e+00 0.000000e+00 9.782807e+02 1.988467e+05 1.000000e+00 8.459708e+04 1.178792e+02
 2.045946e-01 1.358707e-03 0.000000e+00 1.657920e-07 3.155462e-01 6.440879e+02 9.503166e-01 0.000000e+00 1.038080e+04 2.146090e+02 7.944151e-06 9.919203e-03 1.516610e-03 1.712104e+00 0.000000e+00 9.037274e+02 1.880297e+05 1.000000e+00 8.224469e+04 1.146014e+02
 2.045946e-01 1.454346e-03 0.000000e+00 1.769156e-07 3.254742e-01 6.495771e+02 1.066131e+00 0.000000e+00 1.039151e+04 2.114195e+02 7.710749e-06 9.588535e-03 1.511011e-03 1.705783e+00 0.000000e+00 8.264187e+02 1.780119e+05 1.000000e+00 7.981819e+04 1.112202e+02
 2.045946e-01 1.556388e-03 0.000000e+00 1.887395e-07 3.364157e-01 6.551696e+02 1.198415e+00 0.000000e+00 1.040334e+04 2.080714e+02 7.467633e-06 9.246041e-03 1.488283e-03 1.680125e+00 0.000000e+00 7.460920e+02 1.686487e+05 1.000000e+00 7.731019e+04 1.077255e+02
 2.045946e-01 1.665235e-03 0.000000e+00 2.013012e-07 3.485494e-01 6.608702e+02 1.349867e+00 0.000000e+00 1.041647e+04 2.045466e+02 7.213867e-06 8.890694e-03 1.445521e-03 1.631851e+00 0.000000e+00 6.626500e+02 1.597806e+05 1.000000e+00 7.471303e+04 1.041066e+02
 2.045946e-01 1.781310e-03 0.000000e+00 2.146392e-07 3.620901e-01 6.666791e+02 1.523716e+00 0.000000e+00 1.043100e+04 2.008254e+02 6.948521e-06 8.521535e-03 1.379823e-03 1.557684e+00 0.000000e+00 5.762903e+02 1.512289e+05 1.000000e+00 7.201934e+04 1.003532e+02
 2.045946e-01 1.905058e-03 0.000000e+00 2.287933e-07 3.772804e-01 6.725885e+02 1.723717e+00 0.000000e+00 1.044663e+04 1.968884e+02 6.670792e-06 8.137839e-03 1.288650e-03 1.454759e+00 0.000000e+00 4.877602e+02 1.428024e+05 1.000000e+00 6.922328e+04 9.645706e+01
 2.045946e-01 2.036944e-03 0.000000e+00 2.438038e-07 3.947830e-01 6.787003e+02 1.964666e+00 0.000000e+00 1.046382e+04 1.926326e+02 6.374242e-06 7.731254e-03 1.121795e-03 1.266397e+00 0.000000e+00 3.955065e+02 1.338667e+05 1.000000e+00 6.626309e+04 9.233228e+01
 2.045946e-01 2.177458e-03 0.000000e+00 2.597117e-07 4.172191e-01 6.855736e+02 2.299402e+00 0.000000e+00 1.048668e+04 1.875863e+02 6.027830e-06 7.260490e-03 7.792882e-04 8.797398e-01 0.000000e+00 2.881546e+02 1.219305e+05 1.000000e+00 6.283680e+04 8.755802e+01
 2.045946e-01 2.327113e-03 0.000000e+00 2.765584e-07 4.508050e-01 6.940513e+02 2.721455e+00 0.000000e+00 1.053442e+04 1.808735e+02 5.576436e-06 6.654045e-03 4.131987e-04 4.664607e-01 0.000000e+00 1.456738e+02 9.922484e+04 1.000000e+00 5.842002e+04 8.140359e+01
 2.045946e-01 2.486445e-03 0.000000e+00 2.943856e-07 4.929865e-01 7.023830e+02 3.087465e+00 0.000000e+00 1.055720e+04 1.731494e+02 5.071441e-06 5.985333e-03 1.646343e-04 1.858560e-01 0.000000e+00 3.482248e+01 6.636891e+04 1.000000e+00 5.353697e+04 7.459946e+01
 2.045946e-01 2.656012e-03 0.000000e+00 3.132347e-07 5.139513e-01 7.056162e+02 3.430299e+00 0.000000e+00 1.056336e+04 1.696305e+02 4.846866e-06 5.691383e-03 5.117443e-05 5.777090e-02 0.000000e+00 5.108593e+00 5.130625e+04 1.000000e+00 5.138307e+04 7.159818e+01
 2.045946e-01 2.836395e-03 0.000000e+00 3.331467e-07 5.180549e-01 7.062214e+02 3.477783e+00 0.000000e+00 1.056073e+04 1.689364e+02 4.802989e-06 5.634204e-03 7.191290e-06 8.118260e-03 0.000000e+00 6.760655e-01 4.870322e+04 1.000000e+00 5.096340e+04 7.101339e+01
 2.045946e-01 3.028200e-03 0.000000e+00 3.541616e-07 5.185355e-01 7.063055e+02 3.510172e+00 0.000000e+00 1.055859e+04 1.688409e+02 4.796967e-06 5.626362e-03 1.811983e-06 2.045550e-03 0.000000e+00 1.691122e-01 4.839489e+04 1.000000e+00 5.090583e+04 7.093317e+01
 2.045946e-01 3.232053e-03 0.000000e+00 3.763182e-07 5.185127e-01 7.063233e+02 3.545828e+00 0.000000e+00 1.055591e+04 1.688232e+02 4.795847e-06 5.624905e-03 1.272840e-06 1.436911e-03 0.000000e+00 1.187144e-01 4.836029e+04 1.000000e+00 5.089513e+04 7.091826e+01
 2.045946e-01 3.448600e-03 0.000000e+00 3.996533e-07 5.184117e-01 7.063363e+02 3.594870e+00 0.000000e+00 1.055242e+04 1.688117e+02 4.795123e-06 5.623962e-03 1.221947e-06 1.379459e-03 0.000000e+00 1.139769e-01 4.835473e+04 1.000000e+00 5.088821e+04 7.090862e+01
 2.045946e-01 3.678511e-03 0.000000e+00 4.242015e-07 5.183024e-01 7.063484e+02 3.640363e+00 0.000000e+00 1.054890e+04 1.688014e+02 4.794474e-06 5.623117e-03 1.217452e-06 1.374383e-03 0.000000e+00 1.135798e-01 4.835401e+04 1.000000e+00 5.088200e+04 7.089997e+01
 2.045946e-01 3.922470e-03 0.000000e+00 4.499941e-07 5.181728e-01 7.063618e+02 3.689641e+00 0.000000e+00 1.054487e+04 1.687902e+02 4.793768e-06 5.622197e-03 1.216680e-06 1.373512e-03 0.000000e+00 1.135315e-01 4.835202e+04 1.000000e+00 5.087525e+04 7.089056e+01
 2.045946e-01 4.181180e-03 0.000000e+00 4.770588e-07 5.180463e-01 7.063749e+02 3.737283e+00 0.000000e+00 1.054091e+04 1.687791e+02 4.793068e-06 5.621286e-03 1.216195e-06 1.372965e-03 0.000000e+00 1.135100e-01 4.835032e+04 1.000000e+00 5.086855e+04 7.088123e+01
 2.045946e-01 4.455356e-03 0.000000e+00 5.054184e-07 5.179205e-01 7.063876e+02 3.783269e+00 0.000000e+00 1.053698e+04 1.687682e+02 4.792376e-06 5.620386e-03 1.215717e-06 1.372425e-03 0.000000e+00 1.134882e-01 4.834834e+04 1.000000e+00 5.086195e+04 7.087203e+01
 2.045946e-01 4.745728e-03 0.000000e+00 5.350907e-07 5.178025e-01 7.063999e+02 3.825469e+00 0.000000e+00 1.053331e+04 1.687580e+02 4.791734e-06 5.619550e-03 1.215264e-06 1.371914e-03 0.000000e+00 1.134681e-01 4.834677e+04 1.000000e+00 5.085581e+04 7.086347e+01
 2.045946e-01 5.053030e-03 0.000000e+00 5.660871e-07 5.176949e-01 7.064108e+02 3.864578e+00 0.000000e+00 1.052998e+04 1.687488e+02 4.791158e-06 5.618800e-03 1.214871e-06 1.371470e-03 0.000000e+00 1.134529e-01 4.834590e+04 1.000000e+00 5.085030e+04 7.085580e+01
 2.045946e-01 5.378003e-03 0.000000e+00 5.984114e-07 5.175963e-01 7.064203e+02 3.899531e+00 0.000000e+00 1.052694e+04 1.687406e+02 4.790636e-06 5.618120e-03 1.214531e-06 1.371086e-03 0.000000e+00 1.134419e-01 4.834550e+04 1.000000e+00 5.084531e+04 7.084885e+01
 2.045946e-01 5.721386e-03 0.000000e+00 6.320595e-07 5.175156e-01 7.064280e+02 3.933012e+00 0.000000e+00 1.052443e+04 1.687336e+02 4.790199e-06 5.617552e-03 1.214265e-06 1.370786e-03 0.000000e+00 1.134360e-01 4.834603e+04 1.000000e+00 5.084114e+04 7.084303e+01
 2.045946e-01 6.083916e-03 0.000000e+00 6.670179e-07 5.174436e-01 7.064353e+02 3.962114e+00 0.000000e+00 1.052220e+04 1.687275e+02 4.789810e-06 5.617046e-03 1.214014e-06 1.370503e-03 0.000000e+00 1.134302e-01 4.834681e+04 1.000000e+00 5.083742e+04 7.083785e+01
 2.045946e-01 6.466315e-03 0.000000e+00 7.032623e-07 5.173967e-01 7.064405e+02 3.991002e+00 0.000000e+00 1.052070e+04 1.687231e+02 4.789536e-06 5.616689e-03 1.213890e-06 1.370362e-03 0.000000e+00 1.134347e-01 4.834932e+04 1.000000e+00 5.083480e+04 7.083420e+01
 2.045946e-01 6.869293e-03 0.000000e+00 7.407573e-07 5.173672e-01 7.064436e+02 4.015589e+00 0.000000e+00 1.051973e+04 1.687201e+02 4.789348e-06 5.616444e-03 1.213776e-06 1.370234e-03 0.000000e+00 1.134358e-01 4.835154e+04 1.000000e+00 5.083300e+04 7.083170e+01
 2.045946e-01 7.293534e-03 0.000000e+00 7.794546e-07 5.173552e-01 7.064463e+02 4.036266e+00 0.000000e+00 1.051927e+04 1.687184e+02 4.789238e-06 5.616301e-03 1.213727e-06 1.370179e-03 0.000000e+00 1.134435e-01 4.835566e+04 1.000000e+00 5.083195e+04 7.083023e+01
 2.045946e-01 7.739691e-03 0.000000e+00 8.192921e-07 5.173531e-01 7.064468e+02 4.052914e+00 0.000000e+00 1.051911e+04 1.687174e+02 4.789178e-06 5.616223e-03 1.213726e-06 1.370177e-03 0.000000e+00 1.134526e-01 4.835940e+04 1.000000e+00 5.083138e+04 7.082943e+01
 2.045946e-01 8.208379e-03 0.000000e+00 8.601931e-07 5.173597e-01 7.064480e+02 4.063787e+00 0.000000e+00 1.051921e+04 1.687171e+02 4.789160e-06 5.616200e-03 1.213797e-06 1.370258e-03 0.000000e+00 1.134708e-01 4.836492e+04 1.000000e+00 5.083121e+04 7.082919e+01
 2.045946e-01 8.700167e-03 0.000000e+00 9.020651e-07 5.173857e-01 7.064465e+02 4.067980e+00 0.000000e+00 1.051988e+04 1.687183e+02 4.789231e-06 5.616292e-03 1.213877e-06 1.370348e-03 0.000000e+00 1.134847e-01 4.837009e+04 1.000000e+00 5.083189e+04 7.083014e+01
 2.045946e-01 9.215565e-03 0.000000e+00 9.447992e-07 5.174299e-01 7.064440e+02 4.066507e+00 0.000000e+00 1.052107e+04 1.687206e+02 4.789379e-06 5.616484e-03 1.214018e-06 1.370507e-03 0.000000e+00 1.135031e-01 4.837645e+04 1.000000e+00 5.083330e+04 7.083211e+01
 2.045946e-01 9.755020e-03 0.000000e+00 9.882692e-07 5.174886e-01 7.064390e+02 4.063419e+00 0.000000e+00 1.052267e+04 1.687239e+02 4.789583e-06 5.616750e-03 1.214212e-06 1.370726e-03 0.000000e+00 1.135248e-01 4.838346e+04 1.000000e+00 5.083525e+04 7.083483e+01
 2.045946e-01 1.031890e-02 0.000000e+00 1.032331e-06 5.175577e-01 7.064343e+02 4.059222e+00 0.000000e+00 1.052460e+04 1.687281e+02 4.789852e-06 5.617101e-03 1.214451e-06 1.370996e-03 0.000000e+00 1.135499e-01 4.839112e+04 1.000000e+00 5.083782e+04 7.083841e+01
 2.045946e-01 1.090750e-02 0.000000e+00 1.076824e-06 5.176477e-01 7.064276e+02 4.052149e+00 0.000000e+00 1.052710e+04 1.687335e+02 4.790190e-06 5.617539e-03 1.214747e-06 1.371330e-03 0.000000e+00 1.135774e-01 4.839941e+04 1.000000e+00 5.084105e+04 7.084290e+01
 2.045946e-01 1.152100e-02 0.000000e+00 1.121567e-06 5.177352e-01 7.064208e+02 4.045264e+00 0.000000e+00 1.052957e+04 1.687390e+02 4.790540e-06 5.617996e-03 1.215046e-06 1.371668e-03 0.000000e+00 1.136062e-01 4.840798e+04 1.000000e+00 5.084440e+04 7.084758e+01
 2.045946e-01 1.215948e-02 0.000000e+00 1.166364e-06 5.178178e-01 7.064153e+02 4.039460e+00 0.000000e+00 1.053186e+04 1.687439e+02 4.790847e-06 5.618395e-03 1.215372e-06 1.372036e-03 0.000000e+00 1.136426e-01 4.841823e+04 1.000000e+00 5.084733e+04 7.085165e+01
 2.045946e-01 1.282293e-02 0.000000e+00 1.211002e-06 5.178970e-01 7.064097e+02 4.036042e+00 0.000000e+00 1.053410e+04 1.687489e+02 4.791164e-06 5.618807e-03 1.215636e-06 1.372334e-03 0.000000e+00 1.136696e-01 4.842661e+04 1.000000e+00 5.085036e+04 7.085588e+01
 2.045946e-01 1.351117e-02 0.000000e+00 1.255249e-06 5.179774e-01 7.064034e+02 4.034764e+00 0.000000e+00 1.053637e+04 1.687540e+02 4.791483e-06 5.619224e-03 1.215903e-06 1.372635e-03 0.000000e+00 1.136975e-01 4.843541e+04 1.000000e+00 5.085341e+04 7.086013e+01
 2.045946e-01 1.422394e-02 0.000000e+00 1.298864e-06 5.180613e-01 7.063970e+02 4.035031e+00 0.000000e+00 1.053872e+04 1.687592e+02 4.791810e-06 5.619649e-03 1.216196e-06 1.372966e-03 0.000000e+00 1.137272e-01 4.844421e+04 1.000000e+00 5.085653e+04 7.086448e+01
 2.045946e-01 1.496080e-02 0.000000e+00 1.341589e-06 5.181404e-01 7.063916e+02 4.037489e+00 0.000000e+00 1.054096e+04 1.687643e+02 4.792130e-06 5.620065e-03 1.216432e-06 1.373232e-03 0.000000e+00 1.137507e-01 4.845224e+04 1.000000e+00 5.085959e+04 7.086875e+01
 2.045946e-01 1.572119e-02 0.000000e+00 1.383158e-06 5.182186e-01 7.063850e+02 4.041954e+00 0.000000e+00 1.054315e+04 1.687690e+02 4.792432e-06 5.620458e-03 1.216774e-06 1.373619e-03 0.000000e+00 1.137941e-01 4.846438e+04 1.000000e+00 5.086248e+04 7.087277e+01
 2.045946e-01 1.650438e-02 0.000000e+00 1.423299e-06 5.183014e-01 7.063788e+02 4.047111e+00 0.000000e+00 1.054551e+04 1.687744e+02 4.792769e-06 5.620897e-03 1.217129e-06 1.374019e-03 0.000000e+00 1.138353e-01 4.847555e+04 1.000000e+00 5.086570e+04 7.087726e+01
 2.045946e-01 1.730950e-02 0.000000e+00 1.461734e-06 5.183855e-01 7.063723e+02 4.054225e+00 0.000000e+00 1.054789e+04 1.687798e+02 4.793111e-06 5.621342e-03 1.217522e-06 1.374463e-03 0.000000e+00 1.138853e-01 4.848904e+04 1.000000e+00 5.086897e+04 7.088181e+01
 2.045946e-01 1.813551e-02 0.000000e+00 1.498184e-06 5.184690e-01 7.063655e+02 4.064063e+00 0.000000e+00 1.055022e+04 1.687848e+02 4.793428e-06 5.621755e-03 1.217725e-06 1.374692e-03 0.000000e+00 1.139032e-01 4.849640e+04 1.000000e+00 5.087200e+04 7.088603e+01
 2.045946e-01 1.898124e-02 0.000000e+00 1.532375e-06 5.185501e-01 7.063592e+02 4.075444e+00 0.000000e+00 1.055261e+04 1.687908e+02 4.793802e-06 5.622242e-03 1.217969e-06 1.374967e-03 0.000000e+00 1.139279e-01 4.850482e+04 1.000000e+00 5.087558e+04 7.089102e+01
 2.045946e-01 1.984535e-02 0.000000e+00 1.564039e-06 5.186414e-01 7.063527e+02 4.088598e+00 0.000000e+00 1.055513e+04 1.687961e+02 4.794136e-06 5.622677e-03 1.218358e-06 1.375406e-03 0.000000e+00 1.139759e-01 4.851827e+04 1.000000e+00 5.087877e+04 7.089547e+01
 2.045946e-01 2.072635e-02 0.000000e+00 1.592919e-06 5.187392e-01 7.063457e+02 4.103411e+00 0.000000e+00 1.055791e+04 1.688023e+02 4.794530e-06 5.623189e-03 1.218756e-06 1.375856e-03 0.000000e+00 1.140226e-01 4.853144e+04 1.000000e+00 5.088253e+04 7.090071e+01
 2.045946e-01 2.162263e-02 0.000000e+00 1.618773e-06 5.188675e-01 7.063349e+02 4.118638e+00 0.000000e+00 1.056154e+04 1.688105e+02 4.795045e-06 5.623860e-03 1.219232e-06 1.376393e-03 0.000000e+00 1.140705e-01 4.854488e+04 1.000000e+00 5.088745e+04 7.090757e+01
 2.045946e-01 2.253243e-02 0.000000e+00 1.641381e-06 5.190267e-01 7.063231e+02 4.147489e+00 0.000000e+00 1.056607e+04 1.688208e+02 4.795694e-06 5.624705e-03 1.219729e-06 1.376954e-03 0.000000e+00 1.141112e-01 4.855731e+04 1.000000e+00 5.089366e+04 7.091622e+01
 2.045946e-01 2.345388e-02 0.000000e+00 1.660543e-06 5.192037e-01 7.063077e+02 4.188994e+00 0.000000e+00 1.057117e+04 1.688328e+02 4.796451e-06 5.625690e-03 1.220344e-06 1.377649e-03 0.000000e+00 1.141659e-01 4.857265e+04 1.000000e+00 5.090090e+04 7.092630e+01
 2.045946e-01 2.438503e-02 0.000000e+00 1.676087e-06 5.193395e-01 7.062977e+02 4.221288e+00 0.000000e+00 1.057496e+04 1.688409e+02 4.796963e-06 5.626357e-03 1.220918e-06 1.378296e-03 0.000000e+00 1.142274e-01 4.858871e+04 1.000000e+00 5.090579e+04 7.093312e+01
 2.045946e-01 2.532379e-02 0.000000e+00 1.687873e-06 5.194188e-01 7.062907e+02 4.240628e+00 0.000000e+00 1.057724e+04 1.688462e+02 4.797298e-06 5.626793e-03 1.221211e-06 1.378628e-03 0.000000e+00 1.142653e-01 4.860056e+04 1.000000e+00 5.090899e+04 7.093758e+01
 2.045946e-01 2.626806e-02 0.000000e+00 1.695791e-06 5.194557e-01 7.062920e+02 4.246874e+00 0.000000e+00 1.057790e+04 1.688455e+02 4.797256e-06 5.626739e-03 1.221719e-06 1.379200e-03 0.000000e+00 1.143489e-01 4.861936e+04 1.000000e+00 5.090860e+04 7.093703e+01
 2.045946e-01 2.721565e-02 0.000000e+00 1.699769e-06 5.194211e-01 7.062875e+02 4.245693e+00 0.000000e+00 1.057768e+04 1.688494e+02 4.797500e-06 5.627056e-03 1.220944e-06 1.378325e-03 0.000000e+00 1.142707e-01 4.861371e+04 1.000000e+00 5.091092e+04 7.094027e+01
