# Variables: 1:pos.x 2:pos.y 3:pos.z 4:volume 5:rho 6:vel.x 7:vel.y 8:vel.z 9:p 10:a 11:mu 12:k[0] 13:mu_t 14:k_t 15:S 16:tke 17:omega 18:massf[0]-air 19:e[0] 20:T[0]
 2.063881e-01 9.808141e-07 0.000000e+00 3.521610e-09 1.241159e-01 8.509516e+00 -1.441521e-04 0.000000e+00 1.056530e+04 3.452163e+02 1.830433e-05 2.597372e-02 4.964727e-13 5.604689e-10 0.000000e+00 2.973801e-02 7.434367e+09 1.000000e+00 2.128112e+05 2.965353e+02
 2.063881e-01 3.011886e-06 0.000000e+00 3.770947e-09 1.241816e-01 2.613392e+01 -4.024016e-04 0.000000e+00 1.056524e+04 3.451239e+02 1.829677e-05 2.596128e-02 5.026512e-11 5.674439e-08 0.000000e+00 6.290208e-01 1.554016e+09 1.000000e+00 2.126974e+05 2.963767e+02
 2.063881e-01 5.186755e-06 0.000000e+00 4.037916e-09 1.243766e-01 4.502068e+01 -8.221813e-04 0.000000e+00 1.056497e+04 3.448489e+02 1.827424e-05 2.592423e-02 8.957970e-10 1.011267e-06 0.000000e+00 3.999909e+00 5.553658e+08 1.000000e+00 2.123585e+05 2.959044e+02
 2.063881e-01 7.515591e-06 0.000000e+00 4.323762e-09 1.246987e-01 6.527244e+01 -1.156377e-03 0.000000e+00 1.056408e+04 3.443887e+02 1.823655e-05 2.586224e-02 7.006723e-09 7.909902e-06 0.000000e+00 1.473013e+01 2.621522e+08 1.000000e+00 2.117921e+05 2.951152e+02
 2.063881e-01 1.000928e-05 0.000000e+00 4.629815e-09 1.251741e-01 8.699475e+01 -1.467077e-03 0.000000e+00 1.056194e+04 3.436993e+02 1.818009e-05 2.576943e-02 3.462095e-08 3.908365e-05 0.000000e+00 4.035429e+01 1.459033e+08 1.000000e+00 2.109450e+05 2.939349e+02
 2.063881e-01 1.267947e-05 0.000000e+00 4.957500e-09 1.258283e-01 1.102593e+02 -1.767239e-03 0.000000e+00 1.055759e+04 3.427340e+02 1.810105e-05 2.563956e-02 1.275016e-07 1.439368e-04 0.000000e+00 9.195823e+01 9.075140e+07 1.000000e+00 2.097618e+05 2.922862e+02
 2.063881e-01 1.553864e-05 0.000000e+00 5.308341e-09 1.266962e-01 1.350670e+02 -1.834184e-03 0.000000e+00 1.054978e+04 3.414318e+02 1.799442e-05 2.546450e-02 3.797057e-07 4.286504e-04 0.000000e+00 1.840050e+02 6.139685e+07 1.000000e+00 2.081709e+05 2.900694e+02
 2.063881e-01 1.860014e-05 0.000000e+00 5.683970e-09 1.277983e-01 1.612022e+02 -1.601098e-03 0.000000e+00 1.053709e+04 3.397519e+02 1.785689e-05 2.523894e-02 9.533212e-07 1.076206e-03 0.000000e+00 3.316183e+02 4.445537e+07 1.000000e+00 2.061275e+05 2.872220e+02
 2.063881e-01 2.187827e-05 0.000000e+00 6.086132e-09 1.291688e-01 1.882027e+02 -7.469752e-04 0.000000e+00 1.051852e+04 3.376468e+02 1.768459e-05 2.495670e-02 2.067178e-06 2.333641e-03 0.000000e+00 5.437088e+02 3.397395e+07 1.000000e+00 2.035810e+05 2.836737e+02
 2.063881e-01 2.538832e-05 0.000000e+00 6.516693e-09 1.307903e-01 2.152447e+02 9.729232e-05 0.000000e+00 1.049438e+04 3.351619e+02 1.748126e-05 2.462419e-02 3.941810e-06 4.449917e-03 0.000000e+00 8.137555e+02 2.700062e+07 1.000000e+00 2.005955e+05 2.795136e+02
 2.063881e-01 2.914666e-05 0.000000e+00 6.977652e-09 1.326491e-01 2.415528e+02 2.558255e-03 0.000000e+00 1.046661e+04 3.323648e+02 1.725249e-05 2.425076e-02 6.734402e-06 7.602478e-03 0.000000e+00 1.116063e+03 2.198335e+07 1.000000e+00 1.972614e+05 2.748678e+02
 2.063881e-01 3.317084e-05 0.000000e+00 7.471144e-09 1.347669e-01 2.663380e+02 -2.243060e-03 0.000000e+00 1.043777e+04 3.292883e+02 1.700099e-05 2.384110e-02 1.054961e-05 1.190948e-02 0.000000e+00 1.416758e+03 1.809849e+07 1.000000e+00 1.936264e+05 2.698029e+02
 2.063881e-01 3.747960e-05 0.000000e+00 7.999457e-09 1.370264e-01 2.891454e+02 4.275721e-03 0.000000e+00 1.041207e+04 3.261599e+02 1.674538e-05 2.342572e-02 1.544475e-05 1.743561e-02 0.000000e+00 1.680686e+03 1.491110e+07 1.000000e+00 1.899648e+05 2.647006e+02
 2.063881e-01 4.209303e-05 0.000000e+00 8.565034e-09 1.393671e-01 3.091427e+02 5.703365e-03 0.000000e+00 1.039147e+04 3.230891e+02 1.649465e-05 2.301923e-02 2.104263e-05 2.375506e-02 0.000000e+00 1.871362e+03 1.239419e+07 1.000000e+00 1.864046e+05 2.597398e+02
 2.063881e-01 4.703260e-05 0.000000e+00 9.170491e-09 1.417698e-01 3.266364e+02 5.717602e-03 0.000000e+00 1.037354e+04 3.200631e+02 1.624775e-05 2.261990e-02 2.726363e-05 3.077796e-02 0.000000e+00 2.029358e+03 1.055258e+07 1.000000e+00 1.829293e+05 2.548973e+02
 2.063881e-01 5.232132e-05 0.000000e+00 9.818622e-09 1.442270e-01 3.427479e+02 6.912589e-03 0.000000e+00 1.035741e+04 3.170782e+02 1.600438e-05 2.222724e-02 3.447005e-05 3.891330e-02 0.000000e+00 2.162286e+03 9.047274e+06 1.000000e+00 1.795332e+05 2.501651e+02
 2.063881e-01 5.798377e-05 0.000000e+00 1.051242e-08 1.467239e-01 3.576423e+02 8.777478e-03 0.000000e+00 1.034332e+04 3.141548e+02 1.576622e-05 2.184391e-02 4.267019e-05 4.817045e-02 0.000000e+00 2.269578e+03 7.804074e+06 1.000000e+00 1.762379e+05 2.455733e+02
 2.063881e-01 6.404630e-05 0.000000e+00 1.125508e-08 1.492589e-01 3.714414e+02 1.071427e-02 0.000000e+00 1.033121e+04 3.112931e+02 1.553329e-05 2.146992e-02 5.188028e-05 5.856775e-02 0.000000e+00 2.352791e+03 6.768947e+06 1.000000e+00 1.730418e+05 2.411198e+02
 2.063881e-01 7.053707e-05 0.000000e+00 1.205001e-08 1.518253e-01 3.842734e+02 1.288188e-02 0.000000e+00 1.032090e+04 3.084968e+02 1.530589e-05 2.110569e-02 6.213407e-05 7.014327e-02 0.000000e+00 2.414914e+03 5.900870e+06 1.000000e+00 1.699469e+05 2.368073e+02
 2.063881e-01 7.748622e-05 0.000000e+00 1.290088e-08 1.544183e-01 3.962553e+02 1.536364e-02 0.000000e+00 1.031221e+04 3.057669e+02 1.508410e-05 2.075132e-02 7.346961e-05 8.293997e-02 0.000000e+00 2.458814e+03 5.167929e+06 1.000000e+00 1.669525e+05 2.326349e+02
 2.063881e-01 8.492599e-05 0.000000e+00 1.381159e-08 1.570367e-01 4.074967e+02 1.747598e-02 0.000000e+00 1.030489e+04 3.030994e+02 1.486760e-05 2.040624e-02 8.594253e-05 9.702067e-02 0.000000e+00 2.487314e+03 4.544894e+06 1.000000e+00 1.640522e+05 2.285935e+02
 2.063881e-01 9.289087e-05 0.000000e+00 1.478630e-08 1.596830e-01 4.180859e+02 2.126940e-02 0.000000e+00 1.029894e+04 3.004906e+02 1.465610e-05 2.006993e-02 9.961536e-05 1.124560e-01 0.000000e+00 2.502649e+03 4.011735e+06 1.000000e+00 1.612403e+05 2.246754e+02
 2.063881e-01 1.014178e-04 0.000000e+00 1.582948e-08 1.623573e-01 4.281032e+02 2.350588e-02 0.000000e+00 1.029410e+04 2.979355e+02 1.444917e-05 1.974170e-02 1.145663e-04 1.293341e-01 0.000000e+00 2.506698e+03 3.552361e+06 1.000000e+00 1.585099e+05 2.208708e+02
 2.063881e-01 1.105461e-04 0.000000e+00 1.694588e-08 1.650594e-01 4.376134e+02 2.709857e-02 0.000000e+00 1.029013e+04 2.954298e+02 1.424648e-05 1.942097e-02 1.308849e-04 1.477562e-01 0.000000e+00 2.500805e+03 3.153773e+06 1.000000e+00 1.558550e+05 2.171713e+02
 2.063881e-01 1.203182e-04 0.000000e+00 1.814060e-08 1.677969e-01 4.466732e+02 3.085247e-02 0.000000e+00 1.028726e+04 2.929692e+02 1.404767e-05 1.910714e-02 1.487041e-04 1.678723e-01 0.000000e+00 2.485986e+03 2.805173e+06 1.000000e+00 1.532696e+05 2.135688e+02
 2.063881e-01 1.307790e-04 0.000000e+00 1.941906e-08 1.705700e-01 4.553271e+02 3.431138e-02 0.000000e+00 1.028532e+04 2.905505e+02 1.385250e-05 1.879979e-02 1.681854e-04 1.898648e-01 0.000000e+00 2.462839e+03 2.497758e+06 1.000000e+00 1.507492e+05 2.100569e+02
 2.063881e-01 1.419769e-04 0.000000e+00 2.078707e-08 1.733825e-01 4.636111e+02 3.879473e-02 0.000000e+00 1.028441e+04 2.881715e+02 1.366077e-05 1.849861e-02 1.895470e-04 2.139800e-01 0.000000e+00 2.431670e+03 2.224298e+06 1.000000e+00 1.482908e+05 2.066312e+02
 2.063881e-01 1.539635e-04 0.000000e+00 2.225081e-08 1.761622e-01 4.713147e+02 4.457641e-02 0.000000e+00 1.028450e+04 2.858902e+02 1.347716e-05 1.821087e-02 2.113751e-04 2.386217e-01 0.000000e+00 2.391435e+03 1.993047e+06 1.000000e+00 1.459522e+05 2.033726e+02
 2.063881e-01 1.667940e-04 0.000000e+00 2.381689e-08 1.789189e-01 4.785445e+02 4.942768e-02 0.000000e+00 1.028478e+04 2.836831e+02 1.329976e-05 1.793351e-02 2.335951e-04 2.637060e-01 0.000000e+00 2.353085e+03 1.802312e+06 1.000000e+00 1.437073e+05 2.002445e+02
 2.063881e-01 1.805273e-04 0.000000e+00 2.549236e-08 1.817295e-01 4.855876e+02 5.528310e-02 0.000000e+00 1.028484e+04 2.814816e+02 1.312306e-05 1.765790e-02 2.576836e-04 2.908995e-01 0.000000e+00 2.316214e+03 1.633493e+06 1.000000e+00 1.414855e+05 1.971487e+02
 2.063881e-01 1.952264e-04 0.000000e+00 2.728474e-08 1.845998e-01 4.924556e+02 6.146574e-02 0.000000e+00 1.028488e+04 2.792853e+02 1.294702e-05 1.738397e-02 2.837210e-04 3.202932e-01 0.000000e+00 2.280067e+03 1.483499e+06 1.000000e+00 1.392862e+05 1.940840e+02
 2.063881e-01 2.109587e-04 0.000000e+00 2.920204e-08 1.875329e-01 4.991595e+02 6.830407e-02 0.000000e+00 1.028494e+04 2.770933e+02 1.277160e-05 1.711166e-02 3.117888e-04 3.519789e-01 0.000000e+00 2.244084e+03 1.349759e+06 1.000000e+00 1.371084e+05 1.910495e+02
 2.063881e-01 2.277961e-04 0.000000e+00 3.125282e-08 1.905339e-01 5.057117e+02 7.577931e-02 0.000000e+00 1.028507e+04 2.749043e+02 1.259669e-05 1.684082e-02 3.419745e-04 3.860557e-01 0.000000e+00 2.207841e+03 1.230117e+06 1.000000e+00 1.349507e+05 1.880429e+02
 2.063881e-01 2.458156e-04 0.000000e+00 3.344617e-08 1.936075e-01 5.121229e+02 8.398419e-02 0.000000e+00 1.028532e+04 2.727168e+02 1.242218e-05 1.657127e-02 3.743739e-04 4.226314e-01 0.000000e+00 2.171016e+03 1.122741e+06 1.000000e+00 1.328115e+05 1.850621e+02
 2.063881e-01 2.650993e-04 0.000000e+00 3.579181e-08 1.967592e-01 5.184039e+02 9.298813e-02 0.000000e+00 1.028573e+04 2.705291e+02 1.224797e-05 1.630285e-02 4.090840e-04 4.618157e-01 0.000000e+00 2.133332e+03 1.026080e+06 1.000000e+00 1.306893e+05 1.821050e+02
 2.063881e-01 2.857349e-04 0.000000e+00 3.830007e-08 1.999949e-01 5.245647e+02 1.028750e-01 0.000000e+00 1.028632e+04 2.683395e+02 1.207391e-05 1.603537e-02 4.462112e-04 5.037286e-01 0.000000e+00 2.094547e+03 9.387904e+05 1.000000e+00 1.285823e+05 1.791691e+02
 2.063881e-01 3.078159e-04 0.000000e+00 4.098194e-08 2.033209e-01 5.306143e+02 1.137283e-01 0.000000e+00 1.028714e+04 2.661463e+02 1.189989e-05 1.576864e-02 4.858663e-04 5.484953e-01 0.000000e+00 2.054423e+03 8.597165e+05 1.000000e+00 1.264890e+05 1.762522e+02
 2.063881e-01 3.314425e-04 0.000000e+00 4.384913e-08 2.067440e-01 5.365610e+02 1.256700e-01 0.000000e+00 1.028824e+04 2.639478e+02 1.172580e-05 1.550251e-02 5.281711e-04 5.962533e-01 0.000000e+00 2.012719e+03 7.878460e+05 1.000000e+00 1.244079e+05 1.733524e+02
 2.063881e-01 3.567212e-04 0.000000e+00 4.691407e-08 2.102716e-01 5.424127e+02 1.388026e-01 0.000000e+00 1.028965e+04 2.617423e+02 1.155151e-05 1.523679e-02 5.732574e-04 6.471513e-01 0.000000e+00 1.969145e+03 7.222851e+05 1.000000e+00 1.223376e+05 1.704675e+02
 2.063881e-01 3.837659e-04 0.000000e+00 5.019001e-08 2.139109e-01 5.481755e+02 1.531179e-01 0.000000e+00 1.029142e+04 2.595286e+02 1.137694e-05 1.497140e-02 6.212904e-04 7.013759e-01 0.000000e+00 1.923437e+03 6.622411e+05 1.000000e+00 1.202769e+05 1.675962e+02
 2.063881e-01 4.126981e-04 0.000000e+00 5.369099e-08 2.176715e-01 5.538550e+02 1.690736e-01 0.000000e+00 1.029368e+04 2.573052e+02 1.120202e-05 1.470620e-02 6.724450e-04 7.591244e-01 0.000000e+00 1.875170e+03 6.069954e+05 1.000000e+00 1.182250e+05 1.647370e+02
 2.063881e-01 4.436473e-04 0.000000e+00 5.743193e-08 2.214789e-01 5.593244e+02 1.868936e-01 0.000000e+00 1.029635e+04 2.551170e+02 1.103025e-05 1.444653e-02 7.236612e-04 8.169424e-01 0.000000e+00 1.824619e+03 5.584307e+05 1.000000e+00 1.162226e+05 1.619469e+02
 2.063881e-01 4.767515e-04 0.000000e+00 6.142867e-08 2.253473e-01 5.646202e+02 2.065361e-01 0.000000e+00 1.029904e+04 2.529508e+02 1.086062e-05 1.419084e-02 7.746378e-04 8.744900e-01 0.000000e+00 1.775902e+03 5.166218e+05 1.000000e+00 1.142574e+05 1.592084e+02
 2.063881e-01 5.121580e-04 0.000000e+00 6.569798e-08 2.293707e-01 5.698902e+02 2.281579e-01 0.000000e+00 1.030168e+04 2.507547e+02 1.068908e-05 1.393300e-02 8.280407e-04 9.347766e-01 0.000000e+00 1.727674e+03 4.785730e+05 1.000000e+00 1.122820e+05 1.564559e+02
 2.063881e-01 5.500234e-04 0.000000e+00 7.025765e-08 2.335633e-01 5.751379e+02 2.519499e-01 0.000000e+00 1.030440e+04 2.485267e+02 1.051551e-05 1.367289e-02 8.836700e-04 9.975767e-01 0.000000e+00 1.679488e+03 4.439066e+05 1.000000e+00 1.102956e+05 1.536881e+02
 2.063881e-01 5.905147e-04 0.000000e+00 7.512651e-08 2.379404e-01 5.803680e+02 2.783010e-01 0.000000e+00 1.030725e+04 2.462642e+02 1.033974e-05 1.341029e-02 9.412642e-04 1.062595e+00 0.000000e+00 1.630955e+03 4.122859e+05 1.000000e+00 1.082965e+05 1.509025e+02
 2.063881e-01 6.338098e-04 0.000000e+00 8.032448e-08 2.425193e-01 5.855852e+02 3.074835e-01 0.000000e+00 1.031027e+04 2.439641e+02 1.016157e-05 1.314496e-02 1.000501e-03 1.129467e+00 0.000000e+00 1.581752e+03 3.834134e+05 1.000000e+00 1.062830e+05 1.480968e+02
 2.063881e-01 6.800979e-04 0.000000e+00 8.587258e-08 2.473197e-01 5.907946e+02 3.398699e-01 0.000000e+00 1.031353e+04 2.416230e+02 9.980806e-06 1.287664e-02 1.060958e-03 1.197718e+00 0.000000e+00 1.531565e+03 3.570227e+05 1.000000e+00 1.042530e+05 1.452682e+02
 2.063881e-01 7.295801e-04 0.000000e+00 9.179305e-08 2.523646e-01 5.960023e+02 3.758638e-01 0.000000e+00 1.031709e+04 2.392370e+02 9.797176e-06 1.260499e-02 1.122118e-03 1.266761e+00 0.000000e+00 1.480089e+03 3.328723e+05 1.000000e+00 1.022042e+05 1.424133e+02
 2.063881e-01 7.824703e-04 0.000000e+00 9.810929e-08 2.576805e-01 6.012145e+02 4.159381e-01 0.000000e+00 1.032100e+04 2.368014e+02 9.610392e-06 1.232965e-02 1.183349e-03 1.335885e+00 0.000000e+00 1.427026e+03 3.107423e+05 1.000000e+00 1.001337e+05 1.395283e+02
 2.063881e-01 8.389960e-04 0.000000e+00 1.048460e-07 2.632981e-01 6.064380e+02 4.606363e-01 0.000000e+00 1.032535e+04 2.343109e+02 9.420124e-06 1.205018e-02 1.243891e-03 1.404231e+00 0.000000e+00 1.372066e+03 2.904292e+05 1.000000e+00 9.803857e+04 1.366088e+02
 2.063881e-01 8.993985e-04 0.000000e+00 1.120291e-07 2.692532e-01 6.116799e+02 5.105866e-01 0.000000e+00 1.033020e+04 2.317597e+02 9.226002e-06 1.176614e-02 1.302839e-03 1.470778e+00 0.000000e+00 1.314879e+03 2.717413e+05 1.000000e+00 9.591530e+04 1.336502e+02
 2.063881e-01 9.639341e-04 0.000000e+00 1.196858e-07 2.755877e-01 6.169480e+02 5.665306e-01 0.000000e+00 1.033566e+04 2.291412e+02 9.027616e-06 1.147701e-02 1.359129e-03 1.534323e+00 0.000000e+00 1.255096e+03 2.544932e+05 1.000000e+00 9.376017e+04 1.306472e+02
 2.063881e-01 1.032875e-03 0.000000e+00 1.278448e-07 2.823507e-01 6.222499e+02 6.292468e-01 0.000000e+00 1.034184e+04 2.264480e+02 8.824514e-06 1.118222e-02 1.411516e-03 1.593463e+00 0.000000e+00 1.192290e+03 2.384982e+05 1.000000e+00 9.156907e+04 1.275941e+02
 2.063881e-01 1.106508e-03 0.000000e+00 1.365360e-07 2.896014e-01 6.275940e+02 6.996294e-01 0.000000e+00 1.034891e+04 2.236717e+02 8.616198e-06 1.088116e-02 1.458560e-03 1.646571e+00 0.000000e+00 1.125940e+03 2.235587e+05 1.000000e+00 8.933753e+04 1.244847e+02
 2.063881e-01 1.185140e-03 0.000000e+00 1.457905e-07 2.973052e-01 6.328993e+02 7.797277e-01 0.000000e+00 1.035691e+04 2.208401e+02 8.404871e-06 1.057713e-02 1.493896e-03 1.686462e+00 0.000000e+00 1.055716e+03 2.101016e+05 1.000000e+00 8.708987e+04 1.213527e+02
 2.063881e-01 1.269092e-03 0.000000e+00 1.556411e-07 3.055375e-01 6.381866e+02 8.707952e-01 0.000000e+00 1.036566e+04 2.179366e+02 8.189434e-06 1.026863e-02 1.515863e-03 1.711260e+00 0.000000e+00 9.840811e+02 1.983515e+05 1.000000e+00 8.481494e+04 1.181828e+02
 2.063881e-01 1.358707e-03 0.000000e+00 1.661217e-07 3.144993e-01 6.435607e+02 9.737210e-01 0.000000e+00 1.037518e+04 2.149077e+02 7.966093e-06 9.950381e-03 1.526175e-03 1.722902e+00 0.000000e+00 9.100876e+02 1.875420e+05 1.000000e+00 8.247377e+04 1.149206e+02
 2.063881e-01 1.454346e-03 0.000000e+00 1.772674e-07 3.243100e-01 6.490298e+02 1.090593e+00 0.000000e+00 1.038564e+04 2.117389e+02 7.734046e-06 9.621459e-03 1.522318e-03 1.718548e+00 0.000000e+00 8.333664e+02 1.775378e+05 1.000000e+00 8.005956e+04 1.115565e+02
 2.063881e-01 1.556388e-03 0.000000e+00 1.891148e-07 3.351130e-01 6.546010e+02 1.223769e+00 0.000000e+00 1.039721e+04 2.084139e+02 7.492415e-06 9.280861e-03 1.501553e-03 1.695106e+00 0.000000e+00 7.536500e+02 1.681978e+05 1.000000e+00 7.756494e+04 1.080805e+02
 2.063881e-01 1.665235e-03 0.000000e+00 2.017014e-07 3.470831e-01 6.602797e+02 1.375666e+00 0.000000e+00 1.041001e+04 2.049146e+02 7.240254e-06 8.927540e-03 1.460983e-03 1.649306e+00 0.000000e+00 6.708293e+02 1.593677e+05 1.000000e+00 7.498212e+04 1.044815e+02
 2.063881e-01 1.781310e-03 0.000000e+00 2.150660e-07 3.604331e-01 6.660677e+02 1.549673e+00 0.000000e+00 1.042420e+04 2.012209e+02 6.976597e-06 8.560478e-03 1.397700e-03 1.577866e+00 0.000000e+00 5.850690e+02 1.508752e+05 1.000000e+00 7.230332e+04 1.007489e+02
 2.063881e-01 1.905058e-03 0.000000e+00 2.292483e-07 3.754052e-01 6.719610e+02 1.747651e+00 0.000000e+00 1.043945e+04 1.973117e+02 6.700498e-06 8.178745e-03 1.309019e-03 1.477754e+00 0.000000e+00 4.969821e+02 1.425263e+05 1.000000e+00 6.952123e+04 9.687224e+01
 2.063881e-01 2.036944e-03 0.000000e+00 2.442886e-07 3.925351e-01 6.780209e+02 1.986548e+00 0.000000e+00 1.045630e+04 1.931140e+02 6.407586e-06 7.776808e-03 1.162022e-03 1.311809e+00 0.000000e+00 4.058704e+02 1.338282e+05 1.000000e+00 6.659466e+04 9.279430e+01
 2.063881e-01 2.177458e-03 0.000000e+00 2.602281e-07 4.140843e-01 6.847476e+02 2.306508e+00 0.000000e+00 1.047719e+04 1.882097e+02 6.070307e-06 7.317969e-03 8.287166e-04 9.355397e-01 0.000000e+00 3.012842e+02 1.225477e+05 1.000000e+00 6.325516e+04 8.814097e+01
 2.063881e-01 2.327113e-03 0.000000e+00 2.771084e-07 4.459921e-01 6.929939e+02 2.742332e+00 0.000000e+00 1.052338e+04 1.817515e+02 5.634840e-06 6.732054e-03 4.550002e-04 5.136505e-01 0.000000e+00 1.631369e+02 1.019296e+05 1.000000e+00 5.898859e+04 8.219585e+01
 2.063881e-01 2.486445e-03 0.000000e+00 2.949710e-07 4.885575e-01 7.016767e+02 3.087121e+00 0.000000e+00 1.055033e+04 1.738758e+02 5.118241e-06 6.046861e-03 1.847567e-04 2.085722e-01 0.000000e+00 4.244363e+01 6.899060e+04 1.000000e+00 5.398713e+04 7.522672e+01
 2.063881e-01 2.656012e-03 0.000000e+00 3.138576e-07 5.125445e-01 7.054631e+02 3.483964e+00 0.000000e+00 1.055661e+04 1.698089e+02 4.858161e-06 5.706115e-03 6.423004e-05 7.250941e-02 0.000000e+00 6.470758e+00 5.163552e+04 1.000000e+00 5.149116e+04 7.174879e+01
 2.063881e-01 2.836395e-03 0.000000e+00 3.338091e-07 5.176169e-01 7.062157e+02 3.543987e+00 0.000000e+00 1.055334e+04 1.689487e+02 4.803766e-06 5.635215e-03 9.072876e-06 1.024239e-02 0.000000e+00 8.478035e-01 4.836806e+04 1.000000e+00 5.097083e+04 7.102375e+01
 2.063881e-01 3.028200e-03 0.000000e+00 3.548658e-07 5.182462e-01 7.063225e+02 3.581193e+00 0.000000e+00 1.055090e+04 1.688266e+02 4.796060e-06 5.625181e-03 2.008609e-06 2.267523e-03 0.000000e+00 1.859624e-01 4.798062e+04 1.000000e+00 5.089716e+04 7.092109e+01
 2.063881e-01 3.232053e-03 0.000000e+00 3.770664e-07 5.182332e-01 7.063435e+02 3.617583e+00 0.000000e+00 1.054802e+04 1.688056e+02 4.794739e-06 5.623462e-03 1.288704e-06 1.454820e-03 0.000000e+00 1.192036e-01 4.793595e+04 1.000000e+00 5.088453e+04 7.090350e+01
 2.063881e-01 3.448600e-03 0.000000e+00 4.004480e-07 5.181317e-01 7.063570e+02 3.670262e+00 0.000000e+00 1.054446e+04 1.687936e+02 4.793983e-06 5.622478e-03 1.220129e-06 1.377406e-03 0.000000e+00 1.128661e-01 4.792895e+04 1.000000e+00 5.087731e+04 7.089343e+01
 2.063881e-01 3.678511e-03 0.000000e+00 4.250450e-07 5.180319e-01 7.063684e+02 3.714899e+00 0.000000e+00 1.054121e+04 1.687839e+02 4.793369e-06 5.621678e-03 1.213923e-06 1.370400e-03 0.000000e+00 1.123136e-01 4.792891e+04 1.000000e+00 5.087144e+04 7.088525e+01
 2.063881e-01 3.922470e-03 0.000000e+00 4.508889e-07 5.179198e-01 7.063806e+02 3.760954e+00 0.000000e+00 1.053768e+04 1.687739e+02 4.792736e-06 5.620854e-03 1.213062e-06 1.369428e-03 0.000000e+00 1.122547e-01 4.792742e+04 1.000000e+00 5.086538e+04 7.087681e+01
 2.063881e-01 4.181180e-03 0.000000e+00 4.780074e-07 5.178162e-01 7.063920e+02 3.803254e+00 0.000000e+00 1.053436e+04 1.687642e+02 4.792128e-06 5.620062e-03 1.212641e-06 1.368953e-03 0.000000e+00 1.122360e-01 4.792647e+04 1.000000e+00 5.085957e+04 7.086871e+01
 2.063881e-01 4.455356e-03 0.000000e+00 5.064234e-07 5.177175e-01 7.064027e+02 3.842662e+00 0.000000e+00 1.053121e+04 1.687550e+02 4.791546e-06 5.619306e-03 1.212246e-06 1.368507e-03 0.000000e+00 1.122182e-01 4.792538e+04 1.000000e+00 5.085401e+04 7.086097e+01
 2.063881e-01 4.745728e-03 0.000000e+00 5.361547e-07 5.176238e-01 7.064132e+02 3.877282e+00 0.000000e+00 1.052823e+04 1.687464e+02 4.791003e-06 5.618599e-03 1.211871e-06 1.368083e-03 0.000000e+00 1.122021e-01 4.792463e+04 1.000000e+00 5.084882e+04 7.085374e+01
 2.063881e-01 5.053030e-03 0.000000e+00 5.672127e-07 5.175406e-01 7.064222e+02 3.908900e+00 0.000000e+00 1.052559e+04 1.687388e+02 4.790526e-06 5.617978e-03 1.211553e-06 1.367725e-03 0.000000e+00 1.121906e-01 4.792461e+04 1.000000e+00 5.084426e+04 7.084738e+01
 2.063881e-01 5.378003e-03 0.000000e+00 5.996013e-07 5.174610e-01 7.064304e+02 3.935742e+00 0.000000e+00 1.052309e+04 1.687317e+02 4.790080e-06 5.617397e-03 1.211274e-06 1.367409e-03 0.000000e+00 1.121827e-01 4.792492e+04 1.000000e+00 5.084000e+04 7.084145e+01
 2.063881e-01 5.721386e-03 0.000000e+00 6.333164e-07 5.173979e-01 7.064369e+02 3.960672e+00 0.000000e+00 1.052108e+04 1.687259e+02 4.789715e-06 5.616922e-03 1.211064e-06 1.367172e-03 0.000000e+00 1.121795e-01 4.792601e+04 1.000000e+00 5.083651e+04 7.083658e+01
 2.063881e-01 6.083916e-03 0.000000e+00 6.683442e-07 5.173450e-01 7.064429e+02 3.981816e+00 0.000000e+00 1.051939e+04 1.687210e+02 4.789406e-06 5.616519e-03 1.210871e-06 1.366954e-03 0.000000e+00 1.121761e-01 4.792730e+04 1.000000e+00 5.083355e+04 7.083246e+01
 2.063881e-01 6.466315e-03 0.000000e+00 7.046607e-07 5.173087e-01 7.064471e+02 3.999968e+00 0.000000e+00 1.051820e+04 1.687174e+02 4.789178e-06 5.616222e-03 1.210777e-06 1.366848e-03 0.000000e+00 1.121817e-01 4.793005e+04 1.000000e+00 5.083137e+04 7.082942e+01
 2.063881e-01 6.869293e-03 0.000000e+00 7.422303e-07 5.172936e-01 7.064498e+02 4.017572e+00 0.000000e+00 1.051764e+04 1.687154e+02 4.789048e-06 5.616054e-03 1.210707e-06 1.366770e-03 0.000000e+00 1.121847e-01 4.793267e+04 1.000000e+00 5.083014e+04 7.082770e+01
 2.063881e-01 7.293534e-03 0.000000e+00 7.810045e-07 5.172981e-01 7.064504e+02 4.035343e+00 0.000000e+00 1.051765e+04 1.687147e+02 4.789006e-06 5.615999e-03 1.210711e-06 1.366774e-03 0.000000e+00 1.121949e-01 4.793731e+04 1.000000e+00 5.082973e+04 7.082714e+01
 2.063881e-01 7.739691e-03 0.000000e+00 8.209212e-07 5.173195e-01 7.064493e+02 4.049204e+00 0.000000e+00 1.051815e+04 1.687152e+02 4.789040e-06 5.616044e-03 1.210779e-06 1.366851e-03 0.000000e+00 1.122066e-01 4.794158e+04 1.000000e+00 5.083006e+04 7.082760e+01
 2.063881e-01 8.208379e-03 0.000000e+00 8.619036e-07 5.173540e-01 7.064484e+02 4.056700e+00 0.000000e+00 1.051905e+04 1.687168e+02 4.789138e-06 5.616171e-03 1.210926e-06 1.367017e-03 0.000000e+00 1.122266e-01 4.794751e+04 1.000000e+00 5.083100e+04 7.082890e+01
 2.063881e-01 8.700167e-03 0.000000e+00 9.038588e-07 5.173868e-01 7.064463e+02 4.057364e+00 0.000000e+00 1.051991e+04 1.687184e+02 4.789237e-06 5.616299e-03 1.211031e-06 1.367135e-03 0.000000e+00 1.122421e-01 4.795301e+04 1.000000e+00 5.083194e+04 7.083021e+01
 2.063881e-01 9.215565e-03 0.000000e+00 9.466779e-07 5.174389e-01 7.064432e+02 4.052467e+00 0.000000e+00 1.052132e+04 1.687212e+02 4.789416e-06 5.616533e-03 1.211197e-06 1.367323e-03 0.000000e+00 1.122615e-01 4.795954e+04 1.000000e+00 5.083365e+04 7.083260e+01
 2.063881e-01 9.755020e-03 0.000000e+00 9.902344e-07 5.174989e-01 7.064384e+02 4.046171e+00 0.000000e+00 1.052296e+04 1.687245e+02 4.789625e-06 5.616804e-03 1.211397e-06 1.367549e-03 0.000000e+00 1.122836e-01 4.796661e+04 1.000000e+00 5.083565e+04 7.083538e+01
 2.063881e-01 1.031890e-02 0.000000e+00 1.034384e-06 5.175718e-01 7.064333e+02 4.038694e+00 0.000000e+00 1.052500e+04 1.687290e+02 4.789910e-06 5.617176e-03 1.211645e-06 1.367828e-03 0.000000e+00 1.123084e-01 4.797418e+04 1.000000e+00 5.083838e+04 7.083918e+01
 2.063881e-01 1.090750e-02 0.000000e+00 1.078965e-06 5.176617e-01 7.064263e+02 4.031404e+00 0.000000e+00 1.052750e+04 1.687344e+02 4.790247e-06 5.617614e-03 1.211938e-06 1.368159e-03 0.000000e+00 1.123351e-01 4.798229e+04 1.000000e+00 5.084159e+04 7.084367e+01
 2.063881e-01 1.152100e-02 0.000000e+00 1.123797e-06 5.177476e-01 7.064201e+02 4.027146e+00 0.000000e+00 1.052991e+04 1.687397e+02 4.790582e-06 5.618050e-03 1.212233e-06 1.368492e-03 0.000000e+00 1.123634e-01 4.799070e+04 1.000000e+00 5.084480e+04 7.084813e+01
 2.063881e-01 1.215948e-02 0.000000e+00 1.168684e-06 5.178268e-01 7.064151e+02 4.023233e+00 0.000000e+00 1.053210e+04 1.687443e+02 4.790875e-06 5.618432e-03 1.212548e-06 1.368847e-03 0.000000e+00 1.123988e-01 4.800067e+04 1.000000e+00 5.084760e+04 7.085203e+01
 2.063881e-01 1.282293e-02 0.000000e+00 1.213410e-06 5.178994e-01 7.064095e+02 4.020195e+00 0.000000e+00 1.053416e+04 1.687490e+02 4.791171e-06 5.618817e-03 1.212788e-06 1.369119e-03 0.000000e+00 1.124240e-01 4.800865e+04 1.000000e+00 5.085043e+04 7.085598e+01
 2.063881e-01 1.351117e-02 0.000000e+00 1.257745e-06 5.179756e-01 7.064035e+02 4.018984e+00 0.000000e+00 1.053632e+04 1.687539e+02 4.791478e-06 5.619217e-03 1.213040e-06 1.369403e-03 0.000000e+00 1.124507e-01 4.801715e+04 1.000000e+00 5.085336e+04 7.086006e+01
 2.063881e-01 1.422394e-02 0.000000e+00 1.301447e-06 5.180562e-01 7.063973e+02 4.019866e+00 0.000000e+00 1.053857e+04 1.687588e+02 4.791789e-06 5.619621e-03 1.213327e-06 1.369727e-03 0.000000e+00 1.124802e-01 4.802586e+04 1.000000e+00 5.085633e+04 7.086420e+01
 2.063881e-01 1.496080e-02 0.000000e+00 1.344257e-06 5.181315e-01 7.063923e+02 4.023090e+00 0.000000e+00 1.054071e+04 1.687637e+02 4.792092e-06 5.620016e-03 1.213544e-06 1.369972e-03 0.000000e+00 1.125017e-01 4.803344e+04 1.000000e+00 5.085923e+04 7.086824e+01
 2.063881e-01 1.572119e-02 0.000000e+00 1.385909e-06 5.182091e-01 7.063858e+02 4.027431e+00 0.000000e+00 1.054289e+04 1.687685e+02 4.792396e-06 5.620411e-03 1.213889e-06 1.370362e-03 0.000000e+00 1.125451e-01 4.804547e+04 1.000000e+00 5.086213e+04 7.087229e+01
 2.063881e-01 1.650438e-02 0.000000e+00 1.426130e-06 5.182913e-01 7.063796e+02 4.032437e+00 0.000000e+00 1.054521e+04 1.687736e+02 4.792722e-06 5.620836e-03 1.214236e-06 1.370753e-03 0.000000e+00 1.125849e-01 4.805638e+04 1.000000e+00 5.086525e+04 7.087663e+01
 2.063881e-01 1.730950e-02 0.000000e+00 1.464641e-06 5.183696e-01 7.063737e+02 4.040117e+00 0.000000e+00 1.054745e+04 1.687789e+02 4.793051e-06 5.621264e-03 1.214610e-06 1.371175e-03 0.000000e+00 1.126332e-01 4.806944e+04 1.000000e+00 5.086840e+04 7.088101e+01
 2.063881e-01 1.813551e-02 0.000000e+00 1.501163e-06 5.184498e-01 7.063673e+02 4.050157e+00 0.000000e+00 1.054967e+04 1.687836e+02 4.793347e-06 5.621650e-03 1.214805e-06 1.371395e-03 0.000000e+00 1.126508e-01 4.807666e+04 1.000000e+00 5.087123e+04 7.088496e+01
 2.063881e-01 1.898124e-02 0.000000e+00 1.535422e-06 5.185288e-01 7.063612e+02 4.061342e+00 0.000000e+00 1.055201e+04 1.687894e+02 4.793716e-06 5.622130e-03 1.215038e-06 1.371658e-03 0.000000e+00 1.126741e-01 4.808474e+04 1.000000e+00 5.087476e+04 7.088988e+01
 2.063881e-01 1.984535e-02 0.000000e+00 1.567149e-06 5.186191e-01 7.063546e+02 4.073530e+00 0.000000e+00 1.055450e+04 1.687946e+02 4.794046e-06 5.622559e-03 1.215422e-06 1.372092e-03 0.000000e+00 1.127211e-01 4.809795e+04 1.000000e+00 5.087791e+04 7.089426e+01
 2.063881e-01 2.072635e-02 0.000000e+00 1.596086e-06 5.187178e-01 7.063475e+02 4.085900e+00 0.000000e+00 1.055729e+04 1.688009e+02 4.794439e-06 5.623071e-03 1.215822e-06 1.372543e-03 0.000000e+00 1.127670e-01 4.811088e+04 1.000000e+00 5.088166e+04 7.089950e+01
 2.063881e-01 2.162263e-02 0.000000e+00 1.621992e-06 5.188379e-01 7.063376e+02 4.098439e+00 0.000000e+00 1.056069e+04 1.688085e+02 4.794919e-06 5.623696e-03 1.216264e-06 1.373043e-03 0.000000e+00 1.128120e-01 4.812368e+04 1.000000e+00 5.088625e+04 7.090590e+01
 2.063881e-01 2.253243e-02 0.000000e+00 1.644645e-06 5.189740e-01 7.063274e+02 4.122345e+00 0.000000e+00 1.056457e+04 1.688173e+02 4.795479e-06 5.624425e-03 1.216695e-06 1.373529e-03 0.000000e+00 1.128497e-01 4.813537e+04 1.000000e+00 5.089160e+04 7.091335e+01
 2.063881e-01 2.345388e-02 0.000000e+00 1.663844e-06 5.191384e-01 7.063128e+02 4.162767e+00 0.000000e+00 1.056930e+04 1.688284e+02 4.796179e-06 5.625336e-03 1.217273e-06 1.374182e-03 0.000000e+00 1.129023e-01 4.815019e+04 1.000000e+00 5.089829e+04 7.092267e+01
 2.063881e-01 2.438503e-02 0.000000e+00 1.679420e-06 5.192927e-01 7.063015e+02 4.203220e+00 0.000000e+00 1.057363e+04 1.688379e+02 4.796773e-06 5.626109e-03 1.217894e-06 1.374883e-03 0.000000e+00 1.129642e-01 4.816630e+04 1.000000e+00 5.090397e+04 7.093059e+01
 2.063881e-01 2.532379e-02 0.000000e+00 1.691229e-06 5.193939e-01 7.062930e+02 4.231669e+00 0.000000e+00 1.057652e+04 1.688446e+02 4.797195e-06 5.626659e-03 1.218253e-06 1.375288e-03 0.000000e+00 1.130043e-01 4.817861e+04 1.000000e+00 5.090801e+04 7.093620e+01
 2.063881e-01 2.626806e-02 0.000000e+00 1.699163e-06 5.194484e-01 7.062928e+02 4.244381e+00 0.000000e+00 1.057770e+04 1.688451e+02 4.797228e-06 5.626702e-03 1.218810e-06 1.375917e-03 0.000000e+00 1.130888e-01 4.819766e+04 1.000000e+00 5.090833e+04 7.093665e+01
 2.063881e-01 2.721565e-02 0.000000e+00 1.703149e-06 5.194216e-01 7.062876e+02 4.245636e+00 0.000000e+00 1.057769e+04 1.688494e+02 4.797498e-06 5.627053e-03 1.218075e-06 1.375087e-03 0.000000e+00 1.130146e-01 4.819260e+04 1.000000e+00 5.091090e+04 7.094024e+01
