=================================================================================================
      i NZ NE iSLP iLV iCONF                 E(RYD)      TE(RYD)   gi         QD     EQN    RL(NS)
 =================================================================================================
      1 18 17  200   1 3s 3p6          -1.06932E+00  1.01407E+00  2.0  0.000E+00  1.8318  2.18E+00
      2 18 17  200   2 3p4(1SE) 4s     -4.76472E-01  1.60692E+00  2.0  1.728E+00  2.2724  2.22E-01
      3 18 17  200   3 3p4(1DE) 3d     -3.27772E-01  1.75562E+00  2.0  2.014E-02  2.9799  9.84E-02
      4 18 17  200   4 3p4(1DE) 4d     -1.43559E-01  1.93983E+00  2.0  1.241E-01  3.8759  1.13E-01
      5 18 17  200   5 3p4(1SE) 5s     -6.65481E-02  2.01684E+00  2.0  1.688E+00  3.3117  8.50E-01
      6 18 17  200   6 3p4(1DE) 5d     -4.69389E-02  2.03645E+00  2.0  1.442E-01  4.8558  2.55E-01
      7 18 17  200   7 3p4(1DE) 6d      3.71995E-03  2.08711E+00  2.0  2.019E-01  5.7981  3.49E-01
      8 18 17  200   8 3p4(1DE) 7d      3.55495E-02  2.11894E+00  2.0  2.253E-01  6.7747  5.58E-01
      9 18 17  200   9 3p4(1DE) 8d      5.62644E-02  2.13965E+00  2.0  2.407E-01  7.7593  8.47E-01
     10 18 17  200  10 3p4(1DE) 9d      7.04088E-02  2.15380E+00  2.0  2.540E-01  8.7460  1.22E+00
     11 18 17  200  11 3p4(1DE)10d      8.03649E-02  2.16375E+00  2.0  2.799E-01  9.7201  1.69E+00
     12 18 17  201   1 3p4(3PE) 4p     -5.54344E-01  1.52905E+00  2.0  1.314E+00  2.6862  9.54E+00
     13 18 17  201   2 3p4(3PE) 5p     -2.91575E-01  1.79182E+00  2.0  1.296E+00  3.7039  2.50E+01
     14 18 17  201   3 3p4(3PE) 6p     -1.79941E-01  1.90345E+00  2.0  1.285E+00  4.7148  4.77E+01
     15 18 17  201   4 3p4(3PE) 7p     -1.22228E-01  1.96116E+00  2.0  1.279E+00  5.7206  7.25E+01
     16 18 17  201   5 3p4(3PE) 8p     -8.84705E-02  1.99492E+00  2.0  1.276E+00  6.7240  1.13E+02
     17 18 17  201   6 3p4(3PE) 9p     -6.70082E-02  2.01638E+00  2.0  1.274E+00  7.7262  1.67E+02
     18 18 17  201   7 3p4(3PE)10p     -5.25128E-02  2.03088E+00  2.0  1.272E+00  8.7277  2.24E+02
     19 18 17  201   8 3p4(3PE)11p     -4.22623E-02  2.04113E+00  2.0  1.271E+00  9.7287  2.92E+02
     20 18 17  210   1 3p4(3PE) 4s     -7.37410E-01  1.34598E+00  6.0  1.671E+00  2.3290  2.97E-01
     21 18 17  210   2 3p4(3PE) 3d     -6.62208E-01  1.42118E+00  6.0  5.423E-01  2.4577  1.28E+02
     22 18 17  210   3 3p4(1DE) 3d     -4.00650E-01  1.68274E+00  6.0  2.354E-01  2.7646  1.34E-01
     23 18 17  210   4 3p4(3PE) 5s     -3.56164E-01  1.72723E+00  6.0  1.649E+00  3.3512  7.24E-01
     24 18 17  210   5 3p4(3PE) 4d     -2.81834E-01  1.80156E+00  6.0  2.327E-01  3.7673  2.26E-01
     25 18 17  210   6 3p4(3PE) 6s     -2.10872E-01  1.87252E+00  6.0  1.645E+00  4.3553  8.86E-01
     26 18 17  210   7 3p4(1DE) 4d     -2.08417E-01  1.87497E+00  6.0  5.243E-01  3.4757  3.95E+00
     27 18 17  210   8 3p4(3PE) 5d     -1.55873E-01  1.92752E+00  6.0 -6.576E-02  5.0658  2.79E-01
     28 18 17  210   9 3p4(3PE) 7s     -1.39046E-01  1.94434E+00  6.0  1.636E+00  5.3635  2.91E+00
     29 18 17  210  10 3p4(3PE) 6d     -1.18736E-01  1.96465E+00  6.0  1.958E-01  5.8042  4.76E-01
     30 18 17  210  11 3p4(3PE) 8s     -9.87375E-02  1.98465E+00  6.0  1.635E+00  6.3649  4.32E+00
     31 18 17  210  12 3p4(3PE) 7d     -9.25220E-02  1.99087E+00  6.0  4.248E-01  6.5752  3.84E+00
     32 18 17  210  13 3p4(1DE) 5d     -7.42833E-02  2.00911E+00  6.0  4.938E-01  4.5062  2.48E+00
     33 18 17  210  14 3p4(3PE) 9s     -7.35407E-02  2.00985E+00  6.0  1.625E+00  7.3751  2.07E+01
     34 18 17  210  15 3p4(3PE) 8d     -6.04194E-02  2.02297E+00  6.0 -1.366E-01  8.1366  1.09E+00
     35 18 17  210  16 3p4(3PE)10s     -5.71132E-02  2.02628E+00  6.0  1.631E+00  8.3688  1.20E+01
     36 18 17  210  17 3p4(3PE) 9d     -4.95956E-02  2.03379E+00  6.0  1.934E-02  8.9807  1.09E+00
     37 18 17  210  18 3p4(3PE)11s     -4.55716E-02  2.03782E+00  6.0  1.631E+00  9.3688  1.56E+01
     38 18 17  210  19 3p4(3PE)10d     -4.10486E-02  2.04234E+00  6.0  1.286E-01  9.8714  1.55E+00
     39 18 17  211   1 3s2 3p5         -2.08339E+00  0.00000E+00  6.0  0.000E+00  1.3856  1.00E+30
     40 18 17  211   2 3p4(3PE) 4p     -5.58942E-01  1.52445E+00  6.0  1.325E+00  2.6751  1.05E+01
     41 18 17  211   3 3p4(1DE) 4p     -4.46392E-01  1.63700E+00  6.0  1.349E+00  2.6512  5.00E+00
     42 18 17  211   4 3p4(3PE) 5p     -2.87799E-01  1.79559E+00  6.0  1.272E+00  3.7281  1.42E+01
     43 18 17  211   5 3p4(1SE) 4p     -2.73238E-01  1.81015E+00  6.0  1.354E+00  2.6458  8.29E+00
     44 18 17  211   6 3p4(3PE) 6p     -1.84700E-01  1.89869E+00  6.0  1.346E+00  4.6537  2.91E+01
     45 18 17  211   7 3p4(1DE) 5p     -1.65999E-01  1.91739E+00  6.0  1.278E+00  3.7223  1.49E+01
     46 18 17  211   8 3p4(1DE) 4f     -1.29801E-01  1.95359E+00  6.0  1.987E-02  3.9801  3.49E+00
     47 18 17  211   9 3p4(3PE) 7p     -1.19612E-01  1.96378E+00  6.0  1.217E+00  5.7829  5.07E+01
     48 18 17  211  10 3p4(3PE) 8p     -8.75323E-02  1.99586E+00  6.0  1.240E+00  6.7600  9.41E+01
     49 18 17  211  11 3p4(3PE) 9p     -6.75092E-02  2.01588E+00  6.0  1.303E+00  7.6975  1.13E+02
     50 18 17  211  12 3p4(1DE) 6p     -5.94736E-02  2.02392E+00  6.0  1.314E+00  4.6858  3.05E+01
     51 18 17  211  13 3p4(3PE)10p     -5.11648E-02  2.03223E+00  6.0  1.158E+00  8.8419  9.31E+01
     52 18 17  211  14 3p4(3PE)11p     -4.16271E-02  2.04176E+00  6.0  1.197E+00  9.8026  1.86E+02
     53 18 17  220   1 3p4(1DE) 4s     -6.44970E-01  1.43842E+00 10.0  1.717E+00  2.2827  1.06E+00
     54 18 17  220   2 3p4(3PE) 3d     -6.05421E-01  1.47797E+00 10.0  4.296E-01  2.5704  1.01E+00
     55 18 17  220   3 3p4(1DE) 3d     -4.21444E-01  1.66195E+00 10.0  2.887E-01  2.7113  1.29E-01
     56 18 17  220   4 3p4(1SE) 3d     -3.11932E-01  1.77146E+00 10.0  4.395E-01  2.5605  1.49E+01
     57 18 17  220   5 3p4(3PE) 4d     -2.51055E-01  1.83233E+00 10.0  8.413E-03  3.9916  1.53E-01
     58 18 17  220   6 3p4(1DE) 5s     -2.41238E-01  1.84215E+00 10.0  1.685E+00  3.3152  2.84E+00
     59 18 17  220   7 3p4(1DE) 4d     -2.05636E-01  1.87775E+00 10.0  5.096E-01  3.4904  3.52E+00
     60 18 17  220   8 3p4(3PE) 5d     -1.59138E-01  1.92425E+00 10.0 -1.352E-02  5.0135  2.67E-01
     61 18 17  220   9 3p4(3PE) 6d     -1.15765E-01  1.96763E+00 10.0  1.218E-01  5.8782  4.30E-01
     62 18 17  220  10 3p4(1DE) 6s     -9.15003E-02  1.99189E+00 10.0  1.679E+00  4.3213  1.88E+00
     63 18 17  220  11 3p4(3PE) 7d     -8.89290E-02  1.99446E+00 10.0  2.933E-01  6.7067  2.64E+00
     64 18 17  220  12 3p4(1DE) 5d     -7.45264E-02  2.00886E+00 10.0  4.966E-01  4.5034  3.41E+00
     65 18 17  220  13 3p4(3PE) 8d     -6.19235E-02  2.02147E+00 10.0 -3.715E-02  8.0372  1.07E+00
     66 18 17  220  14 3p4(3PE) 9d     -5.04133E-02  2.03298E+00 10.0  9.247E-02  8.9075  1.43E+00
     67 18 17  220  15 3p4(3PE)10d     -4.15623E-02  2.04183E+00 10.0  1.897E-01  9.8103  2.54E+00
     68 18 17  221   1 3p4(3PE) 4p     -5.67985E-01  1.51540E+00 10.0  1.346E+00  2.6538  1.18E+01
     69 18 17  221   2 3p4(1DE) 4p     -4.37769E-01  1.64562E+00 10.0  1.329E+00  2.6715  7.36E+00
     70 18 17  221   3 3p4(3PE) 5p     -2.94592E-01  1.78880E+00 10.0  1.315E+00  3.6848  4.50E+01
     71 18 17  221   4 3p4(3PE) 4f     -2.48259E-01  1.83513E+00 10.0 -1.400E-02  4.0140  4.32E+00
     72 18 17  221   5 3p4(3PE) 6p     -1.81444E-01  1.90195E+00 10.0  1.305E+00  4.6952  9.01E+01
     73 18 17  221   6 3p4(1DE) 5p     -1.70450E-01  1.91294E+00 10.0  1.306E+00  3.6939  2.91E+01
     74 18 17  221   7 3p4(3PE) 5f     -1.58962E-01  1.92443E+00 10.0 -1.630E-02  5.0163  7.79E+00
     75 18 17  221   8 3p4(1DE) 4f     -1.27820E-01  1.95557E+00 10.0  4.169E-03  3.9958  3.75E+00
     76 18 17  221   9 3p4(3PE) 7p     -1.22950E-01  1.96044E+00 10.0  1.296E+00  5.7038  1.75E+02
     77 18 17  221  10 3p4(3PE) 6f     -1.10486E-01  1.97290E+00 10.0 -1.695E-02  6.0169  1.29E+01
     78 18 17  221  11 3p4(3PE) 8p     -8.89258E-02  1.99446E+00 10.0  1.293E+00  6.7068  2.67E+02
     79 18 17  221  12 3p4(3PE) 7f     -8.12366E-02  2.00215E+00 10.0 -1.704E-02  7.0170  1.98E+01
     80 18 17  221  13 3p4(3PE) 9p     -6.73218E-02  2.01607E+00 10.0  1.292E+00  7.7082  3.73E+02
     81 18 17  221  14 3p4(3PE) 8f     -6.22348E-02  2.02116E+00 10.0 -1.703E-02  8.0170  2.86E+01
     82 18 17  221  15 3p4(1DE) 6p     -5.80217E-02  2.02537E+00 10.0  1.295E+00  4.7046  6.88E+01
     83 18 17  221  16 3p4(3PE)10p     -5.26967E-02  2.03069E+00 10.0  1.288E+00  8.7124  5.82E+02
     84 18 17  221  17 3p4(3PE) 9f     -4.91969E-02  2.03419E+00 10.0 -1.698E-02  9.0170  3.98E+01
     85 18 17  221  18 3p4(3PE)11p     -4.24066E-02  2.04098E+00 10.0  1.288E+00  9.7121  7.02E+02
     86 18 17  230   1 3p4(3PE) 3d     -6.19608E-01  1.46378E+00 14.0  4.592E-01  2.5408  1.00E+30
     87 18 17  230   2 3p4(1DE) 3d     -4.86887E-01  1.59650E+00 14.0  4.384E-01  2.5616  1.52E+03
     88 18 17  230   3 3p4(3PE) 4d     -3.20025E-01  1.76337E+00 14.0  4.646E-01  3.5354  3.92E+00
     89 18 17  230   4 3p4(1DE) 4d     -2.01875E-01  1.88152E+00 14.0  4.895E-01  3.5105  4.49E+00
     90 18 17  230   5 3p4(3PE) 5d     -1.92025E-01  1.89137E+00 14.0  4.359E-01  4.5641  5.89E+00
     91 18 17  230   6 3p4(3PE) 5g     -1.59914E-01  1.92348E+00 14.0 -1.344E-03  5.0013  1.50E+01
     92 18 17  230   7 3p4(3PE) 6d     -1.30809E-01  1.95258E+00 14.0  4.702E-01  5.5298  1.28E+01
     93 18 17  230   8 3p4(3PE) 6g     -1.11032E-01  1.97236E+00 14.0 -2.137E-03  6.0021  2.59E+01
     94 18 17  230   9 3p4(3PE) 7d     -9.39515E-02  1.98944E+00 14.0  4.750E-01  6.5250  2.09E+01
     95 18 17  230  10 3p4(3PE) 7g     -8.15719E-02  2.00182E+00 14.0 -2.606E-03  7.0026  4.11E+01
     96 18 17  230  11 3p4(1DE) 5d     -7.31996E-02  2.01019E+00 14.0  4.813E-01  4.5187  8.62E+00
     97 18 17  230  12 3p4(3PE) 8d     -7.00020E-02  2.01339E+00 14.0  4.408E-01  7.5592  1.92E+01
     98 18 17  230  13 3p4(3PE) 8g     -6.24546E-02  2.02094E+00 14.0 -2.907E-03  8.0029  6.10E+01
     99 18 17  230  14 3p4(3PE) 9d     -5.49546E-02  2.02844E+00 14.0  4.684E-01  8.5316  4.53E+01
    100 18 17  230  15 3p4(3PE) 9g     -4.93488E-02  2.03404E+00 14.0 -3.092E-03  9.0031  8.64E+01
    101 18 17  230  16 3p4(3PE)10d     -4.40510E-02  2.03934E+00 14.0  4.709E-01  9.5291  6.41E+01
    102 18 17  231   1 3p4(1DE) 4p     -4.63179E-01  1.62021E+00 14.0  1.387E+00  2.6129  1.03E+01
    103 18 17  231   2 3p4(3PE) 4f     -2.51410E-01  1.83198E+00 14.0  1.123E-02  3.9888  4.10E+00
    104 18 17  231   3 3p4(1DE) 5p     -1.77576E-01  1.90581E+00 14.0  1.350E+00  3.6498  4.86E+01
    105 18 17  231   4 3p4(3PE) 5f     -1.60757E-01  1.92263E+00 14.0  1.179E-02  4.9882  7.74E+00
    106 18 17  231   5 3p4(1DE) 4f     -1.25887E-01  1.95750E+00 14.0 -1.134E-02  4.0113  3.95E+00
    107 18 17  231   6 3p4(3PE) 6f     -1.11549E-01  1.97184E+00 14.0  1.179E-02  5.9882  1.30E+01
    108 18 17  231   7 3p4(3PE) 7f     -8.19091E-02  2.00148E+00 14.0  1.182E-02  6.9882  2.03E+01
    109 18 17  231   8 3p4(3PE) 8f     -6.27000E-02  2.02069E+00 14.0  1.277E-02  7.9872  2.92E+01
    110 18 17  231   9 3p4(1DE) 6p     -6.12073E-02  2.02218E+00 14.0  1.336E+00  4.6637  1.45E+02
    111 18 17  231  10 3p4(3PE) 9f     -4.95101E-02  2.03388E+00 14.0  1.159E-02  8.9884  4.21E+01
    112 18 17  231  11 3p4(3PE)10f     -4.00946E-02  2.04330E+00 14.0  1.180E-02  9.9882  5.65E+01
    113 18 17  240   1 3p4(1DE) 3d     -5.58700E-01  1.52469E+00 18.0  5.771E-01  2.4229  1.00E+30
    114 18 17  240   2 3p4(1DE) 4d     -2.13144E-01  1.87025E+00 18.0  5.489E-01  3.4511  1.00E+30
    115 18 17  240   3 3p4(3PE) 5g     -1.60138E-01  1.92325E+00 18.0  2.155E-03  4.9978  1.00E+30
    116 18 17  240   4 3p4(3PE) 6g     -1.11240E-01  1.97215E+00 18.0  3.477E-03  5.9965  1.00E+30
    117 18 17  240   5 3p4(3PE) 7g     -8.17327E-02  2.00166E+00 18.0  4.285E-03  6.9957  1.00E+30
    118 18 17  240   6 3p4(1DE) 5d     -7.86240E-02  2.00477E+00 18.0  5.426E-01  4.4574  1.00E+30
    119 18 17  240   7 3p4(3PE) 8g     -6.25738E-02  2.02082E+00 18.0  4.719E-03  7.9953  1.00E+30
    120 18 17  240   8 3p4(3PE) 9g     -4.94382E-02  2.03395E+00 18.0  5.052E-03  8.9949  1.00E+30
    121 18 17  240   9 3p4(3PE)10g     -4.00423E-02  2.04335E+00 18.0  5.283E-03  9.9947  1.00E+30
    122 18 17  241   1 3p4(3PE) 4f     -2.49359E-01  1.83403E+00 18.0 -5.138E-03  4.0051  3.74E+00
    123 18 17  241   2 3p4(3PE) 5f     -1.59636E-01  1.92375E+00 18.0 -5.697E-03  5.0057  6.51E+00
    124 18 17  241   3 3p4(1DE) 4f     -1.25464E-01  1.95793E+00 18.0 -1.475E-02  4.0148  4.70E+00
    125 18 17  241   4 3p4(3PE) 6h     -1.11122E-01  1.97227E+00 18.0  2.939E-04  5.9997  3.41E+01
    126 18 17  241   5 3p4(3PE) 6f     -1.10888E-01  1.97250E+00 18.0 -6.033E-03  6.0060  1.11E+01
    127 18 17  241   6 3p4(3PE) 7h     -8.16458E-02  2.00174E+00 18.0  5.637E-04  6.9994  4.82E+01
    128 18 17  241   7 3p4(3PE) 7f     -8.14888E-02  2.00190E+00 18.0 -6.176E-03  7.0062  1.76E+01
    129 18 17  241   8 3p4(3PE) 8h     -6.25116E-02  2.02088E+00 18.0  7.423E-04  7.9993  6.67E+01
    130 18 17  241   9 3p4(3PE) 8f     -6.24021E-02  2.02099E+00 18.0 -6.273E-03  8.0063  2.64E+01
    131 18 17  241  10 3p4(3PE) 9h     -4.93923E-02  2.03400E+00 18.0  8.734E-04  8.9991  9.02E+01
    132 18 17  241  11 3p4(3PE) 9f     -4.93134E-02  2.03408E+00 18.0 -6.323E-03  9.0063  3.76E+01
    133 18 17  241  12 3p4(3PE)10h     -4.00078E-02  2.04338E+00 18.0  9.748E-04  9.9990  1.19E+02
    134 18 17  250   1 3p4(3PE) 5g     -1.59962E-01  1.92343E+00 22.0 -5.939E-04  5.0006  1.00E+30
    135 18 17  250   2 3p4(3PE) 6g     -1.11078E-01  1.97231E+00 22.0 -8.942E-04  6.0009  1.00E+30
    136 18 17  250   3 3p4(3PE) 7i     -8.16330E-02  2.00176E+00 22.0  0.000E+00  7.0000  1.00E+30
    137 18 17  250   4 3p4(3PE) 7g     -8.16069E-02  2.00178E+00 22.0 -1.104E-03  7.0011  1.00E+30
    138 18 17  250   5 3p4(3PE) 8i     -6.25006E-02  2.02089E+00 22.0  0.000E+00  8.0000  1.00E+30
    139 18 17  250   6 3p4(3PE) 8g     -6.24807E-02  2.02091E+00 22.0 -1.236E-03  8.0012  1.00E+30
    140 18 17  250   7 3p4(3PE) 9i     -4.93834E-02  2.03401E+00 22.0  0.000E+00  8.9999  1.00E+30
    141 18 17  250   8 3p4(3PE) 9g     -4.93682E-02  2.03402E+00 22.0 -1.323E-03  9.0013  1.00E+30
    142 18 17  250   9 3p4(3PE)10i     -4.00006E-02  2.04339E+00 22.0  0.000E+00  9.9999  1.00E+30
    143 18 17  251   1 3p4(1DE) 4f     -1.28661E-01  1.95473E+00 22.0  1.086E-02  3.9891  1.00E+30
    144 18 17  251   2 3p4(3PE) 6h     -1.11116E-01  1.97227E+00 22.0  1.320E-04  5.9999  1.00E+30
    145 18 17  251   3 3p4(3PE) 7h     -8.16382E-02  2.00175E+00 22.0  2.379E-04  6.9998  1.00E+30
    146 18 17  251   4 3p4(3PE) 8h     -6.25052E-02  2.02088E+00 22.0  3.328E-04  7.9997  1.00E+30
    147 18 17  251   5 3p4(3PE) 9h     -4.93872E-02  2.03400E+00 22.0  4.087E-04  8.9996  1.00E+30
    148 18 17  251   6 3p4(3PE)10h     -4.00037E-02  2.04339E+00 22.0  4.623E-04  9.9995  1.00E+30
    149 18 17  400   1 3s 3p5(3PO) 4p   4.14644E-01  2.49803E+00  4.0  1.464E+00  2.5359  1.55E+00
    150 18 17  400   2 3s 3p5(3PO) 5p   7.26423E-01  2.80981E+00  4.0  1.409E+00  3.5908  1.81E+00
    151 18 17  400   3 3s 3p5(3PO) 6p   8.48186E-01  2.93158E+00  4.0  1.393E+00  4.6070  1.87E+00
    152 18 17  400   4 3s 3p5(3PO) 7p   9.09767E-01  2.99316E+00  4.0  1.385E+00  5.6147  1.90E+00
    153 18 17  400   5 3s 3p5(3PO) 8p   9.45352E-01  3.02874E+00  4.0  1.381E+00  6.6191  1.91E+00
    154 18 17  400   6 3s 3p5(3PO) 9p   9.67794E-01  3.05118E+00  4.0  1.378E+00  7.6218  1.91E+00
    155 18 17  400   7 3s 3p5(3PO)10p   9.82863E-01  3.06625E+00  4.0  1.376E+00  8.6237  1.91E+00
    156 18 17  400   8 3s 3p5(3PO)11p   9.93472E-01  3.07686E+00  4.0  1.375E+00  9.6250  1.91E+00
    157 18 17  401   1 3p4(3PE) 4p     -5.52004E-01  1.53139E+00  4.0  1.308E+00  2.6919  6.36E+00
    158 18 17  401   2 3p4(3PE) 5p     -2.90708E-01  1.79268E+00  4.0  1.291E+00  3.7094  2.72E+01
    159 18 17  401   3 3p4(3PE) 6p     -1.79532E-01  1.90386E+00  4.0  1.280E+00  4.7202  7.55E+01
    160 18 17  401   4 3p4(3PE) 7p     -1.22002E-01  1.96139E+00  4.0  1.274E+00  5.7259  1.63E+02
    161 18 17  401   5 3p4(3PE) 8p     -8.83320E-02  1.99506E+00  4.0  1.271E+00  6.7293  3.02E+02
    162 18 17  401   6 3p4(3PE) 9p     -6.69172E-02  2.01647E+00  4.0  1.269E+00  7.7315  5.02E+02
    163 18 17  401   7 3p4(3PE)10p     -5.24499E-02  2.03094E+00  4.0  1.267E+00  8.7329  7.77E+02
    164 18 17  401   8 3p4(3PE)11p     -4.22169E-02  2.04117E+00  4.0  1.266E+00  9.7339  1.14E+03
    165 18 17  410   1 3p4(3PE) 4s     -7.79291E-01  1.30410E+00 12.0  1.734E+00  2.2656  1.00E+30
    166 18 17  410   2 3p4(3PE) 3d     -6.42754E-01  1.44064E+00 12.0  5.054E-01  2.4946  1.00E+30
    167 18 17  410   3 3p4(3PE) 5s     -3.67492E-01  1.71590E+00 12.0  1.701E+00  3.2992  4.84E+00
    168 18 17  410   4 3p4(3PE) 4d     -3.27312E-01  1.75608E+00 12.0  5.042E-01  3.4958  3.72E+00
    169 18 17  410   5 3p4(3PE) 6s     -2.15336E-01  1.86805E+00 12.0  1.690E+00  4.3099  7.65E+00
    170 18 17  410   6 3p4(3PE) 5d     -1.97553E-01  1.88584E+00 12.0  5.003E-01  4.4997  7.18E+00
    171 18 17  410   7 3p4(3PE) 7s     -1.41602E-01  1.94179E+00 12.0  1.685E+00  5.3149  1.25E+01
    172 18 17  410   8 3p4(3PE) 6d     -1.32169E-01  1.95122E+00 12.0  4.987E-01  5.5013  1.28E+01
    173 18 17  410   9 3p4(3PE) 8s     -1.00220E-01  1.98317E+00 12.0  1.682E+00  6.3176  1.94E+01
    174 18 17  410  10 3p4(3PE) 7d     -9.46136E-02  1.98878E+00 12.0  4.979E-01  6.5021  2.10E+01
    175 18 17  410  11 3p4(3PE) 9s     -7.46670E-02  2.00872E+00 12.0  1.681E+00  7.3192  2.89E+01
    176 18 17  410  12 3p4(3PE) 8d     -7.10622E-02  2.01233E+00 12.0  4.974E-01  7.5026  3.22E+01
    177 18 17  410  13 3p4(3PE)10s     -5.77806E-02  2.02561E+00 12.0  1.680E+00  8.3203  4.13E+01
    178 18 17  410  14 3p4(3PE) 9d     -5.53256E-02  2.02806E+00 12.0  4.971E-01  8.5029  4.68E+01
    179 18 17  410  15 3p4(3PE)11s     -4.60396E-02  2.03735E+00 12.0  1.679E+00  9.3210  5.69E+01
    180 18 17  410  16 3p4(3PE)10d     -4.42923E-02  2.03910E+00 12.0  4.969E-01  9.5031  6.52E+01
    181 18 17  411   1 3p4(3PE) 4p     -6.04338E-01  1.47905E+00 12.0  1.427E+00  2.5727  8.43E+00
    182 18 17  411   2 3p4(3PE) 5p     -3.05861E-01  1.77753E+00 12.0  1.384E+00  3.6163  3.15E+01
    183 18 17  411   3 3p4(3PE) 6p     -1.86563E-01  1.89683E+00 12.0  1.370E+00  4.6304  6.52E+01
    184 18 17  411   4 3p4(3PE) 7p     -1.25881E-01  1.95751E+00 12.0  1.363E+00  5.6370  1.12E+02
    185 18 17  411   5 3p4(3PE) 8p     -9.07053E-02  1.99268E+00 12.0  1.359E+00  6.6407  1.74E+02
    186 18 17  411   6 3p4(3PE) 9p     -6.84761E-02  2.01491E+00 12.0  1.357E+00  7.6429  2.55E+02
    187 18 17  411   7 3p4(3PE)10p     -5.35290E-02  2.02986E+00 12.0  1.356E+00  8.6444  3.59E+02
    188 18 17  411   8 3p4(3PE)11p     -4.29949E-02  2.04040E+00 12.0  1.355E+00  9.6454  4.86E+02
    189 18 17  420   1 3p4(3PE) 3d     -7.72981E-01  1.31041E+00 20.0  7.252E-01  2.2748  1.00E+30
    190 18 17  420   2 3p4(3PE) 4d     -3.49860E-01  1.73353E+00 20.0  6.187E-01  3.3813  3.24E+00
    191 18 17  420   3 3p4(3PE) 5d     -2.06877E-01  1.87651E+00 20.0  6.028E-01  4.3972  7.42E+00
    192 18 17  420   4 3p4(3PE) 6d     -1.36996E-01  1.94639E+00 20.0  5.965E-01  5.4035  1.43E+01
    193 18 17  420   5 3p4(3PE) 7d     -9.74518E-02  1.98594E+00 20.0  5.933E-01  6.4067  2.44E+01
    194 18 17  420   6 3p4(3PE) 8d     -7.28773E-02  2.01051E+00 20.0  5.914E-01  7.4086  3.84E+01
    195 18 17  420   7 3p4(3PE) 9d     -5.65582E-02  2.02683E+00 20.0  5.903E-01  8.4097  5.69E+01
    196 18 17  420   8 3p4(3PE)10d     -4.51682E-02  2.03822E+00 20.0  5.895E-01  9.4105  8.04E+01
    197 18 17  421   1 3p4(3PE) 4p     -5.81811E-01  1.50158E+00 20.0  1.378E+00  2.6220  7.48E+00
    198 18 17  421   2 3p4(3PE) 5p     -2.99478E-01  1.78391E+00 20.0  1.345E+00  3.6547  3.14E+01
    199 18 17  421   3 3p4(3PE) 4f     -2.48588E-01  1.83480E+00 20.0 -1.134E-02  4.0113  3.77E+00
    200 18 17  421   4 3p4(3PE) 6p     -1.83565E-01  1.89982E+00 20.0  1.332E+00  4.6680  7.80E+01
    201 18 17  421   5 3p4(3PE) 5f     -1.59226E-01  1.92416E+00 20.0 -1.214E-02  5.0121  6.50E+00
    202 18 17  421   6 3p4(3PE) 7p     -1.24216E-01  1.95917E+00 20.0  1.325E+00  5.6747  1.51E+02
    203 18 17  421   7 3p4(3PE) 6f     -1.10676E-01  1.97271E+00 20.0 -1.178E-02  6.0118  1.05E+01
    204 18 17  421   8 3p4(3PE) 8p     -8.96822E-02  1.99371E+00 20.0  1.322E+00  6.6785  2.54E+02
    205 18 17  421   9 3p4(3PE) 7f     -8.13684E-02  2.00202E+00 20.0 -1.136E-02  7.0114  1.60E+01
    206 18 17  421  10 3p4(3PE) 9p     -6.78020E-02  2.01559E+00 20.0  1.319E+00  7.6808  3.94E+02
    207 18 17  421  11 3p4(3PE) 8f     -6.23284E-02  2.02106E+00 20.0 -1.101E-02  8.0110  2.32E+01
    208 18 17  421  12 3p4(3PE)10p     -5.30614E-02  2.03033E+00 20.0  1.318E+00  8.6824  5.75E+02
    209 18 17  421  13 3p4(3PE) 9f     -4.92652E-02  2.03412E+00 20.0 -1.073E-02  9.0107  3.26E+01
    210 18 17  421  14 3p4(3PE)11p     -4.26572E-02  2.04073E+00 20.0  1.316E+00  9.6835  8.00E+02
    211 18 17  430   1 3p4(3PE) 3d     -6.77492E-01  1.40590E+00 28.0  5.702E-01  2.4298  1.00E+30
    212 18 17  430   2 3p4(3PE) 4d     -3.34084E-01  1.74931E+00 28.0  5.398E-01  3.4602  3.53E+00
    213 18 17  430   3 3p4(3PE) 5d     -2.00425E-01  1.88296E+00 28.0  5.326E-01  4.4674  7.14E+00
    214 18 17  430   4 3p4(3PE) 5g     -1.59917E-01  1.92347E+00 28.0 -1.297E-03  5.0013  1.49E+01
    215 18 17  430   5 3p4(3PE) 6d     -1.33664E-01  1.94973E+00 28.0  5.296E-01  5.4704  1.31E+01
    216 18 17  430   6 3p4(3PE) 6g     -1.11035E-01  1.97236E+00 28.0 -2.056E-03  6.0021  2.57E+01
    217 18 17  430   7 3p4(3PE) 7d     -9.54933E-02  1.98790E+00 28.0  5.279E-01  6.4721  2.17E+01
    218 18 17  430   8 3p4(3PE) 7g     -8.15748E-02  2.00182E+00 28.0 -2.482E-03  7.0025  4.06E+01
    219 18 17  430   9 3p4(3PE) 8d     -7.16247E-02  2.01177E+00 28.0  5.269E-01  7.4731  3.36E+01
    220 18 17  430  10 3p4(3PE) 8g     -6.24571E-02  2.02093E+00 28.0 -2.747E-03  8.0027  6.03E+01
    221 18 17  430  11 3p4(3PE) 9d     -5.57075E-02  2.02768E+00 28.0  5.263E-01  8.4737  4.91E+01
    222 18 17  430  12 3p4(3PE) 9g     -4.93506E-02  2.03404E+00 28.0 -2.928E-03  9.0029  8.51E+01
    223 18 17  430  13 3p4(3PE)10d     -4.45636E-02  2.03883E+00 28.0  5.259E-01  9.4741  6.89E+01
    224 18 17  431   1 3p4(3PE) 4f     -2.52370E-01  1.83102E+00 28.0  1.883E-02  3.9812  3.21E+00
    225 18 17  431   2 3p4(3PE) 5f     -1.61519E-01  1.92187E+00 28.0  2.357E-02  4.9764  5.60E+00
    226 18 17  431   3 3p4(3PE) 6f     -1.12077E-01  1.97131E+00 28.0  2.591E-02  5.9741  9.12E+00
    227 18 17  431   4 3p4(3PE) 7f     -8.22749E-02  2.00112E+00 28.0  2.737E-02  6.9726  1.40E+01
    228 18 17  431   5 3p4(3PE) 8f     -6.29455E-02  2.02044E+00 28.0  2.836E-02  7.9716  2.05E+01
    229 18 17  431   6 3p4(3PE) 9f     -4.97032E-02  2.03369E+00 28.0  2.906E-02  8.9709  2.88E+01
    230 18 17  431   7 3p4(3PE)10f     -4.02377E-02  2.04315E+00 28.0  2.958E-02  9.9704  3.91E+01
    231 18 17  440   1 3p4(3PE) 5g     -1.60148E-01  1.92324E+00 36.0  2.311E-03  4.9977  1.43E+01
    232 18 17  440   2 3p4(3PE) 6g     -1.11249E-01  1.97214E+00 36.0  3.720E-03  5.9963  2.43E+01
    233 18 17  440   3 3p4(3PE) 7g     -8.17395E-02  2.00165E+00 36.0  4.577E-03  6.9954  3.80E+01
    234 18 17  440   4 3p4(3PE) 8g     -6.25802E-02  2.02081E+00 36.0  5.128E-03  7.9949  5.59E+01
    235 18 17  440   5 3p4(3PE) 9g     -4.94431E-02  2.03395E+00 36.0  5.497E-03  8.9945  7.88E+01
    236 18 17  440   6 3p4(3PE)10g     -4.00461E-02  2.04334E+00 36.0  5.757E-03  9.9942  1.07E+02
    237 18 17  441   1 3p4(3PE) 4f     -2.49604E-01  1.83379E+00 36.0 -3.172E-03  4.0032  3.61E+00
    238 18 17  441   2 3p4(3PE) 5f     -1.59824E-01  1.92357E+00 36.0 -2.752E-03  5.0028  6.21E+00
    239 18 17  441   3 3p4(3PE) 6h     -1.11139E-01  1.97225E+00 36.0  7.528E-04  5.9992  2.31E+01
    240 18 17  441   4 3p4(3PE) 6f     -1.11002E-01  1.97239E+00 36.0 -2.948E-03  6.0029  1.21E+01
    241 18 17  441   5 3p4(3PE) 7h     -8.16648E-02  2.00173E+00 36.0  1.378E-03  6.9986  2.99E+01
    242 18 17  441   6 3p4(3PE) 7f     -8.15596E-02  2.00183E+00 36.0 -3.134E-03  7.0031  2.06E+01
    243 18 17  441   7 3p4(3PE) 8h     -6.25282E-02  2.02086E+00 36.0  1.804E-03  7.9982  4.01E+01
    244 18 17  441   8 3p4(3PE) 8f     -6.24490E-02  2.02094E+00 36.0 -3.266E-03  8.0033  3.19E+01
    245 18 17  441   9 3p4(3PE) 9h     -4.94058E-02  2.03398E+00 36.0  2.103E-03  8.9979  5.36E+01
    246 18 17  441  10 3p4(3PE) 9f     -4.93460E-02  2.03404E+00 36.0 -3.348E-03  9.0033  4.63E+01
    247 18 17  441  11 3p4(3PE)10f     -4.00186E-02  2.04337E+00 36.0  2.324E-03  9.9977  7.06E+01
    248 18 17  450   1 3p4(3PE) 5g     -1.59965E-01  1.92342E+00 44.0 -5.471E-04  5.0005  1.48E+01
    249 18 17  450   2 3p4(3PE) 6g     -1.11080E-01  1.97231E+00 44.0 -8.402E-04  6.0008  2.54E+01
    250 18 17  450   3 3p4(3PE) 7i     -8.16331E-02  2.00176E+00 44.0  0.000E+00  7.0000  8.23E+01
    251 18 17  450   4 3p4(3PE) 7g     -8.16090E-02  2.00178E+00 44.0 -1.014E-03  7.0010  4.06E+01
    252 18 17  450   5 3p4(3PE) 8i     -6.25007E-02  2.02089E+00 44.0  0.000E+00  8.0000  1.20E+02
    253 18 17  450   6 3p4(3PE) 8g     -6.24823E-02  2.02091E+00 44.0 -1.133E-03  8.0011  6.10E+01
    254 18 17  450   7 3p4(3PE) 9i     -4.93835E-02  2.03401E+00 44.0  0.000E+00  8.9999  1.66E+02
    255 18 17  450   8 3p4(3PE) 9g     -4.93694E-02  2.03402E+00 44.0 -1.214E-03  9.0012  8.73E+01
    256 18 17  450   9 3p4(3PE)10i     -4.00007E-02  2.04339E+00 44.0  0.000E+00  9.9999  2.24E+02
    257 18 17  451   1 3p4(3PE) 6h     -1.11116E-01  1.97227E+00 44.0  1.320E-04  5.9999  3.78E+01
    258 18 17  451   2 3p4(3PE) 7h     -8.16383E-02  2.00175E+00 44.0  2.421E-04  6.9998  5.97E+01
    259 18 17  451   3 3p4(3PE) 8h     -6.25052E-02  2.02088E+00 44.0  3.328E-04  7.9997  8.84E+01
    260 18 17  451   4 3p4(3PE) 9h     -4.93872E-02  2.03400E+00 44.0  4.087E-04  8.9996  1.25E+02
    261 18 17  451   5 3p4(3PE)10h     -4.00038E-02  2.04339E+00 44.0  4.748E-04  9.9995  1.71E+02
 =================================================================================================

