# Variables: 1:pos.x 2:pos.y 3:pos.z 4:volume 5:rho 6:vel.x 7:vel.y 8:vel.z 9:p 10:a 11:mu 12:k[0] 13:mu_t 14:k_t 15:S 16:tke 17:omega 18:massf[0] 19:e[0] 20:T[0]
 -4.750841e-02 3.525599e-04 0.000000e+00 9.504180e-11 2.353882e-01 4.680000e+03 1.340623e-13 0.000000e+00 2.000000e+04 3.441278e+02 0.000000e+00 0.000000e+00 0.000000e+00 0.000000e+00 0.000000e+00 0.000000e+00 1.000000e+00 1.000000e+00 2.128571e+05 2.960000e+02
 -4.712573e-02 3.477975e-04 0.000000e+00 9.241622e-11 2.353882e-01 4.680000e+03 -2.182667e-13 0.000000e+00 2.000000e+04 3.441278e+02 0.000000e+00 0.000000e+00 0.000000e+00 0.000000e+00 0.000000e+00 0.000000e+00 1.000000e+00 1.000000e+00 2.128571e+05 2.960000e+02
 -4.674354e-02 3.430424e-04 0.000000e+00 8.976116e-11 2.353882e-01 4.680000e+03 -4.603457e-13 0.000000e+00 2.000000e+04 3.441278e+02 0.000000e+00 0.000000e+00 0.000000e+00 0.000000e+00 0.000000e+00 0.000000e+00 1.000000e+00 1.000000e+00 2.128571e+05 2.960000e+02
 -4.636215e-02 3.383002e-04 0.000000e+00 8.708562e-11 2.353882e-01 4.680000e+03 -2.575978e-13 0.000000e+00 2.000000e+04 3.441278e+02 0.000000e+00 0.000000e+00 0.000000e+00 0.000000e+00 0.000000e+00 0.000000e+00 1.000000e+00 1.000000e+00 2.128571e+05 2.960000e+02
 -4.598186e-02 3.335765e-04 0.000000e+00 8.439835e-11 2.353882e-01 4.680000e+03 -2.863873e-13 0.000000e+00 2.000000e+04 3.441278e+02 0.000000e+00 0.000000e+00 0.000000e+00 0.000000e+00 0.000000e+00 0.000000e+00 1.000000e+00 1.000000e+00 2.128571e+05 2.960000e+02
 -4.560297e-02 3.288767e-04 0.000000e+00 8.170781e-11 2.353882e-01 4.680000e+03 -4.962894e-13 0.000000e+00 2.000000e+04 3.441278e+02 0.000000e+00 0.000000e+00 0.000000e+00 0.000000e+00 0.000000e+00 0.000000e+00 1.000000e+00 1.000000e+00 2.128571e+05 2.960000e+02
 -4.522578e-02 3.242061e-04 0.000000e+00 7.902211e-11 2.353882e-01 4.680000e+03 -2.708244e-13 0.000000e+00 2.000000e+04 3.441278e+02 0.000000e+00 0.000000e+00 0.000000e+00 0.000000e+00 0.000000e+00 0.000000e+00 1.000000e+00 1.000000e+00 2.128571e+05 2.960000e+02
 -4.485058e-02 3.195698e-04 0.000000e+00 7.634893e-11 2.353882e-01 4.680000e+03 -3.220785e-13 0.000000e+00 2.000000e+04 3.441278e+02 0.000000e+00 0.000000e+00 0.000000e+00 0.000000e+00 0.000000e+00 0.000000e+00 1.000000e+00 1.000000e+00 2.128571e+05 2.960000e+02
 -4.447765e-02 3.149729e-04 0.000000e+00 7.369553e-11 2.353882e-01 4.680000e+03 -3.097504e-13 0.000000e+00 2.000000e+04 3.441278e+02 0.000000e+00 0.000000e+00 0.000000e+00 0.000000e+00 0.000000e+00 0.000000e+00 1.000000e+00 1.000000e+00 2.128571e+05 2.960000e+02
 -4.410728e-02 3.104202e-04 0.000000e+00 7.106868e-11 2.353882e-01 4.680000e+03 -3.540085e-13 0.000000e+00 2.000000e+04 3.441278e+02 0.000000e+00 0.000000e+00 0.000000e+00 0.000000e+00 0.000000e+00 0.000000e+00 1.000000e+00 1.000000e+00 2.128571e+05 2.960000e+02
 -4.373973e-02 3.059163e-04 0.000000e+00 6.847466e-11 2.353882e-01 4.680000e+03 1.565443e-13 0.000000e+00 2.000000e+04 3.441278e+02 0.000000e+00 0.000000e+00 0.000000e+00 0.000000e+00 0.000000e+00 0.000000e+00 1.000000e+00 1.000000e+00 2.128571e+05 2.960000e+02
 -4.337526e-02 3.014657e-04 0.000000e+00 6.591921e-11 2.353882e-01 4.680000e+03 6.900621e-14 0.000000e+00 2.000000e+04 3.441278e+02 0.000000e+00 0.000000e+00 0.000000e+00 0.000000e+00 0.000000e+00 0.000000e+00 1.000000e+00 1.000000e+00 2.128571e+05 2.960000e+02
 -4.301413e-02 2.970725e-04 0.000000e+00 6.340754e-11 2.353882e-01 4.680000e+03 7.058052e-14 0.000000e+00 2.000000e+04 3.441278e+02 0.000000e+00 0.000000e+00 0.000000e+00 0.000000e+00 0.000000e+00 0.000000e+00 1.000000e+00 1.000000e+00 2.128571e+05 2.960000e+02
 -4.265657e-02 2.927407e-04 0.000000e+00 6.094434e-11 2.353882e-01 4.680000e+03 2.656364e-13 0.000000e+00 2.000000e+04 3.441278e+02 0.000000e+00 0.000000e+00 0.000000e+00 0.000000e+00 0.000000e+00 0.000000e+00 1.000000e+00 1.000000e+00 2.128571e+05 2.960000e+02
 -4.230282e-02 2.884739e-04 0.000000e+00 5.853374e-11 2.353882e-01 4.680000e+03 4.988324e-13 0.000000e+00 2.000000e+04 3.441278e+02 0.000000e+00 0.000000e+00 0.000000e+00 0.000000e+00 0.000000e+00 0.000000e+00 1.000000e+00 1.000000e+00 2.128571e+05 2.960000e+02
 -4.195309e-02 2.842757e-04 0.000000e+00 5.617935e-11 2.353882e-01 4.680000e+03 2.409585e-13 0.000000e+00 2.000000e+04 3.441278e+02 0.000000e+00 0.000000e+00 0.000000e+00 0.000000e+00 0.000000e+00 0.000000e+00 1.000000e+00 1.000000e+00 2.128571e+05 2.960000e+02
 -4.160761e-02 2.801491e-04 0.000000e+00 5.388425e-11 2.353882e-01 4.680000e+03 2.177845e-13 0.000000e+00 2.000000e+04 3.441278e+02 0.000000e+00 0.000000e+00 0.000000e+00 0.000000e+00 0.000000e+00 0.000000e+00 1.000000e+00 1.000000e+00 2.128571e+05 2.960000e+02
 -4.126656e-02 2.760970e-04 0.000000e+00 5.165101e-11 2.353882e-01 4.680000e+03 2.951630e-13 0.000000e+00 2.000000e+04 3.441278e+02 0.000000e+00 0.000000e+00 0.000000e+00 0.000000e+00 0.000000e+00 0.000000e+00 1.000000e+00 1.000000e+00 2.128571e+05 2.960000e+02
 -4.093012e-02 2.721220e-04 0.000000e+00 4.948175e-11 2.353882e-01 4.680000e+03 1.822611e-13 0.000000e+00 2.000000e+04 3.441278e+02 0.000000e+00 0.000000e+00 0.000000e+00 0.000000e+00 0.000000e+00 0.000000e+00 1.000000e+00 1.000000e+00 2.128571e+05 2.960000e+02
 -4.059848e-02 2.682265e-04 0.000000e+00 4.737808e-11 2.353882e-01 4.680000e+03 2.335738e-13 0.000000e+00 2.000000e+04 3.441278e+02 0.000000e+00 0.000000e+00 0.000000e+00 0.000000e+00 0.000000e+00 0.000000e+00 1.000000e+00 1.000000e+00 2.128571e+05 2.960000e+02
 -4.027178e-02 2.644123e-04 0.000000e+00 4.534121e-11 2.353882e-01 4.680000e+03 2.960504e-13 0.000000e+00 2.000000e+04 3.441278e+02 0.000000e+00 0.000000e+00 0.000000e+00 0.000000e+00 0.000000e+00 0.000000e+00 1.000000e+00 1.000000e+00 2.128571e+05 2.960000e+02
 -3.995019e-02 2.606814e-04 0.000000e+00 4.337192e-11 2.353882e-01 4.680000e+03 1.233764e-13 0.000000e+00 2.000000e+04 3.441278e+02 0.000000e+00 0.000000e+00 0.000000e+00 0.000000e+00 0.000000e+00 0.000000e+00 1.000000e+00 1.000000e+00 2.128571e+05 2.960000e+02
 -3.963382e-02 2.570352e-04 0.000000e+00 4.147064e-11 2.353882e-01 4.680000e+03 5.135706e-13 0.000000e+00 2.000000e+04 3.441278e+02 0.000000e+00 0.000000e+00 0.000000e+00 0.000000e+00 0.000000e+00 0.000000e+00 1.000000e+00 1.000000e+00 2.128571e+05 2.960000e+02
 -3.932281e-02 2.534749e-04 0.000000e+00 3.963742e-11 2.353882e-01 4.680000e+03 4.901535e-13 0.000000e+00 2.000000e+04 3.441278e+02 0.000000e+00 0.000000e+00 0.000000e+00 0.000000e+00 0.000000e+00 0.000000e+00 1.000000e+00 1.000000e+00 2.128571e+05 2.960000e+02
 -3.901727e-02 2.500015e-04 0.000000e+00 3.787202e-11 2.353882e-01 4.680000e+03 2.281679e-13 0.000000e+00 2.000000e+04 3.441278e+02 0.000000e+00 0.000000e+00 0.000000e+00 0.000000e+00 0.000000e+00 0.000000e+00 1.000000e+00 1.000000e+00 2.128571e+05 2.960000e+02
 -3.871728e-02 2.466155e-04 0.000000e+00 3.617391e-11 2.353882e-01 4.680000e+03 2.070024e-13 0.000000e+00 2.000000e+04 3.441278e+02 0.000000e+00 0.000000e+00 0.000000e+00 0.000000e+00 0.000000e+00 0.000000e+00 1.000000e+00 1.000000e+00 2.128571e+05 2.960000e+02
 -3.842294e-02 2.433176e-04 0.000000e+00 3.454228e-11 2.353882e-01 4.680000e+03 3.187027e-13 0.000000e+00 2.000000e+04 3.441278e+02 0.000000e+00 0.000000e+00 0.000000e+00 0.000000e+00 0.000000e+00 0.000000e+00 1.000000e+00 1.000000e+00 2.128571e+05 2.960000e+02
 -3.813431e-02 2.401080e-04 0.000000e+00 3.297613e-11 2.353882e-01 4.680000e+03 4.604484e-13 0.000000e+00 2.000000e+04 3.441278e+02 0.000000e+00 0.000000e+00 0.000000e+00 0.000000e+00 0.000000e+00 0.000000e+00 1.000000e+00 1.000000e+00 2.128571e+05 2.960000e+02
 -3.785146e-02 2.369865e-04 0.000000e+00 3.147426e-11 2.353882e-01 4.680000e+03 6.832312e-13 0.000000e+00 2.000000e+04 3.441278e+02 0.000000e+00 0.000000e+00 0.000000e+00 0.000000e+00 0.000000e+00 0.000000e+00 1.000000e+00 1.000000e+00 2.128571e+05 2.960000e+02
 -3.757443e-02 2.339531e-04 0.000000e+00 3.003527e-11 2.353882e-01 4.680000e+03 5.649377e-13 0.000000e+00 2.000000e+04 3.441278e+02 0.000000e+00 0.000000e+00 0.000000e+00 0.000000e+00 0.000000e+00 0.000000e+00 1.000000e+00 1.000000e+00 2.128571e+05 2.960000e+02
 -3.730327e-02 2.310074e-04 0.000000e+00 2.865766e-11 2.353882e-01 4.680000e+03 5.538617e-13 0.000000e+00 2.000000e+04 3.441278e+02 0.000000e+00 0.000000e+00 0.000000e+00 0.000000e+00 0.000000e+00 0.000000e+00 1.000000e+00 1.000000e+00 2.128571e+05 2.960000e+02
 -3.703800e-02 2.281487e-04 0.000000e+00 2.733978e-11 2.353882e-01 4.680000e+03 9.860820e-13 0.000000e+00 2.000000e+04 3.441278e+02 0.000000e+00 0.000000e+00 0.000000e+00 0.000000e+00 0.000000e+00 0.000000e+00 1.000000e+00 1.000000e+00 2.128571e+05 2.960000e+02
 -3.677863e-02 2.253763e-04 0.000000e+00 2.607991e-11 2.353882e-01 4.680000e+03 1.461981e-12 0.000000e+00 2.000000e+04 3.441278e+02 0.000000e+00 0.000000e+00 0.000000e+00 0.000000e+00 0.000000e+00 0.000000e+00 1.000000e+00 1.000000e+00 2.128571e+05 2.960000e+02
 -3.652518e-02 2.226894e-04 0.000000e+00 2.487624e-11 2.353882e-01 4.680000e+03 1.733839e-12 0.000000e+00 2.000000e+04 3.441278e+02 0.000000e+00 0.000000e+00 0.000000e+00 0.000000e+00 0.000000e+00 0.000000e+00 1.000000e+00 1.000000e+00 2.128571e+05 2.960000e+02
 -3.627764e-02 2.200868e-04 0.000000e+00 2.372691e-11 2.353882e-01 4.680000e+03 1.665319e-12 0.000000e+00 2.000000e+04 3.441278e+02 0.000000e+00 0.000000e+00 0.000000e+00 0.000000e+00 0.000000e+00 0.000000e+00 1.000000e+00 1.000000e+00 2.128571e+05 2.960000e+02
 -3.603599e-02 2.175674e-04 0.000000e+00 2.263003e-11 2.353882e-01 4.680000e+03 2.083727e-12 0.000000e+00 2.000000e+04 3.441278e+02 0.000000e+00 0.000000e+00 0.000000e+00 0.000000e+00 0.000000e+00 0.000000e+00 1.000000e+00 1.000000e+00 2.128571e+05 2.960000e+02
 -3.580022e-02 2.151299e-04 0.000000e+00 2.158367e-11 2.353882e-01 4.680000e+03 2.083728e-12 0.000000e+00 2.000000e+04 3.441278e+02 0.000000e+00 0.000000e+00 0.000000e+00 0.000000e+00 0.000000e+00 0.000000e+00 1.000000e+00 1.000000e+00 2.128571e+05 2.960000e+02
 -3.557029e-02 2.127728e-04 0.000000e+00 2.058592e-11 2.353882e-01 4.680000e+03 2.039028e-12 0.000000e+00 2.000000e+04 3.441278e+02 0.000000e+00 0.000000e+00 0.000000e+00 0.000000e+00 0.000000e+00 0.000000e+00 1.000000e+00 1.000000e+00 2.128571e+05 2.960000e+02
 -3.534617e-02 2.104948e-04 0.000000e+00 1.963485e-11 2.353882e-01 4.680000e+03 2.445287e-12 0.000000e+00 2.000000e+04 3.441278e+02 0.000000e+00 0.000000e+00 0.000000e+00 0.000000e+00 0.000000e+00 0.000000e+00 1.000000e+00 1.000000e+00 2.128571e+05 2.960000e+02
 -3.512782e-02 2.082941e-04 0.000000e+00 1.872856e-11 2.353882e-01 4.680000e+03 2.752776e-12 0.000000e+00 2.000000e+04 3.441278e+02 0.000000e+00 0.000000e+00 0.000000e+00 0.000000e+00 0.000000e+00 0.000000e+00 1.000000e+00 1.000000e+00 2.128571e+05 2.960000e+02
 -3.491518e-02 2.061693e-04 0.000000e+00 1.786517e-11 2.353882e-01 4.680000e+03 3.273371e-12 0.000000e+00 2.000000e+04 3.441278e+02 0.000000e+00 0.000000e+00 0.000000e+00 0.000000e+00 0.000000e+00 0.000000e+00 1.000000e+00 1.000000e+00 2.128571e+05 2.960000e+02
 -3.470819e-02 2.041185e-04 0.000000e+00 1.704284e-11 2.353882e-01 4.680000e+03 -1.240707e-04 0.000000e+00 2.000001e+04 3.441278e+02 0.000000e+00 0.000000e+00 0.000000e+00 0.000000e+00 1.000000e+00 0.000000e+00 1.000000e+00 1.000000e+00 2.128571e+05 2.960000e+02
 -3.450680e-02 2.021401e-04 0.000000e+00 1.625974e-11 2.761007e-01 4.256430e+03 1.413701e+01 0.000000e+00 2.177647e+05 9.774336e+02 0.000000e+00 0.000000e+00 0.000000e+00 0.000000e+00 1.000000e+00 0.000000e+00 1.000000e+00 1.000000e+00 2.601600e+06 2.730039e+03
 -3.431093e-02 2.002321e-04 0.000000e+00 1.551413e-11 1.186309e+00 1.004380e+03 8.388807e+01 0.000000e+00 2.527385e+06 1.599941e+03 0.000000e+00 0.000000e+00 0.000000e+00 0.000000e+00 1.000000e+00 0.000000e+00 1.000000e+00 1.000000e+00 9.898649e+06 6.139634e+03
 -3.412051e-02 1.983929e-04 0.000000e+00 1.480429e-11 2.165211e+00 5.073946e+02 6.604708e+01 0.000000e+00 4.482528e+06 1.587036e+03 0.000000e+00 0.000000e+00 0.000000e+00 0.000000e+00 1.000000e+00 0.000000e+00 1.000000e+00 1.000000e+00 9.384206e+06 6.070720e+03
 -3.393547e-02 1.966205e-04 0.000000e+00 1.412855e-11 2.273732e+00 4.270608e+02 5.116383e+01 0.000000e+00 4.675769e+06 1.582988e+03 0.000000e+00 0.000000e+00 0.000000e+00 0.000000e+00 0.000000e+00 0.000000e+00 1.000000e+00 1.000000e+00 9.297865e+06 6.044310e+03
 -3.375571e-02 1.949132e-04 0.000000e+00 1.348530e-11 2.292904e+00 3.757166e+02 4.272058e+01 0.000000e+00 4.720161e+06 1.583765e+03 0.000000e+00 0.000000e+00 0.000000e+00 0.000000e+00 0.000000e+00 0.000000e+00 1.000000e+00 1.000000e+00 9.306773e+06 6.050341e+03
 -3.358115e-02 1.932690e-04 0.000000e+00 1.287301e-11 2.305563e+00 3.326928e+02 3.778338e+01 0.000000e+00 4.751971e+06 1.584624e+03 0.000000e+00 0.000000e+00 0.000000e+00 0.000000e+00 0.000000e+00 0.000000e+00 1.000000e+00 1.000000e+00 9.318213e+06 6.056797e+03
 -3.341172e-02 1.916861e-04 0.000000e+00 1.229018e-11 2.316815e+00 2.915679e+02 3.630266e+01 0.000000e+00 4.780158e+06 1.585367e+03 0.000000e+00 0.000000e+00 0.000000e+00 0.000000e+00 0.000000e+00 0.000000e+00 1.000000e+00 1.000000e+00 9.328072e+06 6.062391e+03
 -3.324730e-02 1.901626e-04 0.000000e+00 1.173538e-11 2.326255e+00 2.514505e+02 3.369634e+01 0.000000e+00 4.804556e+06 1.586089e+03 0.000000e+00 0.000000e+00 0.000000e+00 0.000000e+00 0.000000e+00 0.000000e+00 1.000000e+00 1.000000e+00 9.337942e+06 6.067794e+03
 -3.308781e-02 1.886967e-04 0.000000e+00 1.120722e-11 2.333775e+00 2.120180e+02 2.921161e+01 0.000000e+00 4.824709e+06 1.586760e+03 0.000000e+00 0.000000e+00 0.000000e+00 0.000000e+00 0.000000e+00 0.000000e+00 1.000000e+00 1.000000e+00 9.347348e+06 6.072783e+03
 -3.293316e-02 1.872865e-04 0.000000e+00 1.070441e-11 2.341480e+00 1.726824e+02 2.633465e+01 0.000000e+00 4.841535e+06 1.586913e+03 0.000000e+00 0.000000e+00 0.000000e+00 0.000000e+00 0.000000e+00 0.000000e+00 1.000000e+00 1.000000e+00 9.348397e+06 6.074062e+03
 -3.278324e-02 1.859303e-04 0.000000e+00 1.022567e-11 2.347860e+00 1.356935e+02 2.279918e+01 0.000000e+00 4.854210e+06 1.586865e+03 0.000000e+00 0.000000e+00 0.000000e+00 0.000000e+00 0.000000e+00 0.000000e+00 1.000000e+00 1.000000e+00 9.346461e+06 6.073869e+03
 -3.263795e-02 1.846262e-04 0.000000e+00 9.769817e-12 2.353196e+00 1.030931e+02 1.796257e+01 0.000000e+00 4.863130e+06 1.586594e+03 0.000000e+00 0.000000e+00 0.000000e+00 0.000000e+00 0.000000e+00 0.000000e+00 1.000000e+00 1.000000e+00 9.341127e+06 6.072048e+03
 -3.249720e-02 1.833726e-04 0.000000e+00 9.335697e-12 2.356514e+00 7.660212e+01 1.326083e+01 0.000000e+00 4.868978e+06 1.586467e+03 0.000000e+00 0.000000e+00 0.000000e+00 0.000000e+00 0.000000e+00 0.000000e+00 1.000000e+00 1.000000e+00 9.338488e+06 6.071217e+03
 -3.236088e-02 1.821676e-04 0.000000e+00 8.922222e-12 2.358101e+00 5.706721e+01 8.997370e+00 0.000000e+00 4.874457e+06 1.586776e+03 0.000000e+00 0.000000e+00 0.000000e+00 0.000000e+00 0.000000e+00 0.000000e+00 1.000000e+00 1.000000e+00 9.343161e+06 6.073468e+03
 -3.222889e-02 1.810096e-04 0.000000e+00 8.528355e-12 2.357166e+00 4.315373e+01 7.115444e+00 0.000000e+00 4.879011e+06 1.587665e+03 0.000000e+00 0.000000e+00 0.000000e+00 0.000000e+00 0.000000e+00 0.000000e+00 1.000000e+00 1.000000e+00 9.357629e+06 6.079825e+03
 -3.210113e-02 1.798969e-04 0.000000e+00 8.153108e-12 2.357352e+00 3.116163e+01 6.800286e+00 0.000000e+00 4.880430e+06 1.587808e+03 0.000000e+00 0.000000e+00 0.000000e+00 0.000000e+00 0.000000e+00 0.000000e+00 1.000000e+00 1.000000e+00 9.359897e+06 6.080855e+03
 -3.197749e-02 1.788280e-04 0.000000e+00 7.795544e-12 2.364348e+00 1.941067e+01 6.834584e+00 0.000000e+00 4.882405e+06 1.586117e+03 0.000000e+00 0.000000e+00 0.000000e+00 0.000000e+00 0.000000e+00 0.000000e+00 1.000000e+00 1.000000e+00 9.331451e+06 6.068890e+03
 -3.185788e-02 1.778011e-04 0.000000e+00 7.454772e-12 2.481420e+00 7.143337e+00 8.276992e+00 0.000000e+00 4.880663e+06 1.553361e+03 0.000000e+00 0.000000e+00 0.000000e+00 0.000000e+00 0.000000e+00 0.000000e+00 1.000000e+00 1.000000e+00 8.819732e+06 5.843467e+03
