 2.052409e-01 6.775857e-06 0.000000e+00 5.171792e-08 1.283995e-01 5.419978e+01 -8.310829e-02 0.000000e+00 1.061418e+04 3.401932e+02 1.789302e-05 2.529816e-02 1.306831e-08 1.475284e-05 0.000000e+00 1.448075e+01 1.423119e+08 1.000000e+00 2.066633e+05 2.879686e+02 1.593207e-01 1.080398e+04
 2.052409e-01 2.075314e-05 0.000000e+00 5.496619e-08 1.310595e-01 1.627824e+02 -2.276284e-01 0.000000e+00 1.058637e+04 3.362817e+02 1.757289e-05 2.477396e-02 1.181718e-06 1.334043e-03 0.000000e+00 3.118476e+02 3.458645e+07 1.000000e+00 2.019382e+05 2.813846e+02 4.840662e-01 1.242690e+04
 2.052410e-01 3.560843e-05 0.000000e+00 5.841939e-08 1.373864e-01 2.537714e+02 -3.802338e-01 0.000000e+00 1.050134e+04 3.271255e+02 1.682426e-05 2.355381e-02 1.100913e-05 1.242823e-02 0.000000e+00 1.323497e+03 1.651588e+07 1.000000e+00 1.910913e+05 2.662703e+02 7.757623e-01 1.563142e+04
 2.052411e-01 5.139711e-05 0.000000e+00 6.209048e-08 1.440705e-01 3.146052e+02 -1.345674e-01 0.000000e+00 1.041525e+04 3.181349e+02 1.609051e-05 2.236610e-02 3.036600e-05 3.428024e-02 0.000000e+00 2.077399e+03 9.856077e+06 1.000000e+00 1.807318e+05 2.518352e+02 9.889050e-01 1.946271e+04
 2.052411e-01 6.817807e-05 0.000000e+00 6.599321e-08 1.505211e-01 3.556623e+02 -8.839201e-02 0.000000e+00 1.037582e+04 3.106537e+02 1.548127e-05 2.138652e-02 5.504426e-05 6.213956e-02 0.000000e+00 2.397871e+03 6.557079e+06 1.000000e+00 1.723316e+05 2.401302e+02 1.144884e+00 2.336704e+04
 2.052412e-01 8.601394e-05 0.000000e+00 7.014219e-08 1.564442e-01 3.857889e+02 -4.325584e-02 0.000000e+00 1.035283e+04 3.043783e+02 1.497138e-05 2.057154e-02 8.381247e-05 9.461604e-02 0.000000e+00 2.521645e+03 4.706896e+06 1.000000e+00 1.654396e+05 2.305267e+02 1.267465e+00 2.702804e+04
 2.052413e-01 1.049713e-04 0.000000e+00 7.455293e-08 1.619553e-01 4.093833e+02 -1.234003e-02 0.000000e+00 1.034025e+04 2.989730e+02 1.453316e-05 1.987483e-02 1.161870e-04 1.311637e-01 0.000000e+00 2.559469e+03 3.567690e+06 1.000000e+00 1.596158e+05 2.224117e+02 1.369299e+00 3.043265e+04
 2.052413e-01 1.251208e-04 0.000000e+00 7.924195e-08 1.671181e-01 4.287586e+02 -2.271775e-03 0.000000e+00 1.033159e+04 2.941954e+02 1.414672e-05 1.926339e-02 1.518492e-04 1.714229e-01 0.000000e+00 2.556299e+03 2.813338e+06 1.000000e+00 1.545553e+05 2.153603e+02 1.457394e+00 3.362679e+04
 2.052414e-01 1.465378e-04 0.000000e+00 8.422676e-08 1.720309e-01 4.452321e+02 1.662613e-02 0.000000e+00 1.032571e+04 2.898816e+02 1.379857e-05 1.871500e-02 1.906532e-04 2.152288e-01 0.000000e+00 2.532017e+03 2.284696e+06 1.000000e+00 1.500560e+05 2.090909e+02 1.535910e+00 3.666432e+04
 2.052415e-01 1.693021e-04 0.000000e+00 8.952597e-08 1.767723e-01 4.596073e+02 2.498719e-02 0.000000e+00 1.032225e+04 2.859197e+02 1.347954e-05 1.821458e-02 2.325728e-04 2.625518e-01 0.000000e+00 2.496363e+03 1.897416e+06 1.000000e+00 1.459823e+05 2.034146e+02 1.607470e+00 3.958920e+04
 2.052415e-01 1.934988e-04 0.000000e+00 9.515937e-08 1.813750e-01 4.724031e+02 3.612976e-02 0.000000e+00 1.031964e+04 2.822329e+02 1.318334e-05 1.775184e-02 2.775649e-04 3.133435e-01 0.000000e+00 2.454123e+03 1.603645e+06 1.000000e+00 1.422418e+05 1.982025e+02 1.673806e+00 4.242932e+04
 2.052416e-01 2.192181e-04 0.000000e+00 1.011479e-07 1.858912e-01 4.839809e+02 4.653119e-02 0.000000e+00 1.031806e+04 2.787620e+02 1.290512e-05 1.731886e-02 3.256496e-04 3.676264e-01 0.000000e+00 2.407962e+03 1.374539e+06 1.000000e+00 1.387647e+05 1.933575e+02 1.736180e+00 4.521370e+04
 2.052417e-01 2.465561e-04 0.000000e+00 1.075140e-07 1.903513e-01 4.945910e+02 5.780553e-02 0.000000e+00 1.031710e+04 2.754640e+02 1.264138e-05 1.690996e-02 3.768318e-04 4.254060e-01 0.000000e+00 2.359350e+03 1.191790e+06 1.000000e+00 1.355007e+05 1.888093e+02 1.795483e+00 4.796223e+04
 2.052417e-01 2.756148e-04 0.000000e+00 1.142812e-07 1.947841e-01 5.044180e+02 6.984917e-02 0.000000e+00 1.031670e+04 2.723063e+02 1.238948e-05 1.652082e-02 4.311099e-04 4.866807e-01 0.000000e+00 2.309083e+03 1.043287e+06 1.000000e+00 1.324120e+05 1.845055e+02 1.852392e+00 5.069256e+04
 2.052418e-01 3.065025e-04 0.000000e+00 1.214747e-07 1.992157e-01 5.136046e+02 8.291654e-02 0.000000e+00 1.031677e+04 2.692614e+02 1.214716e-05 1.614784e-02 4.884765e-04 5.514420e-01 0.000000e+00 2.257603e+03 9.207163e+05 1.000000e+00 1.294673e+05 1.804023e+02 1.907457e+00 5.342078e+04
 2.052419e-01 3.393345e-04 0.000000e+00 1.291212e-07 2.036673e-01 5.222564e+02 9.728591e-02 0.000000e+00 1.031724e+04 2.663086e+02 1.191276e-05 1.578834e-02 5.488991e-04 6.196532e-01 0.000000e+00 2.205157e+03 8.182131e+05 1.000000e+00 1.266434e+05 1.764673e+02 1.961095e+00 5.615990e+04
 2.052419e-01 3.742332e-04 0.000000e+00 1.372490e-07 2.081601e-01 5.304604e+02 1.130694e-01 0.000000e+00 1.031810e+04 2.634300e+02 1.168484e-05 1.544000e-02 6.123112e-04 6.912392e-01 0.000000e+00 2.151797e+03 7.315175e+05 1.000000e+00 1.239203e+05 1.726729e+02 2.013668e+00 5.892298e+04
 2.052420e-01 4.113286e-04 0.000000e+00 1.458881e-07 2.127140e-01 5.382851e+02 1.304735e-01 0.000000e+00 1.031932e+04 2.606103e+02 1.146220e-05 1.510092e-02 6.786443e-04 7.661228e-01 0.000000e+00 2.097626e+03 6.574756e+05 1.000000e+00 1.212817e+05 1.689962e+02 2.065479e+00 6.172193e+04
 2.052420e-01 4.507589e-04 0.000000e+00 1.550705e-07 2.173473e-01 5.457856e+02 1.498061e-01 0.000000e+00 1.032091e+04 2.578374e+02 1.124385e-05 1.476955e-02 7.477090e-04 8.440900e-01 0.000000e+00 2.042435e+03 5.937006e+05 1.000000e+00 1.187145e+05 1.654191e+02 2.116782e+00 6.456801e+04
 2.052421e-01 4.926709e-04 0.000000e+00 1.648299e-07 2.220810e-01 5.530109e+02 1.711871e-01 0.000000e+00 1.032288e+04 2.550990e+02 1.102884e-05 1.444440e-02 8.193390e-04 9.249533e-01 0.000000e+00 1.986151e+03 5.383409e+05 1.000000e+00 1.162062e+05 1.619240e+02 2.167829e+00 6.747378e+04
 2.052422e-01 5.372205e-04 0.000000e+00 1.752021e-07 2.269349e-01 5.600002e+02 1.949086e-01 0.000000e+00 1.032524e+04 2.523850e+02 1.081638e-05 1.412426e-02 8.932871e-04 1.008433e+00 0.000000e+00 1.928638e+03 4.899571e+05 1.000000e+00 1.137467e+05 1.584969e+02 2.218833e+00 7.045113e+04
 2.052422e-01 5.845732e-04 0.000000e+00 1.862253e-07 2.319296e-01 5.667868e+02 2.212339e-01 0.000000e+00 1.032803e+04 2.496863e+02 1.060578e-05 1.380807e-02 9.692289e-04 1.094164e+00 0.000000e+00 1.869696e+03 4.474015e+05 1.000000e+00 1.113272e+05 1.551255e+02 2.269996e+00 7.351244e+04
 2.052423e-01 6.349049e-04 0.000000e+00 1.979397e-07 2.370879e-01 5.734002e+02 2.504852e-01 0.000000e+00 1.033129e+04 2.469941e+02 1.039638e-05 1.349483e-02 1.046768e-03 1.181699e+00 0.000000e+00 1.809078e+03 4.097438e+05 1.000000e+00 1.089394e+05 1.517983e+02 2.321515e+00 7.667123e+04
 2.052423e-01 6.884024e-04 0.000000e+00 2.103880e-07 2.424342e-01 5.798663e+02 2.830122e-01 0.000000e+00 1.033507e+04 2.443001e+02 1.018757e-05 1.318363e-02 1.125422e-03 1.270491e+00 0.000000e+00 1.746492e+03 3.762190e+05 1.000000e+00 1.065760e+05 1.485051e+02 2.373582e+00 7.994196e+04
 2.052424e-01 7.452637e-04 0.000000e+00 2.236155e-07 2.479954e-01 5.862076e+02 3.192488e-01 0.000000e+00 1.033945e+04 2.415966e+02 9.978769e-06 1.287362e-02 1.204614e-03 1.359891e+00 0.000000e+00 1.681580e+03 3.461854e+05 1.000000e+00 1.042302e+05 1.452364e+02 2.426390e+00 8.334055e+04
 2.052425e-01 8.056995e-04 0.000000e+00 2.376701e-07 2.538014e-01 5.924444e+02 3.595101e-01 0.000000e+00 1.034452e+04 2.388758e+02 9.769433e-06 1.256403e-02 1.283665e-03 1.449131e+00 0.000000e+00 1.613907e+03 3.190918e+05 1.000000e+00 1.018958e+05 1.419836e+02 2.480137e+00 8.688447e+04
 2.052425e-01 8.699330e-04 0.000000e+00 2.526025e-07 2.598872e-01 5.985949e+02 4.044787e-01 0.000000e+00 1.035046e+04 2.361301e+02 9.559034e-06 1.225411e-02 1.361797e-03 1.537335e+00 0.000000e+00 1.542930e+03 2.944509e+05 1.000000e+00 9.956681e+04 1.387383e+02 2.535023e+00 9.059384e+04
 2.052426e-01 9.382014e-04 0.000000e+00 2.684663e-07 2.661803e-01 6.045522e+02 4.550162e-01 0.000000e+00 1.035721e+04 2.333981e+02 9.350577e-06 1.194830e-02 1.431908e-03 1.616484e+00 0.000000e+00 1.468514e+03 2.729811e+05 1.000000e+00 9.727623e+04 1.355466e+02 2.590220e+00 9.441719e+04
 2.052426e-01 1.010756e-03 0.000000e+00 2.853185e-07 2.727254e-01 6.103591e+02 5.116027e-01 0.000000e+00 1.036441e+04 2.306607e+02 9.142625e-06 1.164448e-02 1.492668e-03 1.685075e+00 0.000000e+00 1.394708e+03 2.548231e+05 1.000000e+00 9.500775e+04 1.323856e+02 2.646135e+00 9.838223e+04
 2.052427e-01 1.087864e-03 0.000000e+00 3.032191e-07 2.796864e-01 6.161671e+02 5.750409e-01 0.000000e+00 1.037203e+04 2.278558e+02 8.930562e-06 1.133598e-02 1.547757e-03 1.747266e+00 0.000000e+00 1.319987e+03 2.385231e+05 1.000000e+00 9.271122e+04 1.291856e+02 2.704198e+00 1.025955e+05
 2.052428e-01 1.169808e-03 0.000000e+00 3.222315e-07 2.871256e-01 6.219892e+02 6.464053e-01 0.000000e+00 1.038024e+04 2.249737e+02 8.713763e-06 1.102199e-02 1.595283e-03 1.800918e+00 0.000000e+00 1.243748e+03 2.238504e+05 1.000000e+00 9.038069e+04 1.259382e+02 2.764721e+00 1.070931e+05
 2.052428e-01 1.256888e-03 0.000000e+00 3.424229e-07 2.951157e-01 6.278386e+02 7.270469e-01 0.000000e+00 1.038919e+04 2.220030e+02 8.491517e-06 1.070161e-02 1.633117e-03 1.843629e+00 0.000000e+00 1.165464e+03 2.106028e+05 1.000000e+00 8.800949e+04 1.226341e+02 2.828066e+00 1.119172e+05
 2.052429e-01 1.349423e-03 0.000000e+00 3.638642e-07 3.037445e-01 6.337290e+02 8.183604e-01 0.000000e+00 1.039903e+04 2.189304e+02 8.263030e-06 1.037385e-02 1.658892e-03 1.872727e+00 0.000000e+00 1.084673e+03 1.985995e+05 1.000000e+00 8.559024e+04 1.192631e+02 2.894662e+00 1.171187e+05
 2.052429e-01 1.447750e-03 0.000000e+00 3.866301e-07 3.131180e-01 6.396742e+02 9.220336e-01 0.000000e+00 1.040990e+04 2.157413e+02 8.027412e-06 1.003760e-02 1.669998e-03 1.885264e+00 0.000000e+00 1.000979e+03 1.876743e+05 1.000000e+00 8.311482e+04 1.158138e+02 2.965009e+00 1.227592e+05
 2.052430e-01 1.552226e-03 0.000000e+00 4.107996e-07 3.233651e-01 6.456879e+02 1.040026e+00 0.000000e+00 1.042197e+04 2.124185e+02 7.783674e-06 9.691656e-03 1.663588e-03 1.878028e+00 0.000000e+00 9.140614e+02 1.776678e+05 1.000000e+00 8.057435e+04 1.122739e+02 3.039700e+00 1.289130e+05
 2.052430e-01 1.663231e-03 0.000000e+00 4.364558e-07 3.346440e-01 6.517827e+02 1.174618e+00 0.000000e+00 1.043543e+04 2.089429e+02 7.530724e-06 9.334729e-03 1.636613e-03 1.847575e+00 0.000000e+00 8.237118e+02 1.684212e+05 1.000000e+00 7.795915e+04 1.086298e+02 3.119435e+00 1.356710e+05
 2.052431e-01 1.781164e-03 0.000000e+00 4.636865e-07 3.471490e-01 6.579695e+02 1.328410e+00 0.000000e+00 1.045042e+04 2.052925e+02 7.267375e-06 8.965436e-03 1.585900e-03 1.790326e+00 0.000000e+00 7.299113e+02 1.597688e+05 1.000000e+00 7.525892e+04 1.048672e+02 3.205042e+00 1.431443e+05
 2.052431e-01 1.906451e-03 0.000000e+00 4.925838e-07 3.611176e-01 6.642555e+02 1.504543e+00 0.000000e+00 1.046707e+04 2.014431e+02 6.992379e-06 8.582380e-03 1.508349e-03 1.702778e+00 0.000000e+00 6.329753e+02 1.515349e+05 1.000000e+00 7.246305e+04 1.009714e+02 3.297493e+00 1.514676e+05
 2.052432e-01 2.039541e-03 0.000000e+00 5.232450e-07 3.768278e-01 6.706401e+02 1.706924e+00 0.000000e+00 1.048510e+04 1.973690e+02 6.704522e-06 8.184290e-03 1.401382e-03 1.582023e+00 0.000000e+00 5.338279e+02 1.435369e+05 1.000000e+00 6.956162e+04 9.692852e+01 3.397912e+00 1.607985e+05
 2.052433e-01 2.180910e-03 0.000000e+00 5.557720e-07 3.949270e-01 6.772178e+02 1.953453e+00 0.000000e+00 1.050473e+04 1.929737e+02 6.397860e-06 7.763517e-03 1.218731e-03 1.375828e+00 0.000000e+00 4.315181e+02 1.352464e+05 1.000000e+00 6.649792e+04 9.265949e+01 3.509394e+00 1.715079e+05
 2.052433e-01 2.331060e-03 0.000000e+00 5.902721e-07 4.181703e-01 6.846046e+02 2.312405e+00 0.000000e+00 1.053010e+04 1.877603e+02 6.039679e-06 7.276516e-03 8.306173e-04 9.376854e-01 0.000000e+00 3.130298e+02 1.240281e+05 1.000000e+00 6.295345e+04 8.772056e+01 3.646184e+00 1.851855e+05
 2.052434e-01 2.490524e-03 0.000000e+00 6.268578e-07 4.541806e-01 6.939468e+02 2.787034e+00 0.000000e+00 1.058559e+04 1.806372e+02 5.560756e-06 6.633125e-03 3.978005e-04 4.490777e-01 0.000000e+00 1.472067e+02 1.000796e+05 1.000000e+00 5.826752e+04 8.119109e+01 3.841691e+00 2.061047e+05
 2.052434e-01 2.659863e-03 0.000000e+00 6.656469e-07 5.035252e-01 7.035712e+02 3.213388e+00 0.000000e+00 1.061844e+04 1.718240e+02 4.986436e-06 5.873815e-03 9.882373e-05 1.115623e-01 0.000000e+00 2.016471e+01 6.157521e+04 1.000000e+00 5.272050e+04 7.346177e+01 4.094763e+00 2.341941e+05
 2.052435e-01 2.839672e-03 0.000000e+00 7.067629e-07 5.197288e-01 7.060228e+02 3.422690e+00 0.000000e+00 1.061795e+04 1.691204e+02 4.814608e-06 5.649336e-03 9.060710e-06 1.022865e-02 0.000000e+00 8.520282e-01 4.885178e+04 1.000000e+00 5.107449e+04 7.116819e+01 4.174724e+00 2.432204e+05
 2.052435e-01 3.030575e-03 0.000000e+00 7.503350e-07 5.206435e-01 7.061533e+02 3.426459e+00 0.000000e+00 1.061717e+04 1.689656e+02 4.804831e-06 5.636603e-03 1.334841e-06 1.506905e-03 0.000000e+00 1.237188e-01 4.825476e+04 1.000000e+00 5.098101e+04 7.103794e+01 4.179322e+00 2.437275e+05
 2.052436e-01 3.233236e-03 0.000000e+00 7.964979e-07 5.206607e-01 7.061614e+02 3.428916e+00 0.000000e+00 1.061658e+04 1.689581e+02 4.804359e-06 5.635988e-03 1.231458e-06 1.390195e-03 0.000000e+00 1.141112e-01 4.824664e+04 1.000000e+00 5.097650e+04 7.103164e+01 4.179555e+00 2.437406e+05
 2.052436e-01 3.448351e-03 0.000000e+00 8.453924e-07 5.206553e-01 7.061670e+02 3.432194e+00 0.000000e+00 1.061589e+04 1.689534e+02 4.804064e-06 5.635603e-03 1.230518e-06 1.389134e-03 0.000000e+00 1.140294e-01 4.824842e+04 1.000000e+00 5.097367e+04 7.102771e+01 4.179704e+00 2.437416e+05
 2.052437e-01 3.676655e-03 0.000000e+00 8.971648e-07 5.206448e-01 7.061716e+02 3.436606e+00 0.000000e+00 1.061518e+04 1.689495e+02 4.803814e-06 5.635278e-03 1.230553e-06 1.389174e-03 0.000000e+00 1.140401e-01 4.825054e+04 1.000000e+00 5.097129e+04 7.102439e+01 4.179829e+00 2.437396e+05
 2.052437e-01 3.918922e-03 0.000000e+00 9.519674e-07 5.206334e-01 7.061752e+02 3.442066e+00 0.000000e+00 1.061456e+04 1.689464e+02 4.803621e-06 5.635027e-03 1.230457e-06 1.389065e-03 0.000000e+00 1.140378e-01 4.825231e+04 1.000000e+00 5.096944e+04 7.102181e+01 4.179926e+00 2.437365e+05
 2.052438e-01 4.175967e-03 0.000000e+00 1.009958e-06 5.206269e-01 7.061785e+02 3.448852e+00 0.000000e+00 1.061407e+04 1.689436e+02 4.803442e-06 5.634793e-03 1.230286e-06 1.388872e-03 0.000000e+00 1.140260e-01 4.825344e+04 1.000000e+00 5.096773e+04 7.101943e+01 4.180017e+00 2.437356e+05
 2.052438e-01 4.448646e-03 0.000000e+00 1.071301e-06 5.206282e-01 7.061818e+02 3.458017e+00 0.000000e+00 1.061375e+04 1.689408e+02 4.803268e-06 5.634567e-03 1.230139e-06 1.388706e-03 0.000000e+00 1.140145e-01 4.825445e+04 1.000000e+00 5.096607e+04 7.101711e+01 4.180104e+00 2.437382e+05
 2.052439e-01 4.737861e-03 0.000000e+00 1.136165e-06 5.206405e-01 7.061845e+02 3.467347e+00 0.000000e+00 1.061371e+04 1.689385e+02 4.803122e-06 5.634377e-03 1.230078e-06 1.388637e-03 0.000000e+00 1.140105e-01 4.825628e+04 1.000000e+00 5.096468e+04 7.101517e+01 4.180178e+00 2.437457e+05
 2.052439e-01 5.044557e-03 0.000000e+00 1.204724e-06 5.206533e-01 7.061862e+02 3.478267e+00 0.000000e+00 1.061378e+04 1.689370e+02 4.803027e-06 5.634253e-03 1.230087e-06 1.388648e-03 0.000000e+00 1.140171e-01 4.825988e+04 1.000000e+00 5.096376e+04 7.101390e+01 4.180226e+00 2.437528e+05
 2.052440e-01 5.369725e-03 0.000000e+00 1.277157e-06 5.206732e-01 7.061868e+02 3.491048e+00 0.000000e+00 1.061411e+04 1.689364e+02 4.802989e-06 5.634203e-03 1.230139e-06 1.388706e-03 0.000000e+00 1.140252e-01 4.826315e+04 1.000000e+00 5.096340e+04 7.101339e+01 4.180245e+00 2.437626e+05
 2.052440e-01 5.714404e-03 0.000000e+00 1.353649e-06 5.207089e-01 7.061864e+02 3.504809e+00 0.000000e+00 1.061486e+04 1.689366e+02 4.803000e-06 5.634218e-03 1.230230e-06 1.388809e-03 0.000000e+00 1.140342e-01 4.826668e+04 1.000000e+00 5.096350e+04 7.101354e+01 4.180238e+00 2.437790e+05
 2.052441e-01 6.079684e-03 0.000000e+00 1.434387e-06 5.207560e-01 7.061847e+02 3.519411e+00 0.000000e+00 1.061598e+04 1.689379e+02 4.803082e-06 5.634324e-03 1.230396e-06 1.388996e-03 0.000000e+00 1.140494e-01 4.827098e+04 1.000000e+00 5.096429e+04 7.101463e+01 4.180196e+00 2.438001e+05
 2.052441e-01 6.466702e-03 0.000000e+00 1.519563e-06 5.208108e-01 7.061815e+02 3.534134e+00 0.000000e+00 1.061742e+04 1.689404e+02 4.803244e-06 5.634536e-03 1.230555e-06 1.389176e-03 0.000000e+00 1.140628e-01 4.827546e+04 1.000000e+00 5.096584e+04 7.101679e+01 4.180114e+00 2.438238e+05
 2.052442e-01 6.876645e-03 0.000000e+00 1.609370e-06 5.208728e-01 7.061777e+02 3.547616e+00 0.000000e+00 1.061908e+04 1.689436e+02 4.803443e-06 5.634795e-03 1.230720e-06 1.389362e-03 0.000000e+00 1.140764e-01 4.828051e+04 1.000000e+00 5.096774e+04 7.101944e+01 4.180015e+00 2.438505e+05
 2.052442e-01 7.310753e-03 0.000000e+00 1.704004e-06 5.209387e-01 7.061735e+02 3.557901e+00 0.000000e+00 1.062088e+04 1.689472e+02 4.803671e-06 5.635092e-03 1.230904e-06 1.389570e-03 0.000000e+00 1.140920e-01 4.828602e+04 1.000000e+00 5.096992e+04 7.102248e+01 4.179900e+00 2.438787e+05
 2.052443e-01 7.770316e-03 0.000000e+00 1.803662e-06 5.210067e-01 7.061691e+02 3.563565e+00 0.000000e+00 1.062273e+04 1.689509e+02 4.803903e-06 5.635394e-03 1.231105e-06 1.389797e-03 0.000000e+00 1.141097e-01 4.829191e+04 1.000000e+00 5.097214e+04 7.102557e+01 4.179784e+00 2.439078e+05
 2.052443e-01 8.256678e-03 0.000000e+00 1.908539e-06 5.210638e-01 7.061661e+02 3.563819e+00 0.000000e+00 1.062424e+04 1.689536e+02 4.804075e-06 5.635617e-03 1.231296e-06 1.390013e-03 0.000000e+00 1.141294e-01 4.829803e+04 1.000000e+00 5.097378e+04 7.102786e+01 4.179698e+00 2.439326e+05
 2.052444e-01 8.771231e-03 0.000000e+00 2.018832e-06 5.211367e-01 7.061613e+02 3.559209e+00 0.000000e+00 1.062623e+04 1.689576e+02 4.804327e-06 5.635946e-03 1.231517e-06 1.390262e-03 0.000000e+00 1.141482e-01 4.830407e+04 1.000000e+00 5.097619e+04 7.103122e+01 4.179571e+00 2.439638e+05
 2.052444e-01 9.315418e-03 0.000000e+00 2.134731e-06 5.212073e-01 7.061571e+02 3.552184e+00 0.000000e+00 1.062810e+04 1.689611e+02 4.804547e-06 5.636233e-03 1.231748e-06 1.390523e-03 0.000000e+00 1.141705e-01 4.831098e+04 1.000000e+00 5.097830e+04 7.103415e+01 4.179460e+00 2.439942e+05
 2.052445e-01 9.890735e-03 0.000000e+00 2.256422e-06 5.212595e-01 7.061540e+02 3.544639e+00 0.000000e+00 1.062948e+04 1.689636e+02 4.804705e-06 5.636439e-03 1.231926e-06 1.390723e-03 0.000000e+00 1.141910e-01 4.831754e+04 1.000000e+00 5.097981e+04 7.103626e+01 4.179379e+00 2.440166e+05
 2.052445e-01 1.049872e-02 0.000000e+00 2.384085e-06 5.213022e-01 7.061516e+02 3.538763e+00 0.000000e+00 1.063060e+04 1.689655e+02 4.804827e-06 5.636597e-03 1.232068e-06 1.390884e-03 0.000000e+00 1.142092e-01 4.832365e+04 1.000000e+00 5.098097e+04 7.103788e+01 4.179317e+00 2.440351e+05
 2.052446e-01 1.114096e-02 0.000000e+00 2.517890e-06 5.213239e-01 7.061501e+02 3.533104e+00 0.000000e+00 1.063121e+04 1.689669e+02 4.804913e-06 5.636710e-03 1.232184e-06 1.391015e-03 0.000000e+00 1.142317e-01 4.833060e+04 1.000000e+00 5.098180e+04 7.103903e+01 4.179274e+00 2.440443e+05
 2.052446e-01 1.181909e-02 0.000000e+00 2.657998e-06 5.213700e-01 7.061475e+02 3.533432e+00 0.000000e+00 1.063244e+04 1.689691e+02 4.805055e-06 5.636894e-03 1.232369e-06 1.391224e-03 0.000000e+00 1.142557e-01 4.833776e+04 1.000000e+00 5.098315e+04 7.104091e+01 4.179204e+00 2.440643e+05
 2.052446e-01 1.253478e-02 0.000000e+00 2.804551e-06 5.213912e-01 7.061461e+02 3.544354e+00 0.000000e+00 1.063302e+04 1.689704e+02 4.805134e-06 5.636997e-03 1.232489e-06 1.391359e-03 0.000000e+00 1.142793e-01 4.834501e+04 1.000000e+00 5.098391e+04 7.104197e+01 4.179165e+00 2.440734e+05
 2.052447e-01 1.328973e-02 0.000000e+00 2.957679e-06 5.214088e-01 7.061448e+02 3.567774e+00 0.000000e+00 1.063351e+04 1.689714e+02 4.805196e-06 5.637078e-03 1.232567e-06 1.391447e-03 0.000000e+00 1.142995e-01 4.835215e+04 1.000000e+00 5.098450e+04 7.104280e+01 4.179133e+00 2.440808e+05
 2.052447e-01 1.408569e-02 0.000000e+00 3.117489e-06 5.214281e-01 7.061429e+02 3.600299e+00 0.000000e+00 1.063406e+04 1.689727e+02 4.805279e-06 5.637185e-03 1.232620e-06 1.391507e-03 0.000000e+00 1.143168e-01 4.835917e+04 1.000000e+00 5.098529e+04 7.104390e+01 4.179090e+00 2.440887e+05
 2.052448e-01 1.492440e-02 0.000000e+00 3.284065e-06 5.214523e-01 7.061411e+02 3.637893e+00 0.000000e+00 1.063472e+04 1.689740e+02 4.805361e-06 5.637292e-03 1.232689e-06 1.391584e-03 0.000000e+00 1.143349e-01 4.836637e+04 1.000000e+00 5.098607e+04 7.104499e+01 4.179049e+00 2.440991e+05
 2.052448e-01 1.580766e-02 0.000000e+00 3.457464e-06 5.214705e-01 7.061399e+02 3.671459e+00 0.000000e+00 1.063521e+04 1.689749e+02 4.805419e-06 5.637368e-03 1.232779e-06 1.391686e-03 0.000000e+00 1.143581e-01 4.837437e+04 1.000000e+00 5.098663e+04 7.104577e+01 4.179020e+00 2.441069e+05
 2.052449e-01 1.673725e-02 0.000000e+00 3.637710e-06 5.214834e-01 7.061389e+02 3.701271e+00 0.000000e+00 1.063558e+04 1.689757e+02 4.805472e-06 5.637436e-03 1.232975e-06 1.391908e-03 0.000000e+00 1.143982e-01 4.838479e+04 1.000000e+00 5.098714e+04 7.104647e+01 4.178994e+00 2.441125e+05
 2.052449e-01 1.771497e-02 0.000000e+00 3.824795e-06 5.215121e-01 7.061363e+02 3.725286e+00 0.000000e+00 1.063641e+04 1.689777e+02 4.805595e-06 5.637598e-03 1.233402e-06 1.392389e-03 0.000000e+00 1.144621e-01 4.839775e+04 1.000000e+00 5.098832e+04 7.104811e+01 4.178932e+00 2.441244e+05
 2.052449e-01 1.874260e-02 0.000000e+00 4.018669e-06 5.215754e-01 7.061319e+02 3.741595e+00 0.000000e+00 1.063815e+04 1.689813e+02 4.805822e-06 5.637893e-03 1.234048e-06 1.393119e-03 0.000000e+00 1.145407e-01 4.841149e+04 1.000000e+00 5.099049e+04 7.105114e+01 4.178817e+00 2.441513e+05
 2.052450e-01 1.982191e-02 0.000000e+00 4.219238e-06 5.216756e-01 7.061248e+02 3.754315e+00 0.000000e+00 1.064096e+04 1.689873e+02 4.806203e-06 5.638389e-03 1.235187e-06 1.394405e-03 0.000000e+00 1.146662e-01 4.842911e+04 1.000000e+00 5.099413e+04 7.105621e+01 4.178626e+00 2.441938e+05
 2.052450e-01 2.095464e-02 0.000000e+00 4.426361e-06 5.217910e-01 7.061159e+02 3.768779e+00 0.000000e+00 1.064424e+04 1.689947e+02 4.806668e-06 5.638995e-03 1.237786e-06 1.397339e-03 0.000000e+00 1.149590e-01 4.846155e+04 1.000000e+00 5.099858e+04 7.106241e+01 4.178392e+00 2.442423e+05
 2.052451e-01 2.214247e-02 0.000000e+00 4.639843e-06 5.219001e-01 7.061063e+02 3.783679e+00 0.000000e+00 1.064740e+04 1.690021e+02 4.807135e-06 5.639603e-03 1.243742e-06 1.404062e-03 0.000000e+00 1.156535e-01 4.853101e+04 1.000000e+00 5.100304e+04 7.106863e+01 4.178152e+00 2.442873e+05
 2.052451e-01 2.338704e-02 0.000000e+00 4.859431e-06 5.219975e-01 7.060965e+02 3.799395e+00 0.000000e+00 1.065025e+04 1.690090e+02 4.807569e-06 5.640168e-03 1.255931e-06 1.417823e-03 0.000000e+00 1.171020e-01 4.867104e+04 1.000000e+00 5.100719e+04 7.107441e+01 4.177925e+00 2.443267e+05
 2.052451e-01 2.468992e-02 0.000000e+00 5.084812e-06 5.220859e-01 7.060876e+02 3.819310e+00 0.000000e+00 1.065276e+04 1.690146e+02 4.807923e-06 5.640629e-03 1.278175e-06 1.442934e-03 0.000000e+00 1.198001e-01 4.893419e+04 1.000000e+00 5.101057e+04 7.107912e+01 4.177734e+00 2.443624e+05
 2.052452e-01 2.605256e-02 0.000000e+00 5.315605e-06 5.221659e-01 7.060783e+02 3.846383e+00 0.000000e+00 1.065507e+04 1.690200e+02 4.808264e-06 5.641073e-03 1.315188e-06 1.484718e-03 0.000000e+00 1.244495e-01 4.941032e+04 1.000000e+00 5.101383e+04 7.108367e+01 4.177547e+00 2.443940e+05
 2.052452e-01 2.747632e-02 0.000000e+00 5.551360e-06 5.222443e-01 7.060680e+02 3.882643e+00 0.000000e+00 1.065750e+04 1.690265e+02 4.808675e-06 5.641609e-03 1.369781e-06 1.546348e-03 0.000000e+00 1.317514e-01 5.023214e+04 1.000000e+00 5.101777e+04 7.108915e+01 4.177326e+00 2.444243e+05
 2.052452e-01 2.896244e-02 0.000000e+00 5.791553e-06 5.223417e-01 7.060574e+02 3.928557e+00 0.000000e+00 1.066047e+04 1.690343e+02 4.809170e-06 5.642254e-03 1.426846e-06 1.610769e-03 0.000000e+00 1.407051e-01 5.150997e+04 1.000000e+00 5.102250e+04 7.109574e+01 4.177071e+00 2.444633e+05
 2.052453e-01 3.051201e-02 0.000000e+00 6.035587e-06 5.224906e-01 7.060469e+02 3.980907e+00 0.000000e+00 1.066454e+04 1.690425e+02 4.809685e-06 5.642925e-03 1.461380e-06 1.649754e-03 0.000000e+00 1.487723e-01 5.319141e+04 1.000000e+00 5.102743e+04 7.110261e+01 4.176809e+00 2.445265e+05
 2.052453e-01 3.212594e-02 0.000000e+00 6.282783e-06 5.226925e-01 7.060341e+02 4.041310e+00 0.000000e+00 1.066989e+04 1.690522e+02 4.810302e-06 5.643727e-03 1.477082e-06 1.667481e-03 0.000000e+00 1.556265e-01 5.507181e+04 1.000000e+00 5.103332e+04 7.111082e+01 4.176494e+00 2.446132e+05
 2.052453e-01 3.380495e-02 0.000000e+00 6.532386e-06 5.229167e-01 7.060102e+02 4.113747e+00 0.000000e+00 1.067698e+04 1.690721e+02 4.811557e-06 5.645363e-03 1.490496e-06 1.682624e-03 0.000000e+00 1.625177e-01 5.701728e+04 1.000000e+00 5.104532e+04 7.112755e+01 4.175864e+00 2.447033e+05
 2.052454e-01 3.554958e-02 0.000000e+00 6.783560e-06 5.232409e-01 7.059841e+02 4.216660e+00 0.000000e+00 1.068623e+04 1.690929e+02 4.812871e-06 5.647074e-03 1.513388e-06 1.708467e-03 0.000000e+00 1.709146e-01 5.909284e+04 1.000000e+00 5.105788e+04 7.114505e+01 4.175200e+00 2.448390e+05
 2.052454e-01 3.736011e-02 0.000000e+00 7.035392e-06 5.236573e-01 7.059597e+02 4.340213e+00 0.000000e+00 1.069720e+04 1.691124e+02 4.814102e-06 5.648678e-03 1.547785e-06 1.747297e-03 0.000000e+00 1.815617e-01 6.142784e+04 1.000000e+00 5.106966e+04 7.116146e+01 4.174579e+00 2.450190e+05
 2.052454e-01 3.923659e-02 0.000000e+00 7.286891e-06 5.240456e-01 7.059331e+02 4.461841e+00 0.000000e+00 1.070787e+04 1.691341e+02 4.815470e-06 5.650460e-03 1.584656e-06 1.788921e-03 0.000000e+00 1.938678e-01 6.411277e+04 1.000000e+00 5.108274e+04 7.117969e+01 4.173891e+00 2.451843e+05
 2.052454e-01 4.117878e-02 0.000000e+00 7.536996e-06 5.243691e-01 7.058876e+02 4.577584e+00 0.000000e+00 1.071924e+04 1.691716e+02 4.817839e-06 5.653546e-03 1.617841e-06 1.826383e-03 0.000000e+00 2.072330e-01 6.716846e+04 1.000000e+00 5.110540e+04 7.121126e+01 4.172701e+00 2.453075e+05
 2.052455e-01 4.318618e-02 0.000000e+00 7.784576e-06 5.251860e-01 7.058416e+02 4.800901e+00 0.000000e+00 1.074046e+04 1.692072e+02 4.820093e-06 5.656483e-03 1.652717e-06 1.865755e-03 0.000000e+00 2.223264e-01 7.064983e+04 1.000000e+00 5.112695e+04 7.124129e+01 4.171559e+00 2.456615e+05
 2.052455e-01 4.525797e-02 0.000000e+00 8.028443e-06 5.264905e-01 7.057409e+02 5.209535e+00 0.000000e+00 1.077749e+04 1.692886e+02 4.825231e-06 5.663178e-03 1.694465e-06 1.912885e-03 0.000000e+00 2.402766e-01 7.465778e+04 1.000000e+00 5.117610e+04 7.130977e+01 4.168977e+00 2.462097e+05
 2.052455e-01 4.739302e-02 0.000000e+00 8.267354e-06 5.268372e-01 7.057039e+02 5.330694e+00 0.000000e+00 1.078841e+04 1.693186e+02 4.827128e-06 5.665651e-03 1.737914e-06 1.961934e-03 0.000000e+00 2.614790e-01 7.926670e+04 1.000000e+00 5.119424e+04 7.133505e+01 4.168025e+00 2.463489e+05
 2.052455e-01 4.958985e-02 0.000000e+00 8.500025e-06 5.261498e-01 7.057275e+02 5.161150e+00 0.000000e+00 1.077192e+04 1.692996e+02 4.825929e-06 5.664087e-03 1.779175e-06 2.008513e-03 0.000000e+00 2.859639e-01 8.456836e+04 1.000000e+00 5.118277e+04 7.131906e+01 4.168625e+00 2.460417e+05
 2.052456e-01 5.184665e-02 0.000000e+00 8.725141e-06 5.224715e-01 7.059933e+02 4.045356e+00 0.000000e+00 1.066928e+04 1.690832e+02 4.812255e-06 5.646272e-03 1.809227e-06 2.042439e-03 0.000000e+00 3.137770e-01 9.061423e+04 1.000000e+00 5.105200e+04 7.113685e+01 4.175489e+00 2.444839e+05
 2.052456e-01 5.416129e-02 0.000000e+00 8.941369e-06 5.149913e-01 7.065894e+02 1.673822e+00 0.000000e+00 1.045549e+04 1.685917e+02 4.781256e-06 5.605913e-03 1.826127e-06 2.061517e-03 0.000000e+00 3.458200e-01 9.752709e+04 1.000000e+00 5.075567e+04 7.072393e+01 4.191139e+00 2.413471e+05
 2.052456e-01 5.653124e-02 0.000000e+00 9.147375e-06 5.112009e-01 7.069153e+02 4.269778e-01 0.000000e+00 1.034507e+04 1.683197e+02 4.764128e-06 5.583631e-03 1.863058e-06 2.103209e-03 0.000000e+00 3.858464e-01 1.058735e+05 1.000000e+00 5.059201e+04 7.049589e+01 4.199837e+00 2.397702e+05
 2.052456e-01 5.895366e-02 0.000000e+00 9.341834e-06 5.100936e-01 7.070128e+02 5.745186e-02 0.000000e+00 1.031259e+04 1.682376e+02 4.758960e-06 5.576911e-03 1.918511e-06 2.165810e-03 0.000000e+00 4.372912e-01 1.162693e+05 1.000000e+00 5.054264e+04 7.042710e+01 4.202467e+00 2.393106e+05
 2.052456e-01 6.142535e-02 0.000000e+00 9.523452e-06 5.098238e-01 7.070375e+02 -3.421438e-02 0.000000e+00 1.030455e+04 1.682165e+02 4.757632e-06 5.575184e-03 1.985390e-06 2.241311e-03 0.000000e+00 5.033903e-01 1.292673e+05 1.000000e+00 5.052995e+04 7.040942e+01 4.203141e+00 2.391992e+05
 2.052456e-01 6.394279e-02 0.000000e+00 9.690978e-06 5.097678e-01 7.070426e+02 -5.311946e-02 0.000000e+00 1.030286e+04 1.682119e+02 4.757347e-06 5.574813e-03 2.063383e-06 2.329357e-03 0.000000e+00 5.903895e-01 1.458619e+05 1.000000e+00 5.052723e+04 7.040562e+01 4.203285e+00 2.391760e+05
 2.052457e-01 6.650213e-02 0.000000e+00 9.843226e-06 5.097488e-01 7.070440e+02 -5.890487e-02 0.000000e+00 1.030230e+04 1.682105e+02 4.757258e-06 5.574697e-03 2.154808e-06 2.432566e-03 0.000000e+00 7.087050e-01 1.676585e+05 1.000000e+00 5.052638e+04 7.040444e+01 4.203328e+00 2.391680e+05
 2.052457e-01 6.909921e-02 0.000000e+00 9.979088e-06 5.097231e-01 7.070455e+02 -6.581805e-02 0.000000e+00 1.030159e+04 1.682089e+02 4.757156e-06 5.574564e-03 2.263155e-06 2.554880e-03 0.000000e+00 8.763356e-01 1.973809e+05 1.000000e+00 5.052540e+04 7.040308e+01 4.203378e+00 2.391568e+05
 2.052457e-01 7.172961e-02 0.000000e+00 1.009755e-05 5.096058e-01 7.070540e+02 -1.027533e-01 0.000000e+00 1.029829e+04 1.682013e+02 4.756682e-06 5.573948e-03 2.394041e-06 2.702637e-03 0.000000e+00 1.127123e+00 2.399340e+05 1.000000e+00 5.052087e+04 7.039677e+01 4.203617e+00 2.391070e+05
 2.052457e-01 7.438866e-02 0.000000e+00 1.019772e-05 5.089132e-01 7.071081e+02 -3.246806e-01 0.000000e+00 1.027867e+04 1.681553e+02 4.753786e-06 5.570184e-03 2.553690e-06 2.882866e-03 0.000000e+00 1.529790e+00 3.048805e+05 1.000000e+00 5.049322e+04 7.035824e+01 4.205090e+00 2.388152e+05
 2.052457e-01 7.707146e-02 0.000000e+00 1.027882e-05 5.083041e-01 7.071549e+02 -5.186559e-01 0.000000e+00 1.026146e+04 1.681151e+02 4.751260e-06 5.566899e-03 2.759109e-06 3.114763e-03 0.000000e+00 2.241133e+00 4.129076e+05 1.000000e+00 5.046909e+04 7.032461e+01 4.206375e+00 2.385581e+05
 2.052457e-01 7.977292e-02 0.000000e+00 1.034021e-05 5.082227e-01 7.071606e+02 -5.437533e-01 0.000000e+00 1.025916e+04 1.681097e+02 4.750921e-06 5.566458e-03 3.034526e-06 3.425682e-03 0.000000e+00 3.695493e+00 6.189867e+05 1.000000e+00 5.046585e+04 7.032010e+01 4.206544e+00 2.385233e+05
 2.052457e-01 8.248783e-02 0.000000e+00 1.038142e-05 5.083291e-01 7.071475e+02 -5.017834e-01 0.000000e+00 1.026216e+04 1.681168e+02 4.751363e-06 5.567034e-03 3.422354e-06 3.863501e-03 0.000000e+00 7.239321e+00 1.075468e+06 1.000000e+00 5.047008e+04 7.032599e+01 4.206289e+00 2.385650e+05
 2.052457e-01 8.521085e-02 0.000000e+00 1.040210e-05 5.088269e-01 7.071005e+02 -3.277443e-01 0.000000e+00 1.027624e+04 1.681497e+02 4.753433e-06 5.569725e-03 3.948928e-06 4.457951e-03 0.000000e+00 2.008879e+01 2.589622e+06 1.000000e+00 5.048985e+04 7.035354e+01 4.205185e+00 2.387693e+05
