0.000	188.680
0.001	3396.227
0.002	5849.058
0.003	8113.210
0.004	9811.321
0.006	11132.076
0.007	11886.794
0.008	12641.511
0.009	13207.549
0.010	13584.906
0.011	13962.266
0.012	13962.266
0.013	13962.266
0.014	13773.589
0.015	13396.229
0.017	12075.474
0.018	10754.719
0.019	10566.039
0.020	10377.359
0.021   10377.359
0.022   10377.359
0.023   10377.359
0.024   10377.359
0.025   10377.359
0.026   10377.359
0.027   10377.359
0.028   10377.359
0.029   10377.359
0.030   10377.359
0.031   10377.359
0.032   10377.359
0.033   10377.359
0.034   10377.359
0.035   10377.359
0.036   10377.359
0.037   10377.359
0.038   10377.359
0.039   10377.359
0.040   10377.359
0.041   10377.359
0.042   10377.359
0.043   10377.359
0.044   10377.359
0.045   10377.359
0.046   10377.359
0.047   10377.359
0.048   10377.359
0.049   10377.359
0.050   10377.359