# Variables: 1:pos.x 2:pos.y 3:pos.z 4:volume 5:rho 6:vel.x 7:vel.y 8:vel.z 9:p 10:a 11:mu 12:k[0] 13:mu_t 14:k_t 15:S 16:tke 17:omega 18:massf[0]-LUT 19:e[0] 20:T[0] 21:M_local 22:pitot_p 23:total_p 24:total_h
 5.114270e-01 1.942938e-03 0.000000e+00 1.938940e-09 1.259697e-01 1.996218e+03 -2.605074e+00 0.000000e+00 1.606741e+04 4.211554e+02 2.483825e-05 3.542339e-02 0.000000e+00 0.000000e+00 0.000000e+00 0.000000e+00 1.000006e+00 1.000000e+00 3.201877e+05 4.443397e+02 4.739864e+00 4.699105e+05 6.454131e+06 2.440183e+06
 5.114270e-01 5.815955e-03 0.000000e+00 5.764855e-09 1.255640e-01 1.995900e+03 -7.380785e+00 0.000000e+00 1.603840e+04 4.214462e+02 2.486316e-05 3.546104e-02 0.000000e+00 0.000000e+00 0.000000e+00 0.000000e+00 1.000006e+00 1.000000e+00 3.206518e+05 4.449709e+02 4.735867e+00 4.682709e+05 6.412301e+06 2.440218e+06
 5.114271e-01 9.650730e-03 0.000000e+00 9.437821e-09 1.253465e-01 1.996202e+03 -1.181975e+01 0.000000e+00 1.599028e+04 4.211858e+02 2.484085e-05 3.542732e-02 0.000000e+00 0.000000e+00 0.000000e+00 0.000000e+00 1.000005e+00 1.000000e+00 3.202362e+05 4.444056e+02 4.739562e+00 4.675950e+05 6.420906e+06 2.440285e+06
 5.114273e-01 1.342288e-02 0.000000e+00 1.286542e-08 1.249704e-01 1.996625e+03 -1.559979e+01 0.000000e+00 1.591461e+04 4.208300e+02 2.481040e-05 3.538129e-02 0.000000e+00 0.000000e+00 0.000000e+00 0.000000e+00 1.000003e+00 1.000000e+00 3.196687e+05 4.436337e+02 4.744639e+00 4.663800e+05 6.428770e+06 2.440393e+06
 5.114274e-01 1.710961e-02 0.000000e+00 1.596860e-08 1.245998e-01 1.996933e+03 -1.841475e+01 0.000000e+00 1.584372e+04 4.205244e+02 2.478427e-05 3.534180e-02 0.000000e+00 0.000000e+00 0.000000e+00 0.000000e+00 1.000003e+00 1.000000e+00 3.191819e+05 4.429715e+02 4.748875e+00 4.651329e+05 6.432025e+06 2.440379e+06
 5.114277e-01 2.069025e-02 0.000000e+00 1.868525e-08 1.243783e-01 1.997140e+03 -1.998212e+01 0.000000e+00 1.580040e+04 4.203283e+02 2.476751e-05 3.531647e-02 0.000000e+00 0.000000e+00 0.000000e+00 0.000000e+00 1.000002e+00 1.000000e+00 3.188697e+05 4.425468e+02 4.751618e+00 4.643975e+05 6.435109e+06 2.440388e+06
 5.114279e-01 2.414667e-02 0.000000e+00 2.097228e-08 1.244720e-01 1.997115e+03 -2.029210e+01 0.000000e+00 1.581419e+04 4.203525e+02 2.476958e-05 3.531960e-02 0.000000e+00 0.000000e+00 0.000000e+00 0.000000e+00 1.000002e+00 1.000000e+00 3.189083e+05 4.425993e+02 4.751293e+00 4.647390e+05 6.438274e+06 2.440398e+06
 5.114282e-01 2.746354e-02 0.000000e+00 2.280624e-08 1.244633e-01 1.997160e+03 -1.973613e+01 0.000000e+00 1.581102e+04 4.203259e+02 2.476731e-05 3.531617e-02 0.000000e+00 0.000000e+00 0.000000e+00 0.000000e+00 1.000002e+00 1.000000e+00 3.188660e+05 4.425417e+02 4.751688e+00 4.647231e+05 6.439975e+06 2.440419e+06
 5.114285e-01 3.062850e-02 0.000000e+00 2.418241e-08 1.245307e-01 1.997128e+03 -1.864164e+01 0.000000e+00 1.582310e+04 4.203715e+02 2.477120e-05 3.532205e-02 0.000000e+00 0.000000e+00 0.000000e+00 0.000000e+00 1.000002e+00 1.000000e+00 3.189385e+05 4.426404e+02 4.751071e+00 4.649573e+05 6.440238e+06 2.440434e+06
 5.114288e-01 3.363222e-02 0.000000e+00 2.511292e-08 1.247043e-01 1.997008e+03 -1.711146e+01 0.000000e+00 1.585432e+04 4.204896e+02 2.478129e-05 3.533730e-02 0.000000e+00 0.000000e+00 0.000000e+00 0.000000e+00 1.000002e+00 1.000000e+00 3.191265e+05 4.428961e+02 4.749419e+00 4.655506e+05 6.440457e+06 2.440429e+06
 5.114291e-01 3.646832e-02 0.000000e+00 2.562385e-08 1.249703e-01 1.996804e+03 -1.504664e+01 0.000000e+00 1.590282e+04 4.206784e+02 2.479744e-05 3.536170e-02 0.000000e+00 0.000000e+00 0.000000e+00 0.000000e+00 1.000002e+00 1.000000e+00 3.194273e+05 4.433053e+02 4.746763e+00 4.664521e+05 6.440047e+06 2.440406e+06
 5.114294e-01 3.913319e-02 0.000000e+00 2.575205e-08 1.254968e-01 1.996484e+03 -1.269530e+01 0.000000e+00 1.599562e+04 4.210088e+02 2.482569e-05 3.540441e-02 0.000000e+00 0.000000e+00 0.000000e+00 0.000000e+00 1.000003e+00 1.000000e+00 3.199538e+05 4.440215e+02 4.742238e+00 4.682790e+05 6.443340e+06 2.440466e+06
 5.114298e-01 4.162579e-02 0.000000e+00 2.554176e-08 1.262310e-01 1.996060e+03 -9.771679e+00 0.000000e+00 1.612601e+04 4.214769e+02 2.486578e-05 3.546500e-02 0.000000e+00 0.000000e+00 0.000000e+00 0.000000e+00 1.000006e+00 1.000000e+00 3.207007e+05 4.450374e+02 4.735928e+00 4.708392e+05 6.447949e+06 2.440627e+06
 5.114301e-01 4.394733e-02 0.000000e+00 2.504140e-08 1.271805e-01 1.995514e+03 -6.595508e+00 0.000000e+00 1.629350e+04 4.220591e+02 2.491572e-05 3.554048e-02 0.000000e+00 0.000000e+00 0.000000e+00 0.000000e+00 1.000018e+00 1.000000e+00 3.216311e+05 4.463028e+02 4.728071e+00 4.741503e+05 6.455060e+06 2.440805e+06
 5.114304e-01 4.610096e-02 0.000000e+00 2.430075e-08 1.281887e-01 1.994849e+03 -3.582156e+00 0.000000e+00 1.647275e+04 4.226843e+02 2.496944e-05 3.562167e-02 0.000000e+00 0.000000e+00 0.000000e+00 0.000000e+00 1.000044e+00 1.000000e+00 3.226320e+05 4.476639e+02 4.719484e+00 4.776254e+05 6.460438e+06 2.440853e+06
 5.114307e-01 4.809148e-02 0.000000e+00 2.336864e-08 1.291252e-01 1.994062e+03 -1.164527e+00 0.000000e+00 1.664004e+04 4.232652e+02 2.501943e-05 3.569723e-02 0.000000e+00 0.000000e+00 0.000000e+00 0.000000e+00 1.000089e+00 1.000000e+00 3.235635e+05 4.489304e+02 4.711141e+00 4.807713e+05 6.462051e+06 2.440572e+06
 5.114310e-01 4.992498e-02 0.000000e+00 2.229114e-08 1.299342e-01 1.993163e+03 5.482090e-01 0.000000e+00 1.678489e+04 4.237637e+02 2.506240e-05 3.576217e-02 0.000000e+00 0.000000e+00 0.000000e+00 0.000000e+00 1.000136e+00 1.000000e+00 3.243641e+05 4.500189e+02 4.703478e+00 4.833819e+05 6.459351e+06 2.439894e+06
 5.114313e-01 5.160854e-02 0.000000e+00 2.111030e-08 1.306162e-01 1.992513e+03 1.626209e+00 0.000000e+00 1.690699e+04 4.241784e+02 2.509820e-05 3.581627e-02 0.000000e+00 0.000000e+00 0.000000e+00 0.000000e+00 1.000175e+00 1.000000e+00 3.250309e+05 4.509254e+02 4.697348e+00 4.856301e+05 6.459226e+06 2.439526e+06
 5.114315e-01 5.314997e-02 0.000000e+00 1.986340e-08 1.312149e-01 1.992338e+03 2.206439e+00 0.000000e+00 1.701440e+04 4.245412e+02 2.512955e-05 3.586365e-02 0.000000e+00 0.000000e+00 0.000000e+00 0.000000e+00 1.000214e+00 1.000000e+00 3.256151e+05 4.517195e+02 4.692923e+00 4.877925e+05 6.466510e+06 2.439991e+06
 5.114318e-01 5.455755e-02 0.000000e+00 1.858257e-08 1.317024e-01 1.992582e+03 2.360907e+00 0.000000e+00 1.710244e+04 4.248412e+02 2.515549e-05 3.590286e-02 0.000000e+00 0.000000e+00 0.000000e+00 0.000000e+00 1.000262e+00 1.000000e+00 3.260984e+05 4.523764e+02 4.690184e+00 4.897392e+05 6.479369e+06 2.441149e+06
 5.114320e-01 5.583980e-02 0.000000e+00 1.729475e-08 1.321589e-01 1.992851e+03 2.181616e+00 0.000000e+00 1.718537e+04 4.251255e+02 2.518010e-05 3.594006e-02 0.000000e+00 0.000000e+00 0.000000e+00 0.000000e+00 1.000318e+00 1.000000e+00 3.265569e+05 4.529997e+02 4.687679e+00 4.915829e+05 6.491937e+06 2.442322e+06
 5.114322e-01 5.700530e-02 0.000000e+00 1.602191e-08 1.326760e-01 1.992814e+03 1.659007e+00 0.000000e+00 1.727938e+04 4.254461e+02 2.520787e-05 3.598203e-02 0.000000e+00 0.000000e+00 0.000000e+00 0.000000e+00 1.000433e+00 1.000000e+00 3.270744e+05 4.537029e+02 4.684060e+00 4.935062e+05 6.499773e+06 2.442968e+06
 5.114324e-01 5.806258e-02 0.000000e+00 1.478144e-08 1.331846e-01 1.992302e+03 8.896005e-01 0.000000e+00 1.737225e+04 4.257633e+02 2.523538e-05 3.602361e-02 0.000000e+00 0.000000e+00 0.000000e+00 0.000000e+00 1.001141e+00 1.000000e+00 3.275869e+05 4.543993e+02 4.679367e+00 4.951654e+05 6.498336e+06 2.442659e+06
 5.114326e-01 5.901994e-02 0.000000e+00 1.358656e-08 1.337230e-01 1.991370e+03 -1.154491e-01 0.000000e+00 1.747069e+04 4.260978e+02 2.526441e-05 3.606748e-02 0.000000e+00 0.000000e+00 0.000000e+00 0.000000e+00 1.007084e+00 1.000000e+00 3.281278e+05 4.551344e+02 4.673506e+00 4.967285e+05 6.489458e+06 2.441554e+06
 5.114328e-01 5.988541e-02 0.000000e+00 1.244692e-08 1.342634e-01 1.990584e+03 -1.251230e+00 0.000000e+00 1.757005e+04 4.264370e+02 2.529388e-05 3.611203e-02 0.000000e+00 0.000000e+00 0.000000e+00 0.000000e+00 1.059912e+00 1.000000e+00 3.286769e+05 4.558805e+02 4.667945e+00 4.983682e+05 6.483117e+06 2.440753e+06
 5.114329e-01 6.066663e-02 0.000000e+00 1.136909e-08 1.348004e-01 1.990065e+03 -2.461309e+00 0.000000e+00 1.766963e+04 4.267811e+02 2.532380e-05 3.615726e-02 0.000000e+00 0.000000e+00 0.000000e+00 0.000000e+00 1.524652e+00 1.000000e+00 3.292344e+05 4.566381e+02 4.662967e+00 5.001250e+05 6.481312e+06 2.440497e+06
 5.114331e-01 6.137087e-02 0.000000e+00 1.035706e-08 1.353097e-01 1.989673e+03 -3.654197e+00 0.000000e+00 1.776576e+04 4.271244e+02 2.535369e-05 3.620242e-02 0.000000e+00 0.000000e+00 0.000000e+00 0.000000e+00 5.422981e+00 1.000000e+00 3.297912e+05 4.573945e+02 4.658307e+00 5.018406e+05 6.480550e+06 2.440495e+06
 5.114332e-01 6.200495e-02 0.000000e+00 9.412735e-09 1.357853e-01 1.989302e+03 -4.822362e+00 0.000000e+00 1.785743e+04 4.274643e+02 2.538330e-05 3.624718e-02 0.000000e+00 0.000000e+00 0.000000e+00 0.000000e+00 3.577332e+01 1.000000e+00 3.303429e+05 4.581441e+02 4.653740e+00 5.034407e+05 6.478694e+06 2.440528e+06
 5.114333e-01 6.257523e-02 0.000000e+00 8.536371e-09 1.362315e-01 1.988889e+03 -5.939957e+00 0.000000e+00 1.794649e+04 4.278163e+02 2.541400e-05 3.629358e-02 0.000000e+00 0.000000e+00 0.000000e+00 0.000000e+00 2.508434e+02 1.000000e+00 3.309149e+05 4.589211e+02 4.648952e+00 5.049102e+05 6.473970e+06 2.440507e+06
 5.114334e-01 6.308762e-02 0.000000e+00 7.726923e-09 1.366210e-01 1.988397e+03 -7.035145e+00 0.000000e+00 1.802916e+04 4.281784e+02 2.544561e-05 3.634135e-02 0.000000e+00 0.000000e+00 0.000000e+00 0.000000e+00 1.611590e+03 1.000000e+00 3.315038e+05 4.597210e+02 4.643880e+00 5.061302e+05 6.464543e+06 2.440354e+06
 5.114335e-01 6.354761e-02 0.000000e+00 6.982379e-09 1.369354e-01 1.987597e+03 -7.922014e+00 0.000000e+00 1.810590e+04 4.285837e+02 2.548103e-05 3.639488e-02 0.000000e+00 0.000000e+00 0.000000e+00 0.000000e+00 9.178320e+03 1.000000e+00 3.321638e+05 4.606174e+02 4.637629e+00 5.069192e+05 6.443582e+06 2.439687e+06
 5.114336e-01 6.396022e-02 0.000000e+00 6.300025e-09 1.370431e-01 1.985366e+03 -8.718872e+00 0.000000e+00 1.816774e+04 4.291303e+02 2.552886e-05 3.646719e-02 0.000000e+00 0.000000e+00 0.000000e+00 0.000000e+00 4.550670e+04 1.000000e+00 3.330551e+05 4.618278e+02 4.626531e+00 5.062321e+05 6.379273e+06 2.436501e+06
 5.114337e-01 6.433007e-02 0.000000e+00 5.676668e-09 1.366290e-01 1.977316e+03 -9.401694e+00 0.000000e+00 1.821845e+04 4.303436e+02 2.563530e-05 3.662805e-02 0.000000e+00 0.000000e+00 0.000000e+00 0.000000e+00 1.927757e+05 1.000000e+00 3.350382e+05 4.645206e+02 4.594791e+00 5.007596e+05 6.153653e+06 2.423315e+06
 5.114337e-01 6.466138e-02 0.000000e+00 5.108811e-09 1.344261e-01 1.950231e+03 -9.769181e+00 0.000000e+00 1.826024e+04 4.342357e+02 2.597922e-05 3.714785e-02 0.000000e+00 0.000000e+00 0.000000e+00 0.000000e+00 6.866015e+05 1.000000e+00 3.414460e+05 4.732170e+02 4.491237e+00 4.797340e+05 5.427129e+06 2.379033e+06
 5.114338e-01 6.495800e-02 0.000000e+00 4.592802e-09 1.273989e-01 1.873334e+03 -9.536823e+00 0.000000e+00 1.831529e+04 4.463396e+02 2.707294e-05 3.880091e-02 0.000000e+00 0.000000e+00 0.000000e+00 0.000000e+00 2.023815e+06 1.000000e+00 3.618239e+05 5.008272e+02 4.197158e+00 4.207978e+05 3.745587e+06 2.260323e+06
 5.114338e-01 6.522342e-02 0.000000e+00 4.124937e-09 1.131167e-01 1.696149e+03 -8.686498e+00 0.000000e+00 1.836358e+04 4.732627e+02 2.955546e-05 4.260452e-02 0.000000e+00 0.000000e+00 0.000000e+00 0.000000e+00 4.821244e+06 1.000000e+00 4.101100e+05 5.655499e+02 3.583994e+00 3.090235e+05 1.633138e+06 2.010950e+06
 5.114339e-01 6.546082e-02 0.000000e+00 3.701550e-09 9.951171e-02 1.390198e+03 -8.039182e+00 0.000000e+00 1.837528e+04 5.031048e+02 3.226298e-05 4.693015e-02 0.000000e+00 0.000000e+00 0.000000e+00 0.000000e+00 8.821966e+06 1.000000e+00 4.697655e+05 6.432707e+02 2.763283e+00 1.865848e+05 4.789444e+05 1.620777e+06
 5.114339e-01 6.567307e-02 0.000000e+00 3.319074e-09 9.470070e-02 1.018709e+03 -5.617323e+00 0.000000e+00 1.837064e+04 5.149511e+02 3.340668e-05 4.875736e-02 0.000000e+00 0.000000e+00 0.000000e+00 0.000000e+00 1.284110e+07 1.000000e+00 4.949649e+05 6.757745e+02 1.978293e+00 9.999207e+04 1.379367e+05 1.207851e+06
 5.114340e-01 6.586277e-02 0.000000e+00 2.974082e-09 1.014209e-01 6.301434e+02 -2.415002e+00 0.000000e+00 1.840371e+04 4.989662e+02 3.187287e-05 4.630690e-02 0.000000e+00 0.000000e+00 0.000000e+00 0.000000e+00 1.664308e+07 1.000000e+00 4.611701e+05 6.321397e+02 1.262907e+00 4.726263e+04 4.797670e+04 8.411722e+05
 5.114340e-01 6.603225e-02 0.000000e+00 2.663324e-09 1.418874e-01 2.187811e+02 -1.196722e+00 0.000000e+00 1.839086e+04 4.244580e+02 2.512236e-05 3.585279e-02 0.000000e+00 0.000000e+00 0.000000e+00 0.000000e+00 2.036516e+07 1.000000e+00 3.254812e+05 4.515374e+02 5.154441e-01 2.201838e+04 2.201838e+04 4.790303e+05
