#x(m)	y(m)	z(m)	du(m/s)	dy(m)	rho(kg/m^3)	mu(N.s/m^2)	tau_w(N/m^2)	y_plus 
-1.236219e-02	1.248488e-02	0.000000	825.186671	1.511920e-05	8.551598e+00	6.613145e-05	3609.371	40.166140 
-1.208277e-02	1.248488e-02	0.000000	821.326331	1.511920e-05	8.584154e+00	6.593668e-05	3581.905	40.207534 
-1.179580e-02	1.248488e-02	0.000000	816.721717	1.511920e-05	8.624161e+00	6.572640e-05	3550.465	40.252227 
-1.150149e-02	1.248488e-02	0.000000	811.924635	1.511920e-05	8.666249e+00	6.550636e-05	3517.794	40.299170 
-1.120003e-02	1.248488e-02	0.000000	807.059052	1.511920e-05	8.709368e+00	6.527881e-05	3484.567	40.348206 
-1.089169e-02	1.248488e-02	0.000000	802.123544	1.511920e-05	8.753600e+00	6.504916e-05	3451.074	40.397780 
-1.057674e-02	1.248488e-02	0.000000	797.134554	1.511920e-05	8.798815e+00	6.481772e-05	3417.407	40.447845 
-1.025552e-02	1.248488e-02	0.000000	792.102582	1.511920e-05	8.844934e+00	6.458484e-05	3383.633	40.498328 
-9.928374e-03	1.248488e-02	0.000000	787.037146	1.511920e-05	8.891887e+00	6.435087e-05	3349.816	40.549149 
-9.595690e-03	1.248488e-02	0.000000	781.947028	1.511920e-05	8.939608e+00	6.411620e-05	3316.014	40.600220 
-9.257888e-03	1.248488e-02	0.000000	776.840998	1.511920e-05	8.988028e+00	6.388122e-05	3282.287	40.651451 
-8.915417e-03	1.248488e-02	0.000000	771.728016	1.511920e-05	9.037074e+00	6.364632e-05	3248.694	40.702752 
-8.568757e-03	1.248488e-02	0.000000	766.616596	1.511920e-05	9.086671e+00	6.341190e-05	3215.291	40.754024 
-8.218409e-03	1.248488e-02	0.000000	761.515830	1.511920e-05	9.136740e+00	6.317835e-05	3182.134	40.805182 
-7.864901e-03	1.248488e-02	0.000000	756.433248	1.511920e-05	9.187199e+00	6.294606e-05	3149.274	40.856106 
-7.508778e-03	1.248488e-02	0.000000	751.378687	1.511920e-05	9.237980e+00	6.271543e-05	3116.769	40.906761 
-7.150604e-03	1.248488e-02	0.000000	746.351158	1.511920e-05	9.289019e+00	6.248683e-05	3084.629	40.956859 
-6.790955e-03	1.248488e-02	0.000000	741.376871	1.511920e-05	9.339972e+00	6.225048e-05	3052.481	41.009580 
-6.430417e-03	1.248488e-02	0.000000	736.456284	1.511920e-05	9.390938e+00	6.201687e-05	3020.843	41.061745 
-6.069583e-03	1.248488e-02	0.000000	731.591768	1.511920e-05	9.441903e+00	6.178644e-05	2989.739	41.113264 
-5.709045e-03	1.248488e-02	0.000000	726.792734	1.511920e-05	9.492756e+00	6.155948e-05	2959.217	41.164074 
-5.349396e-03	1.248488e-02	0.000000	722.065853	1.511920e-05	9.543409e+00	6.133628e-05	2929.311	41.214102 
-4.991222e-03	1.248488e-02	0.000000	717.417672	1.511920e-05	9.593773e+00	6.111711e-05	2900.054	41.263277 
-4.635099e-03	1.248488e-02	0.000000	712.854092	1.511920e-05	9.643762e+00	6.090223e-05	2871.475	41.311536 
-4.281591e-03	1.248488e-02	0.000000	708.380289	1.511920e-05	9.693292e+00	6.069186e-05	2843.598	41.358810 
-3.931243e-03	1.248488e-02	0.000000	704.000774	1.511920e-05	9.742293e+00	6.048620e-05	2816.441	41.405057 
-3.584583e-03	1.248488e-02	0.000000	699.719431	1.511920e-05	9.790684e+00	6.028546e-05	2790.023	41.450195 
-3.242112e-03	1.248488e-02	0.000000	695.540268	1.511920e-05	9.838412e+00	6.008973e-05	2764.355	41.494247 
-2.904310e-03	1.248488e-02	0.000000	691.465436	1.511920e-05	9.885377e+00	5.989926e-05	2739.449	41.537035 
-2.571626e-03	1.248488e-02	0.000000	687.500367	1.511920e-05	9.931589e+00	5.971393e-05	2715.312	41.578843 
-2.244478e-03	1.248488e-02	0.000000	683.640858	1.511920e-05	9.976823e+00	5.953427e-05	2691.946	41.618941 
-1.923256e-03	1.248488e-02	0.000000	679.908195	1.511920e-05	1.002139e+01	5.935935e-05	2669.382	41.659013 
-1.608313e-03	1.248488e-02	0.000000	676.240720	1.511920e-05	1.006454e+01	5.919013e-05	2647.414	41.695318 
-1.299971e-03	1.248488e-02	0.000000	672.722005	1.511920e-05	1.010851e+01	5.901730e-05	2625.949	41.738417 
-9.985148e-04	1.248488e-02	0.000000	668.970228	1.511920e-05	1.014734e+01	5.885847e-05	2604.276	41.757968 
-7.041969e-04	1.248488e-02	0.000000	666.849350	1.511920e-05	1.017899e+01	5.866713e-05	2587.580	41.824731 
-4.172338e-04	1.248488e-02	0.000000	667.895361	1.511920e-05	1.018526e+01	5.850690e-05	2584.561	41.927715 
-1.378080e-04	1.248488e-02	0.000000	686.834258	1.511920e-05	1.001383e+01	5.825075e-05	2646.213	42.251256 
1.229636e-04	1.251099e-02	0.000000	928.891140	1.482895e-05	6.418551e+00	5.411205e-05	3389.599	40.421194 
3.698160e-04	1.256340e-02	0.000000	936.898698	1.490704e-05	6.101985e+00	5.347807e-05	3361.065	39.919931 
6.189536e-04	1.261629e-02	0.000000	944.192076	1.498599e-05	6.187541e+00	5.367618e-05	3381.866	40.386964 
8.703953e-04	1.266968e-02	0.000000	946.418946	1.506582e-05	6.168282e+00	5.355022e-05	3363.970	40.526536 
1.124160e-03	1.272355e-02	0.000000	941.239194	1.514652e-05	6.107495e+00	5.332933e-05	3314.006	40.406842 
1.380267e-03	1.277793e-02	0.000000	937.491616	1.522811e-05	6.060017e+00	5.322740e-05	3276.850	40.315867 
1.638736e-03	1.283281e-02	0.000000	937.200967	1.531061e-05	6.028023e+00	5.311881e-05	3251.537	40.353002 
1.899585e-03	1.288819e-02	0.000000	938.074243	1.539402e-05	6.015084e+00	5.302226e-05	3231.048	40.474952 
2.162834e-03	1.294408e-02	0.000000	938.650508	1.547835e-05	6.004992e+00	5.294966e-05	3211.015	40.591863 
2.428503e-03	1.300048e-02	0.000000	938.228630	1.556363e-05	5.982501e+00	5.285573e-05	3186.324	40.654172 
2.696612e-03	1.305740e-02	0.000000	936.880346	1.564985e-05	5.945678e+00	5.272955e-05	3156.661	40.660322 
2.967179e-03	1.311485e-02	0.000000	935.069208	1.573704e-05	5.902727e+00	5.258546e-05	3124.543	40.642169 
3.240226e-03	1.317282e-02	0.000000	934.124070	1.582519e-05	5.870793e+00	5.246967e-05	3097.161	40.669704 
3.515771e-03	1.323132e-02	0.000000	934.195668	1.591434e-05	5.847371e+00	5.237928e-05	3074.742	40.739323 
3.793836e-03	1.329035e-02	0.000000	934.812821	1.600449e-05	5.824091e+00	5.228878e-05	3054.157	40.821881 
4.074440e-03	1.334993e-02	0.000000	935.024200	1.609564e-05	5.794250e+00	5.218237e-05	3031.365	40.879194 
4.357603e-03	1.341004e-02	0.000000	934.356760	1.618783e-05	5.757945e+00	5.205763e-05	3004.751	40.901780 
4.643347e-03	1.347071e-02	0.000000	933.259706	1.628105e-05	5.719711e+00	5.193240e-05	2976.860	40.908196 
4.931690e-03	1.353193e-02	0.000000	933.049736	1.637533e-05	5.685384e+00	5.181711e-05	2952.487	40.944039 
5.222655e-03	1.359370e-02	0.000000	933.453253	1.647067e-05	5.654174e+00	5.170842e-05	2930.505	41.002082 
5.516262e-03	1.365603e-02	0.000000	934.044400	1.656710e-05	5.614447e+00	5.158011e-05	2908.059	41.041135 
5.812532e-03	1.371893e-02	0.000000	933.906917	1.666462e-05	5.581789e+00	5.147260e-05	2884.591	41.081679 
6.111484e-03	1.378240e-02	0.000000	933.934552	1.676326e-05	5.548378e+00	5.136475e-05	2861.694	41.123291 
6.413142e-03	1.384644e-02	0.000000	934.119496	1.686302e-05	5.512320e+00	5.125116e-05	2839.036	41.160841 
6.717525e-03	1.391106e-02	0.000000	934.473779	1.696392e-05	5.474167e+00	5.113328e-05	2816.725	41.195892 
7.024656e-03	1.397626e-02	0.000000	934.926163	1.706599e-05	5.435120e+00	5.101437e-05	2794.721	41.229935 
7.334554e-03	1.404205e-02	0.000000	935.410425	1.716922e-05	5.395890e+00	5.089636e-05	2772.926	41.263362 
7.647243e-03	1.410844e-02	0.000000	935.908961	1.727365e-05	5.356663e+00	5.077975e-05	2751.313	41.296265 
7.962742e-03	1.417542e-02	0.000000	936.476165	1.737929e-05	5.316730e+00	5.066252e-05	2729.929	41.327899 
8.281075e-03	1.424300e-02	0.000000	937.148993	1.748616e-05	5.275638e+00	5.054324e-05	2708.803	41.357802 
8.602262e-03	1.431118e-02	0.000000	937.973920	1.759426e-05	5.232783e+00	5.042027e-05	2687.973	41.385165 
8.926326e-03	1.437998e-02	0.000000	938.958224	1.770363e-05	5.187926e+00	5.029240e-05	2667.389	41.409500 
9.253288e-03	1.444939e-02	0.000000	940.030701	1.781428e-05	5.142149e+00	5.016359e-05	2647.051	41.431741 
9.583170e-03	1.451942e-02	0.000000	941.025398	1.792623e-05	5.097144e+00	5.003686e-05	2626.651	41.453725 
9.915995e-03	1.459008e-02	0.000000	942.009135	1.803949e-05	5.052715e+00	4.991560e-05	2606.556	41.474769 
1.025173e-02	1.466136e-02	0.000000	942.873504	1.814578e-05	5.009077e+00	4.979233e-05	2587.261	41.487013 
1.059038e-02	1.473328e-02	0.000000	943.509750	1.823995e-05	4.965822e+00	4.966225e-05	2568.911	41.482742 
1.093204e-02	1.480583e-02	0.000000	944.264939	1.832978e-05	4.920868e+00	4.952600e-05	2551.349	41.469591 
1.127672e-02	1.487903e-02	0.000000	945.203585	1.842040e-05	4.873270e+00	4.938238e-05	2533.951	41.451140 
1.162445e-02	1.495288e-02	0.000000	946.251314	1.851183e-05	4.823982e+00	4.923269e-05	2516.580	41.428956 
1.197526e-02	1.502738e-02	0.000000	947.273708	1.860406e-05	4.774729e+00	4.908489e-05	2499.284	41.403977 
1.232916e-02	1.510254e-02	0.000000	948.175905	1.869711e-05	4.726642e+00	4.894078e-05	2481.907	41.378293 
1.268619e-02	1.517836e-02	0.000000	949.004161	1.879097e-05	4.679172e+00	4.879904e-05	2464.507	41.351150 
1.304635e-02	1.525485e-02	0.000000	949.778663	1.888567e-05	4.632028e+00	4.865863e-05	2447.090	41.322161 
1.340968e-02	1.533201e-02	0.000000	950.560331	1.898119e-05	4.584548e+00	4.851759e-05	2429.715	41.290510 
1.377620e-02	1.540985e-02	0.000000	951.395342	1.907756e-05	4.535944e+00	4.837264e-05	2412.338	41.254928 
1.414593e-02	1.548836e-02	0.000000	952.347909	1.917476e-05	4.485573e+00	4.821174e-05	2394.520	41.218802 
1.451889e-02	1.556757e-02	0.000000	953.426184	1.927282e-05	4.433733e+00	4.804743e-05	2376.906	41.178061 
1.489511e-02	1.564747e-02	0.000000	954.501814	1.937174e-05	4.381830e+00	4.788411e-05	2359.389	41.134357 
1.527461e-02	1.572806e-02	0.000000	955.509495	1.947151e-05	4.330491e+00	4.772332e-05	2341.887	41.088526 
1.565741e-02	1.580936e-02	0.000000	956.423277	1.957216e-05	4.279933e+00	4.756559e-05	2324.365	41.040863 
1.604355e-02	1.589136e-02	0.000000	957.270081	1.967368e-05	4.229926e+00	4.741029e-05	2306.862	40.991151 
1.643303e-02	1.597407e-02	0.000000	958.078450	1.977608e-05	4.180203e+00	4.725674e-05	2289.416	40.939018 
1.682588e-02	1.605751e-02	0.000000	958.899647	1.987937e-05	4.130300e+00	4.710374e-05	2272.092	40.883772 
1.722213e-02	1.614166e-02	0.000000	959.783228	1.998355e-05	4.079755e+00	4.695011e-05	2254.952	40.824566 
1.762181e-02	1.622654e-02	0.000000	960.763165	2.008863e-05	4.028240e+00	4.679492e-05	2238.024	40.760700 
1.802493e-02	1.631215e-02	0.000000	961.848958	2.019461e-05	3.975675e+00	4.663810e-05	2221.326	40.691737 
1.843151e-02	1.639849e-02	0.000000	963.021002	2.030151e-05	3.922230e+00	4.647965e-05	2204.805	40.617875 
1.884159e-02	1.648558e-02	0.000000	964.230857	2.040933e-05	3.868395e+00	4.632170e-05	2188.451	40.539466 
1.925519e-02	1.657342e-02	0.000000	965.399011	2.051807e-05	3.814822e+00	4.616400e-05	2172.070	40.458248 
1.967232e-02	1.666200e-02	0.000000	966.507889	2.062774e-05	3.761687e+00	4.600967e-05	2155.772	40.373395 
2.009302e-02	1.675135e-02	0.000000	967.524386	2.073835e-05	3.709372e+00	4.585794e-05	2139.451	40.286632 
2.051731e-02	1.684145e-02	0.000000	968.463606	2.084990e-05	3.657652e+00	4.570849e-05	2123.128	40.197255 
2.094520e-02	1.693232e-02	0.000000	969.349728	2.096240e-05	3.606352e+00	4.556087e-05	2106.840	40.105024 
2.137674e-02	1.702397e-02	0.000000	970.207434	2.107586e-05	3.555257e+00	4.541448e-05	2090.613	40.009509 
2.181193e-02	1.711639e-02	0.000000	971.060692	2.119028e-05	3.504163e+00	4.526872e-05	2074.474	39.910261 
2.225080e-02	1.720959e-02	0.000000	971.931280	2.130566e-05	3.452890e+00	4.512304e-05	2058.443	39.806822 
2.269339e-02	1.730359e-02	0.000000	972.832356	2.142203e-05	3.401325e+00	4.497709e-05	2042.532	39.698825 
2.313970e-02	1.739837e-02	0.000000	973.764048	2.153937e-05	3.349474e+00	4.483085e-05	2026.739	39.586140 
2.358977e-02	1.749395e-02	0.000000	974.723115	2.165770e-05	3.297360e+00	4.468435e-05	2011.057	39.468653 
2.404363e-02	1.759033e-02	0.000000	975.677211	2.177703e-05	3.245263e+00	4.453835e-05	1995.454	39.346873 
2.450128e-02	1.768753e-02	0.000000	976.590240	2.189735e-05	3.193463e+00	4.439365e-05	1979.893	39.221347 
2.496277e-02	1.778553e-02	0.000000	977.445150	2.201868e-05	3.142112e+00	4.425068e-05	1964.360	39.092434 
2.542810e-02	1.788436e-02	0.000000	978.220776	2.214103e-05	3.091327e+00	4.409697e-05	1948.264	38.965963 
2.589731e-02	1.798400e-02	0.000000	978.915678	2.226439e-05	3.041237e+00	4.394515e-05	1932.170	38.837183 
2.637043e-02	1.808448e-02	0.000000	979.506599	2.238878e-05	2.991858e+00	4.379588e-05	1916.065	38.705507 
2.684747e-02	1.818579e-02	0.000000	980.031865	2.251420e-05	2.943138e+00	4.364914e-05	1900.025	38.571441 
2.732846e-02	1.828793e-02	0.000000	980.451002	2.264066e-05	2.895046e+00	4.350442e-05	1883.953	38.434263 
2.781342e-02	1.839092e-02	0.000000	980.840218	2.276816e-05	2.847464e+00	4.336205e-05	1868.014	38.294587 
2.830238e-02	1.849476e-02	0.000000	981.115802	2.289672e-05	2.800429e+00	4.322053e-05	1851.983	38.151709 
2.879536e-02	1.859946e-02	0.000000	981.390002	2.302633e-05	2.753647e+00	4.308106e-05	1836.129	38.005297 
2.929239e-02	1.870501e-02	0.000000	981.592677	2.315701e-05	2.707334e+00	4.294277e-05	1820.283	37.855829 
2.979348e-02	1.881143e-02	0.000000	981.777390	2.328875e-05	2.661317e+00	4.280538e-05	1804.534	37.703250 
3.029867e-02	1.891872e-02	0.000000	981.899601	2.342158e-05	2.615611e+00	4.266895e-05	1788.804	37.546739 
3.080798e-02	1.902688e-02	0.000000	982.008668	2.355548e-05	2.570221e+00	4.253346e-05	1773.185	37.387251 
3.132143e-02	1.913592e-02	0.000000	982.048629	2.369048e-05	2.525197e+00	4.239909e-05	1757.583	37.223975 
3.183905e-02	1.924585e-02	0.000000	982.027070	2.382657e-05	2.480576e+00	4.226594e-05	1742.017	37.057274 
3.236086e-02	1.935666e-02	0.000000	981.953756	2.396376e-05	2.436455e+00	4.213436e-05	1726.523	36.887905 
3.288688e-02	1.946837e-02	0.000000	981.811140	2.410206e-05	2.392835e+00	4.200432e-05	1711.070	36.715585 
3.341714e-02	1.958098e-02	0.000000	981.581906	2.424147e-05	2.349847e+00	4.187633e-05	1695.650	36.540815 
3.395166e-02	1.969450e-02	0.000000	981.261652	2.438200e-05	2.307490e+00	4.175036e-05	1680.257	36.363604 
3.449046e-02	1.980893e-02	0.000000	980.843458	2.452367e-05	2.265796e+00	4.162651e-05	1664.885	36.184117 
3.503358e-02	1.992427e-02	0.000000	980.315720	2.466646e-05	2.224850e+00	4.150511e-05	1649.532	36.002769 
3.558102e-02	2.004053e-02	0.000000	979.676959	2.481039e-05	2.184653e+00	4.138615e-05	1634.197	35.819699 
3.613283e-02	2.015771e-02	0.000000	978.933445	2.495547e-05	2.145155e+00	4.126940e-05	1618.884	35.634832 
3.668901e-02	2.027583e-02	0.000000	978.088337	2.510170e-05	2.106330e+00	4.115468e-05	1603.593	35.448200 
3.724959e-02	2.039488e-02	0.000000	977.144583	2.524908e-05	2.068164e+00	4.104200e-05	1588.334	35.259853 
3.781460e-02	2.051487e-02	0.000000	976.098829	2.539763e-05	2.030649e+00	4.093111e-05	1573.092	35.069873 
3.838406e-02	2.063581e-02	0.000000	974.971769	2.554735e-05	1.993731e+00	4.082213e-05	1557.908	34.878232 
3.895800e-02	2.075769e-02	0.000000	973.719844	2.569825e-05	1.957442e+00	4.071438e-05	1542.689	34.684814 
3.953642e-02	2.088053e-02	0.000000	972.419082	2.585033e-05	1.921628e+00	4.060833e-05	1527.575	34.489500 
4.011937e-02	2.100433e-02	0.000000	971.019214	2.600359e-05	1.886467e+00	4.050383e-05	1512.483	34.293132 
4.070686e-02	2.112910e-02	0.000000	969.531693	2.615805e-05	1.851842e+00	4.040059e-05	1497.422	34.095091 
4.129891e-02	2.125483e-02	0.000000	967.959091	2.631371e-05	1.817753e+00	4.029860e-05	1482.398	33.895504 
4.189554e-02	2.138154e-02	0.000000	966.300612	2.647058e-05	1.784203e+00	4.019783e-05	1467.410	33.694476 
4.249679e-02	2.150923e-02	0.000000	964.558382	2.662866e-05	1.751176e+00	4.009820e-05	1452.460	33.492015 
4.310266e-02	2.163790e-02	0.000000	962.728174	2.678795e-05	1.718683e+00	3.999974e-05	1437.545	33.288247 
4.371319e-02	2.176755e-02	0.000000	960.806660	2.694847e-05	1.686744e+00	3.990252e-05	1422.664	33.083351 
4.432840e-02	2.189820e-02	0.000000	958.796129	2.711021e-05	1.655332e+00	3.980638e-05	1407.816	32.877278 
4.494830e-02	2.202985e-02	0.000000	956.690054	2.727320e-05	1.624488e+00	3.970967e-05	1392.937	32.671104 
4.557292e-02	2.216250e-02	0.000000	954.483912	2.743742e-05	1.594240e+00	3.960566e-05	1377.789	32.467901 
4.620228e-02	2.229616e-02	0.000000	952.178835	2.760289e-05	1.564570e+00	3.950306e-05	1362.683	32.264038 
4.683640e-02	2.243083e-02	0.000000	949.774877	2.776961e-05	1.535473e+00	3.940180e-05	1347.619	32.059610 
4.747530e-02	2.256651e-02	0.000000	947.270592	2.793759e-05	1.506947e+00	3.930186e-05	1332.595	31.854724 
4.811901e-02	2.270322e-02	0.000000	944.666906	2.810683e-05	1.478989e+00	3.920320e-05	1317.615	31.649508 
4.876754e-02	2.284094e-02	0.000000	941.961658	2.827734e-05	1.451592e+00	3.910574e-05	1302.672	31.444005 
4.942092e-02	2.297970e-02	0.000000	939.159125	2.844912e-05	1.424760e+00	3.900949e-05	1287.777	31.238470 
5.007916e-02	2.311949e-02	0.000000	936.240920	2.862218e-05	1.398503e+00	3.891449e-05	1272.906	31.032812 
5.074229e-02	2.326032e-02	0.000000	933.244972	2.879653e-05	1.372810e+00	3.882065e-05	1258.109	30.827738 
5.141033e-02	2.340219e-02	0.000000	930.083193	2.897217e-05	1.347681e+00	3.872795e-05	1243.270	30.621933 
5.208329e-02	2.354511e-02	0.000000	926.894710	2.914910e-05	1.323027e+00	3.863585e-05	1228.558	30.417031 
5.276120e-02	2.368907e-02	0.000000	923.585660	2.932733e-05	1.298975e+00	3.854498e-05	1213.871	30.212825 
5.344407e-02	2.383410e-02	0.000000	920.179072	2.950687e-05	1.275425e+00	3.845479e-05	1199.222	30.008899 
5.413193e-02	2.398018e-02	0.000000	916.679787	2.968772e-05	1.252378e+00	3.836522e-05	1184.619	29.805479 
5.482479e-02	2.412732e-02	0.000000	913.090749	2.986988e-05	1.229823e+00	3.827620e-05	1170.063	29.602651 
5.552267e-02	2.427553e-02	0.000000	909.414424	3.005337e-05	1.207749e+00	3.818763e-05	1155.557	29.400487 
5.622559e-02	2.442481e-02	0.000000	905.652896	3.023818e-05	1.186146e+00	3.809942e-05	1141.102	29.199045 
5.693357e-02	2.457516e-02	0.000000	901.808421	3.042432e-05	1.165005e+00	3.801150e-05	1126.700	28.998396 
5.764663e-02	2.472659e-02	0.000000	897.882976	3.061179e-05	1.144317e+00	3.792379e-05	1112.353	28.798608 
5.836478e-02	2.487911e-02	0.000000	893.877850	3.080060e-05	1.124075e+00	3.783624e-05	1098.062	28.599758 
5.908804e-02	2.503270e-02	0.000000	889.793713	3.099076e-05	1.104276e+00	3.774883e-05	1083.829	28.401935 
5.981644e-02	2.518739e-02	0.000000	885.630368	3.118227e-05	1.084919e+00	3.766155e-05	1069.653	28.205237 
6.054997e-02	2.534317e-02	0.000000	881.388188	3.137513e-05	1.066003e+00	3.757439e-05	1055.537	28.009773 
6.128867e-02	2.550005e-02	0.000000	877.064807	3.156934e-05	1.047528e+00	3.748735e-05	1041.480	27.815641 
6.203255e-02	2.565803e-02	0.000000	872.662087	3.176492e-05	1.029496e+00	3.740046e-05	1027.485	27.623001 
6.278162e-02	2.581711e-02	0.000000	868.174211	3.196186e-05	1.011907e+00	3.731373e-05	1013.546	27.431876 
6.353591e-02	2.597730e-02	0.000000	863.613779	3.216017e-05	9.947608e-01	3.722714e-05	999.680	27.242595 
6.429542e-02	2.613859e-02	0.000000	858.953646	3.235986e-05	9.780525e-01	3.714072e-05	985.856	27.054786 
6.506016e-02	2.630100e-02	0.000000	854.259548	3.256093e-05	9.617784e-01	3.705435e-05	972.148	26.869600 
6.583017e-02	2.646453e-02	0.000000	849.383481	3.276337e-05	9.459454e-01	3.696833e-05	958.396	26.684821 
6.660544e-02	2.662917e-02	0.000000	844.556007	3.296720e-05	9.304703e-01	3.688166e-05	944.837	26.503384 
6.738599e-02	2.679494e-02	0.000000	839.622953	3.317242e-05	9.154563e-01	3.679540e-05	931.324	26.324055 
6.817185e-02	2.696183e-02	0.000000	834.625231	3.337904e-05	9.008184e-01	3.670886e-05	917.886	26.146637 
6.896301e-02	2.712985e-02	0.000000	829.573303	3.358705e-05	8.865501e-01	3.662199e-05	904.534	25.971317 
6.975949e-02	2.729900e-02	0.000000	824.472797	3.379645e-05	8.726406e-01	3.653473e-05	891.274	25.798146 
7.056131e-02	2.746928e-02	0.000000	819.325590	3.400727e-05	8.590864e-01	3.644711e-05	878.108	25.627189 
7.136848e-02	2.764070e-02	0.000000	814.135700	3.421948e-05	8.458787e-01	3.635911e-05	865.041	25.458485 
7.218101e-02	2.781325e-02	0.000000	808.903911	3.443311e-05	8.330152e-01	3.627077e-05	852.074	25.292089 
7.299891e-02	2.798695e-02	0.000000	803.621875	3.464815e-05	8.205181e-01	3.618237e-05	839.206	25.128204 
7.382218e-02	2.816179e-02	0.000000	798.272920	3.486460e-05	8.084230e-01	3.609437e-05	826.430	24.967073 
7.465085e-02	2.833777e-02	0.000000	792.833574	3.508247e-05	7.967898e-01	3.600739e-05	813.736	24.809165 
7.548492e-02	2.851490e-02	0.000000	787.270297	3.530176e-05	7.856854e-01	3.592223e-05	801.107	24.654876 
7.632441e-02	2.869318e-02	0.000000	781.539629	3.552247e-05	7.752279e-01	3.583998e-05	788.525	24.505183 
7.716931e-02	2.887262e-02	0.000000	775.576039	3.574461e-05	7.655272e-01	3.576200e-05	775.953	24.360539 
7.801964e-02	2.905320e-02	0.000000	769.312916	3.596818e-05	7.568043e-01	3.569006e-05	763.364	24.223054 
7.887541e-02	2.923494e-02	0.000000	762.690381	3.619317e-05	7.490881e-01	3.562506e-05	750.719	24.092180 
7.973663e-02	2.941784e-02	0.000000	755.634763	3.641960e-05	7.427100e-01	3.556908e-05	737.988	23.971591 
8.060330e-02	2.960189e-02	0.000000	748.161606	3.664746e-05	7.374967e-01	3.552133e-05	725.172	23.859156 
8.147542e-02	2.978710e-02	0.000000	740.528455	3.687676e-05	7.332830e-01	3.547735e-05	712.427	23.757868 
8.235302e-02	2.997348e-02	0.000000	732.607104	3.710749e-05	7.296669e-01	3.543629e-05	699.613	23.659446 
8.323608e-02	3.016101e-02	0.000000	724.767460	3.733966e-05	7.268332e-01	3.539603e-05	687.041	23.573533 
8.412463e-02	3.034971e-02	0.000000	716.846361	3.757328e-05	7.245562e-01	3.535703e-05	674.563	23.493661 
8.501865e-02	3.053958e-02	0.000000	708.959102	3.780833e-05	7.227540e-01	3.531765e-05	662.255	23.420906 
8.591816e-02	3.073061e-02	0.000000	701.228466	3.804483e-05	7.211735e-01	3.527562e-05	650.187	23.353939 
8.682317e-02	3.092280e-02	0.000000	693.770225	3.828277e-05	7.196394e-01	3.522976e-05	638.443	23.292286 
8.773366e-02	3.111616e-02	0.000000	686.568474	3.852215e-05	7.181021e-01	3.517963e-05	626.996	23.235105 
8.864966e-02	3.131069e-02	0.000000	679.819418	3.876298e-05	7.163780e-01	3.512574e-05	616.030	23.182684 
8.957115e-02	3.150639e-02	0.000000	673.579926	3.900525e-05	7.143517e-01	3.506731e-05	605.576	23.134543 
9.049814e-02	3.170326e-02	0.000000	667.815248	3.924898e-05	7.118625e-01	3.500198e-05	595.553	23.088413 
9.143064e-02	3.190129e-02	0.000000	662.591218	3.949414e-05	7.088604e-01	3.492894e-05	586.001	23.045005 
9.236864e-02	3.210049e-02	0.000000	657.752109	3.974076e-05	7.050718e-01	3.484518e-05	576.725	22.998235 
9.331214e-02	3.230086e-02	0.000000	653.873937	3.998882e-05	7.004268e-01	3.475220e-05	568.248	22.956545 
9.426115e-02	3.250240e-02	0.000000	650.144639	4.023833e-05	6.950457e-01	3.464472e-05	559.767	22.909370 
9.521566e-02	3.270511e-02	0.000000	647.576822	4.048928e-05	6.888786e-01	3.452360e-05	552.163	22.873310 
9.617566e-02	3.290899e-02	0.000000	644.667083	4.074169e-05	6.820416e-01	3.439475e-05	544.238	22.821625 
9.714117e-02	3.311403e-02	0.000000	643.274418	4.099553e-05	6.746443e-01	3.426754e-05	537.703	22.785701 
9.811345e-02	3.332032e-02	0.000000	640.967700	4.123840e-05	6.656163e-01	3.411063e-05	530.181	22.710992 
9.909973e-02	3.352808e-02	0.000000	635.110112	4.148248e-05	6.635101e-01	3.406953e-05	521.616	22.651531 
1.000986e-01	3.373683e-02	0.000000	634.174251	4.173444e-05	6.570892e-01	3.396199e-05	516.068	22.629093 
1.011031e-01	3.394598e-02	0.000000	632.596140	4.198678e-05	6.498520e-01	3.384184e-05	509.880	22.583945 
1.021131e-01	3.415552e-02	0.000000	630.912253	4.223950e-05	6.423806e-01	3.372532e-05	503.740	22.530044 
1.031287e-01	3.436544e-02	0.000000	629.167133	4.249257e-05	6.349631e-01	3.361188e-05	497.675	22.473326 
1.041498e-01	3.457571e-02	0.000000	627.432030	4.274597e-05	6.275540e-01	3.350163e-05	491.742	22.414214 
1.051765e-01	3.478631e-02	0.000000	625.721953	4.299968e-05	6.201465e-01	3.339439e-05	485.948	22.352891 
1.062087e-01	3.499724e-02	0.000000	624.020757	4.325368e-05	6.127666e-01	3.329034e-05	480.280	22.289458 
1.072465e-01	3.520848e-02	0.000000	622.313123	4.350795e-05	6.054386e-01	3.318960e-05	474.725	22.224031 
1.082898e-01	3.542000e-02	0.000000	620.590407	4.376247e-05	5.981767e-01	3.309215e-05	469.276	22.156729 
1.093386e-01	3.563179e-02	0.000000	618.847941	4.401722e-05	5.909899e-01	3.299790e-05	463.925	22.087681 
1.103929e-01	3.584384e-02	0.000000	617.082440	4.427217e-05	5.838848e-01	3.290671e-05	458.666	22.017009 
1.114528e-01	3.605613e-02	0.000000	615.290718	4.452731e-05	5.768680e-01	3.281849e-05	453.495	21.944835 
1.125181e-01	3.626863e-02	0.000000	613.469917	4.478262e-05	5.699461e-01	3.273313e-05	448.406	21.871294 
1.135888e-01	3.648133e-02	0.000000	611.617567	4.503806e-05	5.631243e-01	3.265050e-05	443.394	21.796512 
1.146651e-01	3.669422e-02	0.000000	609.734116	4.529363e-05	5.564047e-01	3.257047e-05	438.457	21.720618 
1.157467e-01	3.690727e-02	0.000000	607.819031	4.554930e-05	5.497887e-01	3.249288e-05	433.592	21.643713 
1.168338e-01	3.712046e-02	0.000000	605.876165	4.580504e-05	5.432746e-01	3.241764e-05	428.797	21.565900 
1.179263e-01	3.733379e-02	0.000000	603.902870	4.606084e-05	5.368654e-01	3.234444e-05	424.067	21.487325 
1.190242e-01	3.754722e-02	0.000000	601.912542	4.631667e-05	5.305553e-01	3.227330e-05	419.411	21.408143 
1.201275e-01	3.776075e-02	0.000000	599.886244	4.657251e-05	5.243525e-01	3.220372e-05	414.806	21.328382 
1.212362e-01	3.797434e-02	0.000000	597.879416	4.682834e-05	5.182256e-01	3.213656e-05	410.303	21.248140 
1.223501e-01	3.818799e-02	0.000000	595.784248	4.708414e-05	5.122257e-01	3.207034e-05	405.806	21.167067 
1.234695e-01	3.840167e-02	0.000000	593.724328	4.733987e-05	5.063042e-01	3.200643e-05	401.416	21.085947 
1.245941e-01	3.861537e-02	0.000000	591.663462	4.759553e-05	5.004388e-01	3.194265e-05	397.081	21.004408 
1.257240e-01	3.882906e-02	0.000000	589.541714	4.785108e-05	4.947170e-01	3.188092e-05	392.784	20.922624 
1.268591e-01	3.904273e-02	0.000000	587.398180	4.810651e-05	4.890955e-01	3.182047e-05	388.540	20.840673 
1.279995e-01	3.925635e-02	0.000000	585.273873	4.836179e-05	4.835264e-01	3.176050e-05	384.365	20.758557 
1.291452e-01	3.946991e-02	0.000000	583.161434	4.861690e-05	4.780171e-01	3.170111e-05	380.256	20.676285 
1.302960e-01	3.968338e-02	0.000000	581.047437	4.887181e-05	4.725822e-01	3.164251e-05	376.205	20.593881 
1.314520e-01	3.989676e-02	0.000000	578.925898	4.912651e-05	4.672277e-01	3.158478e-05	372.207	20.511375 
1.326131e-01	4.011001e-02	0.000000	576.796189	4.938096e-05	4.619539e-01	3.152790e-05	368.263	20.428795 
1.337793e-01	4.032311e-02	0.000000	574.659456	4.963515e-05	4.567589e-01	3.147179e-05	364.370	20.346175 
1.349507e-01	4.053606e-02	0.000000	572.517329	4.988906e-05	4.516415e-01	3.141636e-05	360.528	20.263567 
1.361271e-01	4.074882e-02	0.000000	570.371181	5.014265e-05	4.466006e-01	3.136157e-05	356.737	20.181022 
1.373085e-01	4.096138e-02	0.000000	568.223564	5.039591e-05	4.416346e-01	3.130743e-05	352.997	20.098570 
1.384950e-01	4.117372e-02	0.000000	566.076614	5.064881e-05	4.367413e-01	3.125394e-05	349.310	20.016217 
1.396864e-01	4.138582e-02	0.000000	563.937047	5.090134e-05	4.319182e-01	3.120118e-05	345.679	19.934033 
1.408828e-01	4.159765e-02	0.000000	561.805194	5.115346e-05	4.271652e-01	3.114908e-05	342.102	19.852065 
1.420841e-01	4.180921e-02	0.000000	559.697601	5.140516e-05	4.224778e-01	3.109781e-05	338.592	19.770474 
1.432903e-01	4.202045e-02	0.000000	557.595464	5.165641e-05	4.178566e-01	3.104733e-05	335.135	19.688978 
1.445013e-01	4.223138e-02	0.000000	555.551826	5.190718e-05	4.132838e-01	3.099849e-05	331.770	19.607848 
1.457172e-01	4.244197e-02	0.000000	553.455822	5.215747e-05	4.087795e-01	3.095070e-05	328.426	19.525810 
1.469378e-01	4.265219e-02	0.000000	551.262534	5.240723e-05	4.044211e-01	3.090229e-05	325.056	19.444485 
1.481632e-01	4.286203e-02	0.000000	549.038626	5.265646e-05	4.001334e-01	3.085329e-05	321.701	19.363283 
1.493934e-01	4.307146e-02	0.000000	546.810072	5.290513e-05	3.959108e-01	3.080440e-05	318.384	19.282324 
1.506281e-01	4.328048e-02	0.000000	544.577246	5.315321e-05	3.917569e-01	3.075584e-05	315.107	19.201668 
1.518676e-01	4.348905e-02	0.000000	542.338419	5.340068e-05	3.876737e-01	3.070766e-05	311.868	19.121344 
1.531116e-01	4.369716e-02	0.000000	540.091824	5.364752e-05	3.836626e-01	3.065985e-05	308.665	19.041377 
1.543602e-01	4.390479e-02	0.000000	537.836874	5.389371e-05	3.797227e-01	3.061244e-05	305.499	18.961760 
1.556134e-01	4.411192e-02	0.000000	535.575211	5.413923e-05	3.758520e-01	3.056546e-05	302.370	18.882489 
1.568710e-01	4.431852e-02	0.000000	533.313316	5.438406e-05	3.720461e-01	3.051879e-05	299.280	18.803633 
1.581330e-01	4.452459e-02	0.000000	531.048682	5.462816e-05	3.683119e-01	3.047243e-05	296.227	18.725345 
1.593995e-01	4.473010e-02	0.000000	528.772290	5.487153e-05	3.646627e-01	3.042661e-05	293.208	18.647765 
1.606703e-01	4.493503e-02	0.000000	526.514944	5.511414e-05	3.610710e-01	3.038108e-05	290.236	18.570839 
1.619454e-01	4.513936e-02	0.000000	524.285728	5.535596e-05	3.575224e-01	3.033622e-05	287.319	18.494267 
1.632248e-01	4.534307e-02	0.000000	522.085082	5.559699e-05	3.540063e-01	3.029241e-05	284.462	18.417676 
1.645085e-01	4.554615e-02	0.000000	519.912165	5.583719e-05	3.505159e-01	3.024987e-05	281.663	18.340825 
1.657963e-01	4.574857e-02	0.000000	517.731840	5.607655e-05	3.470719e-01	3.020884e-05	278.906	18.263573 
1.670883e-01	4.595033e-02	0.000000	515.513362	5.631504e-05	3.437032e-01	3.016975e-05	276.177	18.186038 
1.683843e-01	4.615139e-02	0.000000	513.246143	5.655265e-05	3.404095e-01	3.013151e-05	273.460	18.108383 
1.696844e-01	4.635174e-02	0.000000	510.991501	5.678935e-05	3.371688e-01	3.009362e-05	270.783	18.031289 
1.709885e-01	4.655136e-02	0.000000	508.638614	5.702513e-05	3.340122e-01	3.005442e-05	268.072	17.954147 
1.722965e-01	4.675023e-02	0.000000	506.366350	5.725996e-05	3.309608e-01	3.001121e-05	265.398	17.881521 
1.736084e-01	4.694835e-02	0.000000	504.061469	5.749383e-05	3.279879e-01	2.996733e-05	262.730	17.809725 
1.749242e-01	4.714568e-02	0.000000	501.759446	5.772672e-05	3.250668e-01	2.992355e-05	260.095	17.738461 
1.762438e-01	4.734222e-02	0.000000	499.461976	5.795860e-05	3.221972e-01	2.988006e-05	257.493	17.667711 
1.775671e-01	4.753793e-02	0.000000	497.171630	5.818947e-05	3.193764e-01	2.983689e-05	254.927	17.597461 
1.788941e-01	4.773282e-02	0.000000	494.888594	5.841929e-05	3.166032e-01	2.979409e-05	252.395	17.527683 
1.802247e-01	4.792686e-02	0.000000	492.612289	5.864806e-05	3.138778e-01	2.975163e-05	249.898	17.458397 
1.815589e-01	4.812003e-02	0.000000	490.342319	5.887576e-05	3.112014e-01	2.970943e-05	247.433	17.389679 
1.828967e-01	4.831233e-02	0.000000	488.077028	5.910237e-05	3.085740e-01	2.966746e-05	244.999	17.321524 
1.842379e-01	4.850372e-02	0.000000	485.813877	5.932786e-05	3.059925e-01	2.962588e-05	242.595	17.253770 
1.855825e-01	4.869420e-02	0.000000	483.548744	5.955223e-05	3.034529e-01	2.958493e-05	240.222	17.186187 
1.869305e-01	4.888375e-02	0.000000	481.278754	5.977546e-05	3.009543e-01	2.954460e-05	237.877	17.118708 
1.882818e-01	4.907236e-02	0.000000	479.001303	5.999753e-05	2.985001e-01	2.950459e-05	235.555	17.051494 
1.896363e-01	4.926001e-02	0.000000	476.716188	6.021842e-05	2.960974e-01	2.946434e-05	233.253	16.984922 
1.909941e-01	4.944669e-02	0.000000	474.426456	6.043812e-05	2.937524e-01	2.942338e-05	230.967	16.919377 
1.923549e-01	4.963238e-02	0.000000	472.130271	6.065662e-05	2.914683e-01	2.938143e-05	228.695	16.855020 
1.937189e-01	4.981706e-02	0.000000	469.841584	6.087390e-05	2.892380e-01	2.933883e-05	226.445	16.791812 
1.950858e-01	5.000073e-02	0.000000	467.541681	6.108994e-05	2.870590e-01	2.929567e-05	224.210	16.729345 
1.964557e-01	5.018338e-02	0.000000	465.282971	6.130473e-05	2.849110e-01	2.925313e-05	222.022	16.667635 
1.978284e-01	5.036497e-02	0.000000	462.964413	6.151826e-05	2.828172e-01	2.920989e-05	219.823	16.605950 
1.992040e-01	5.054552e-02	0.000000	460.914897	6.173051e-05	2.806359e-01	2.917156e-05	217.811	16.544443 
2.005824e-01	5.072499e-02	0.000000	458.804550	6.194147e-05	2.785198e-01	2.913472e-05	215.803	16.482658 
2.019635e-01	5.090339e-02	0.000000	456.699448	6.215113e-05	2.764392e-01	2.909828e-05	213.820	16.421238 
2.033472e-01	5.108069e-02	0.000000	454.601797	6.235947e-05	2.743953e-01	2.906219e-05	211.864	16.360288 
2.047334e-01	5.125689e-02	0.000000	452.513599	6.256648e-05	2.723879e-01	2.902641e-05	209.934	16.299861 
2.061222e-01	5.143197e-02	0.000000	450.430781	6.277215e-05	2.704155e-01	2.899097e-05	208.029	16.239846 
2.075135e-01	5.160593e-02	0.000000	448.359440	6.297648e-05	2.684748e-01	2.895559e-05	206.149	16.180347 
2.089071e-01	5.177874e-02	0.000000	446.290347	6.317943e-05	2.665731e-01	2.891491e-05	204.251	16.122926 
2.103030e-01	5.195042e-02	0.000000	444.228743	6.338102e-05	2.647064e-01	2.887438e-05	202.376	16.066041 
2.117011e-01	5.212093e-02	0.000000	442.178201	6.358122e-05	2.628776e-01	2.883354e-05	200.524	16.009986 
2.131015e-01	5.229027e-02	0.000000	440.143301	6.378003e-05	2.610876e-01	2.879218e-05	198.694	15.954944 
2.145039e-01	5.245844e-02	0.000000	438.130333	6.397744e-05	2.593318e-01	2.875048e-05	196.889	15.900855 
2.159084e-01	5.262543e-02	0.000000	436.144688	6.417343e-05	2.576027e-01	2.870887e-05	195.115	15.847473 
2.173149e-01	5.279121e-02	0.000000	434.190652	6.436800e-05	2.558933e-01	2.866782e-05	193.377	15.794556 
2.187233e-01	5.295580e-02	0.000000	432.266848	6.456114e-05	2.541999e-01	2.862782e-05	191.677	15.741827 
2.201335e-01	5.311917e-02	0.000000	430.365204	6.475285e-05	2.525270e-01	2.858897e-05	190.010	15.689268 
2.215455e-01	5.328133e-02	0.000000	428.483512	6.494311e-05	2.508793e-01	2.855149e-05	188.378	15.636933 
2.229592e-01	5.344226e-02	0.000000	426.624414	6.513192e-05	2.492593e-01	2.851449e-05	186.774	15.585211 
2.243746e-01	5.360196e-02	0.000000	424.830792	6.531926e-05	2.476518e-01	2.847866e-05	185.223	15.534224 
2.257914e-01	5.376042e-02	0.000000	423.026368	6.550515e-05	2.460762e-01	2.844235e-05	183.678	15.483654 
2.272098e-01	5.391763e-02	0.000000	421.196599	6.568956e-05	2.445211e-01	2.840901e-05	182.156	15.431948 
2.286296e-01	5.407359e-02	0.000000	419.366818	6.587249e-05	2.429852e-01	2.837545e-05	180.648	15.380399 
2.300508e-01	5.422829e-02	0.000000	417.556257	6.605394e-05	2.414695e-01	2.834198e-05	179.162	15.329319 
2.314732e-01	5.438174e-02	0.000000	415.762306	6.623390e-05	2.399768e-01	2.830876e-05	177.699	15.278720 
2.328969e-01	5.453391e-02	0.000000	413.987427	6.641236e-05	2.385068e-01	2.827583e-05	176.260	15.228629 
2.343216e-01	5.468482e-02	0.000000	412.236035	6.658933e-05	2.370575e-01	2.824319e-05	174.846	15.179072 
2.357475e-01	5.483444e-02	0.000000	410.511922	6.676480e-05	2.356277e-01	2.821090e-05	173.458	15.130087 
2.371743e-01	5.498279e-02	0.000000	408.817382	6.693877e-05	2.342170e-01	2.817901e-05	172.099	15.081686 
2.386020e-01	5.512986e-02	0.000000	407.154538	6.711123e-05	2.328237e-01	2.814766e-05	170.768	15.033832 
2.400306e-01	5.527564e-02	0.000000	405.525395	6.728218e-05	2.314456e-01	2.811700e-05	169.468	14.986457 
2.414600e-01	5.542013e-02	0.000000	403.929143	6.745161e-05	2.300823e-01	2.808711e-05	168.198	14.939528 
2.428900e-01	5.556333e-02	0.000000	402.361237	6.761953e-05	2.287363e-01	2.805801e-05	166.956	14.893038 
2.443207e-01	5.570523e-02	0.000000	400.819180	6.778594e-05	2.274094e-01	2.802961e-05	165.739	14.847036 
2.457519e-01	5.584585e-02	0.000000	399.313498	6.795083e-05	2.260975e-01	2.800164e-05	164.552	14.801665 
2.471836e-01	5.598516e-02	0.000000	397.859364	6.811420e-05	2.247922e-01	2.797386e-05	163.397	14.757000 
2.486157e-01	5.612318e-02	0.000000	396.457991	6.827605e-05	2.234937e-01	2.794604e-05	162.274	14.713137 
2.500482e-01	5.625990e-02	0.000000	395.095502	6.843638e-05	2.222054e-01	2.791843e-05	161.178	14.669876 
2.514809e-01	5.639532e-02	0.000000	393.747567	6.859520e-05	2.209398e-01	2.789079e-05	160.098	14.627239 
2.529138e-01	5.652944e-02	0.000000	392.413498	6.875249e-05	2.196933e-01	2.786403e-05	159.037	14.584873 
2.543468e-01	5.666226e-02	0.000000	391.041877	6.890827e-05	2.184825e-01	2.783649e-05	157.967	14.542814 
2.557798e-01	5.679379e-02	0.000000	389.490153	6.906253e-05	2.173223e-01	2.781072e-05	156.843	14.498247 
2.572128e-01	5.692402e-02	0.000000	387.947343	6.921528e-05	2.161607e-01	2.778398e-05	155.727	14.453684 
2.586457e-01	5.705295e-02	0.000000	386.421626	6.936651e-05	2.150118e-01	2.775708e-05	154.627	14.409531 
2.600784e-01	5.718058e-02	0.000000	384.911586	6.951624e-05	2.138797e-01	2.773028e-05	153.543	14.365850 
2.615109e-01	5.730693e-02	0.000000	383.425236	6.966445e-05	2.127627e-01	2.770355e-05	152.477	14.322738 
2.629430e-01	5.743198e-02	0.000000	381.967598	6.981116e-05	2.116592e-01	2.767699e-05	151.433	14.280218 
2.643747e-01	5.755575e-02	0.000000	380.538366	6.995637e-05	2.105682e-01	2.765082e-05	150.411	14.238205 
2.658059e-01	5.767822e-02	0.000000	379.136373	7.010008e-05	2.094887e-01	2.762528e-05	149.411	14.196588 
2.672366e-01	5.779942e-02	0.000000	377.760145	7.024230e-05	2.084205e-01	2.760040e-05	148.434	14.155330 
2.686667e-01	5.791934e-02	0.000000	376.407836	7.038302e-05	2.073655e-01	2.757602e-05	147.476	14.114509 
2.700960e-01	5.803797e-02	0.000000	375.077645	7.052225e-05	2.063267e-01	2.755183e-05	146.536	14.074277 
2.715246e-01	5.815534e-02	0.000000	373.767631	7.066001e-05	2.053056e-01	2.752766e-05	145.612	14.034709 
2.729523e-01	5.827144e-02	0.000000	372.475502	7.079628e-05	2.043021e-01	2.750349e-05	144.702	13.995762 
2.743791e-01	5.838627e-02	0.000000	371.198767	7.093109e-05	2.033155e-01	2.747944e-05	143.806	13.957345 
2.758050e-01	5.849984e-02	0.000000	369.934742	7.106443e-05	2.023450e-01	2.745556e-05	142.923	13.919375 
2.772297e-01	5.861216e-02	0.000000	368.680622	7.119630e-05	2.013932e-01	2.743163e-05	142.051	13.881947 
2.786534e-01	5.872322e-02	0.000000	367.433110	7.132672e-05	2.004594e-01	2.740765e-05	141.188	13.844990 
2.800758e-01	5.883304e-02	0.000000	366.190471	7.145569e-05	1.995469e-01	2.738317e-05	140.331	13.808693 
2.814970e-01	5.894162e-02	0.000000	364.951960	7.158322e-05	1.986488e-01	2.735900e-05	139.484	13.772614 
2.829168e-01	5.904896e-02	0.000000	363.676827	7.170931e-05	1.977816e-01	2.733363e-05	138.624	13.736933 
2.843351e-01	5.915508e-02	0.000000	362.344759	7.183397e-05	1.968974e-01	2.731209e-05	137.768	13.698356 
2.857520e-01	5.925997e-02	0.000000	361.010775	7.195721e-05	1.960180e-01	2.729025e-05	136.916	13.659709 
2.871673e-01	5.936364e-02	0.000000	359.693351	7.207903e-05	1.951491e-01	2.726821e-05	136.076	13.621520 
2.885810e-01	5.946610e-02	0.000000	358.391410	7.219945e-05	1.942927e-01	2.724610e-05	135.247	13.583816 
2.899930e-01	5.956736e-02	0.000000	357.106138	7.231846e-05	1.934480e-01	2.722404e-05	134.431	13.546562 
2.914033e-01	5.966743e-02	0.000000	355.839555	7.243609e-05	1.926137e-01	2.720209e-05	133.629	13.509742 
2.928116e-01	5.976630e-02	0.000000	354.592186	7.255232e-05	1.917903e-01	2.718019e-05	132.840	13.473402 
2.942181e-01	5.986399e-02	0.000000	353.363807	7.266719e-05	1.909796e-01	2.715824e-05	132.064	13.437636 
2.956226e-01	5.996050e-02	0.000000	352.154793	7.278068e-05	1.901833e-01	2.713606e-05	131.300	13.402557 
2.970251e-01	6.005584e-02	0.000000	350.965169	7.289281e-05	1.894023e-01	2.711358e-05	130.547	13.368221 
2.984254e-01	6.015003e-02	0.000000	349.794020	7.300360e-05	1.886362e-01	2.709080e-05	129.805	13.334599 
2.998236e-01	6.024306e-02	0.000000	348.639271	7.311304e-05	1.878830e-01	2.706793e-05	129.073	13.301536 
3.012195e-01	6.033494e-02	0.000000	347.498973	7.322115e-05	1.871409e-01	2.704522e-05	128.353	13.268876 
3.026131e-01	6.042569e-02	0.000000	346.371782	7.332794e-05	1.864094e-01	2.702279e-05	127.645	13.236550 
3.040043e-01	6.051530e-02	0.000000	345.256530	7.343341e-05	1.856889e-01	2.700060e-05	126.947	13.204565 
3.053931e-01	6.060380e-02	0.000000	344.151449	7.353757e-05	1.849818e-01	2.697839e-05	126.257	13.173039 
3.067793e-01	6.069118e-02	0.000000	343.053229	7.364045e-05	1.842873e-01	2.695615e-05	125.575	13.141885 
3.081630e-01	6.077746e-02	0.000000	341.956369	7.374203e-05	1.836071e-01	2.693351e-05	124.896	13.111162 
3.095441e-01	6.086264e-02	0.000000	340.856099	7.384234e-05	1.829369e-01	2.691110e-05	124.222	13.080464 
3.109224e-01	6.094673e-02	0.000000	339.735422	7.394139e-05	1.822861e-01	2.688740e-05	123.538	13.050180 
3.122980e-01	6.102974e-02	0.000000	338.651926	7.403917e-05	1.815838e-01	2.686890e-05	122.897	13.017305 
3.136708e-01	6.111169e-02	0.000000	337.540548	7.413572e-05	1.808943e-01	2.685069e-05	122.251	12.984086 
3.150407e-01	6.119257e-02	0.000000	336.432317	7.423102e-05	1.802164e-01	2.683235e-05	121.610	12.951181 
3.164076e-01	6.127240e-02	0.000000	335.333796	7.432510e-05	1.795489e-01	2.681389e-05	120.977	12.918674 
3.177715e-01	6.135119e-02	0.000000	334.246682	7.441797e-05	1.788903e-01	2.679540e-05	120.351	12.886524 
3.191324e-01	6.142894e-02	0.000000	333.170802	7.450963e-05	1.782408e-01	2.677688e-05	119.733	12.854739 
3.204901e-01	6.150567e-02	0.000000	332.106683	7.460009e-05	1.776024e-01	2.675813e-05	119.123	12.823455 
3.218446e-01	6.158138e-02	0.000000	331.056178	7.468937e-05	1.769775e-01	2.673889e-05	118.519	12.792857 
3.231959e-01	6.165609e-02	0.000000	330.021197	7.477748e-05	1.763671e-01	2.671903e-05	117.921	12.763061 
3.245439e-01	6.172979e-02	0.000000	329.002360	7.486443e-05	1.757707e-01	2.669861e-05	117.331	12.734036 
3.258885e-01	6.180251e-02	0.000000	327.998691	7.495022e-05	1.751858e-01	2.667789e-05	116.748	12.705631 
3.272297e-01	6.187425e-02	0.000000	327.008274	7.503487e-05	1.746098e-01	2.665720e-05	116.174	12.677629 
3.285674e-01	6.194502e-02	0.000000	326.029242	7.511839e-05	1.740409e-01	2.663676e-05	115.609	12.649881 
3.299016e-01	6.201484e-02	0.000000	325.060251	7.520079e-05	1.734791e-01	2.661663e-05	115.052	12.622350 
3.312323e-01	6.208370e-02	0.000000	324.100307	7.528208e-05	1.729253e-01	2.659672e-05	114.503	12.595076 
3.325593e-01	6.215161e-02	0.000000	323.148195	7.536227e-05	1.723817e-01	2.657676e-05	113.959	12.568181 
3.338825e-01	6.221860e-02	0.000000	322.201680	7.544137e-05	1.718478e-01	2.655673e-05	113.421	12.541614 
3.352021e-01	6.228466e-02	0.000000	321.257156	7.551940e-05	1.713257e-01	2.653635e-05	112.885	12.515447 
3.365178e-01	6.234982e-02	0.000000	320.311983	7.559636e-05	1.708114e-01	2.651616e-05	112.353	12.489358 
3.378298e-01	6.241406e-02	0.000000	319.358355	7.567226e-05	1.703125e-01	2.649490e-05	111.816	12.463775 
3.391378e-01	6.247742e-02	0.000000	318.468031	7.574712e-05	1.697531e-01	2.647905e-05	111.327	12.435798 
3.404418e-01	6.253988e-02	0.000000	317.538135	7.582094e-05	1.692076e-01	2.646365e-05	110.830	12.407309 
3.417419e-01	6.260148e-02	0.000000	316.603358	7.589374e-05	1.686730e-01	2.644815e-05	110.333	12.379009 
3.430380e-01	6.266220e-02	0.000000	315.668110	7.596553e-05	1.681490e-01	2.643256e-05	109.838	12.350973 
3.443299e-01	6.272207e-02	0.000000	314.735338	7.603631e-05	1.676344e-01	2.641696e-05	109.347	12.323198 
3.456177e-01	6.278109e-02	0.000000	313.811047	7.610611e-05	1.671282e-01	2.640125e-05	108.861	12.295791 
3.469013e-01	6.283928e-02	0.000000	312.900752	7.617492e-05	1.666309e-01	2.638514e-05	108.381	12.268948 
3.481807e-01	6.289663e-02	0.000000	312.005981	7.624276e-05	1.661446e-01	2.636839e-05	107.907	12.242836 
3.494558e-01	6.295316e-02	0.000000	311.125281	7.630964e-05	1.656708e-01	2.635096e-05	107.437	12.217495 
3.507266e-01	6.300889e-02	0.000000	310.256866	7.637557e-05	1.652091e-01	2.633302e-05	106.971	12.192832 
3.519931e-01	6.306381e-02	0.000000	309.400289	7.644056e-05	1.647569e-01	2.631484e-05	106.512	12.168689 
3.532551e-01	6.311794e-02	0.000000	308.555127	7.650463e-05	1.643115e-01	2.629668e-05	106.059	12.144895 
3.545127e-01	6.317129e-02	0.000000	307.721918	7.656777e-05	1.638712e-01	2.627876e-05	105.613	12.121353 
3.557658e-01	6.322386e-02	0.000000	306.899658	7.663001e-05	1.634358e-01	2.626113e-05	105.175	12.098026 
3.570144e-01	6.327567e-02	0.000000	306.088241	7.669135e-05	1.630062e-01	2.624377e-05	104.743	12.074954 
3.582584e-01	6.332672e-02	0.000000	305.287797	7.675181e-05	1.625841e-01	2.622653e-05	104.319	12.052237 
3.594978e-01	6.337702e-02	0.000000	304.494870	7.681138e-05	1.621692e-01	2.620939e-05	103.899	12.029805 
3.607326e-01	6.342658e-02	0.000000	303.704595	7.687009e-05	1.617635e-01	2.619203e-05	103.482	12.007706 
3.619627e-01	6.347542e-02	0.000000	302.914166	7.692794e-05	1.613636e-01	2.617484e-05	103.067	11.985677 
3.631881e-01	6.352353e-02	0.000000	302.119536	7.698495e-05	1.609748e-01	2.615673e-05	102.649	11.964089 
3.644087e-01	6.357093e-02	0.000000	301.358420	7.704111e-05	1.605388e-01	2.614324e-05	102.263	11.940244 
3.656245e-01	6.361762e-02	0.000000	300.562584	7.709645e-05	1.601137e-01	2.613009e-05	101.869	11.915945 
3.668355e-01	6.366362e-02	0.000000	299.763253	7.715097e-05	1.596977e-01	2.611683e-05	101.475	11.891840 
3.680417e-01	6.370893e-02	0.000000	298.968781	7.720469e-05	1.592895e-01	2.610343e-05	101.083	11.868055 
3.692430e-01	6.375356e-02	0.000000	298.180185	7.725760e-05	1.588881e-01	2.608999e-05	100.696	11.844553 
3.704393e-01	6.379752e-02	0.000000	297.396011	7.730972e-05	1.584940e-01	2.607652e-05	100.311	11.821327 
3.716307e-01	6.384082e-02	0.000000	296.621709	7.736107e-05	1.581083e-01	2.606281e-05	99.931	11.798569 
3.728172e-01	6.388346e-02	0.000000	295.862820	7.741165e-05	1.577305e-01	2.604862e-05	99.556	11.776434 
3.739986e-01	6.392546e-02	0.000000	295.115383	7.746146e-05	1.573632e-01	2.603394e-05	99.185	11.754938 
3.751750e-01	6.396682e-02	0.000000	294.379880	7.751052e-05	1.570054e-01	2.601887e-05	98.818	11.734039 
3.763463e-01	6.400755e-02	0.000000	293.656024	7.755884e-05	1.566557e-01	2.600361e-05	98.456	11.713628 
3.775125e-01	6.404765e-02	0.000000	292.942881	7.760643e-05	1.563121e-01	2.598835e-05	98.099	11.693572 
3.786736e-01	6.408714e-02	0.000000	292.239760	7.765329e-05	1.559730e-01	2.597330e-05	97.748	11.673759 
3.798295e-01	6.412602e-02	0.000000	291.546206	7.769943e-05	1.556378e-01	2.595857e-05	97.403	11.654128 
3.809803e-01	6.416430e-02	0.000000	290.861874	7.774487e-05	1.553066e-01	2.594418e-05	97.063	11.634672 
3.821259e-01	6.420199e-02	0.000000	290.186250	7.778961e-05	1.549805e-01	2.593002e-05	96.729	11.615459 
3.832663e-01	6.423910e-02	0.000000	289.518452	7.783366e-05	1.546602e-01	2.591606e-05	96.400	11.596493 
3.844014e-01	6.427563e-02	0.000000	288.856736	7.787703e-05	1.543472e-01	2.590201e-05	96.074	11.577870 
3.855313e-01	6.431159e-02	0.000000	288.199558	7.791973e-05	1.540393e-01	2.588815e-05	95.752	11.559410 
3.866559e-01	6.434698e-02	0.000000	287.542803	7.796176e-05	1.537402e-01	2.587361e-05	95.428	11.541369 
3.877751e-01	6.438182e-02	0.000000	286.858100	7.800314e-05	1.534185e-01	2.586248e-05	95.110	11.521083 
3.888891e-01	6.441611e-02	0.000000	286.163518	7.804386e-05	1.530992e-01	2.585133e-05	94.789	11.500627 
3.899977e-01	6.444986e-02	0.000000	285.473852	7.808395e-05	1.527858e-01	2.584004e-05	94.471	11.480452 
3.911009e-01	6.448307e-02	0.000000	284.793363	7.812341e-05	1.524780e-01	2.582863e-05	94.156	11.460629 
3.921988e-01	6.451576e-02	0.000000	284.123332	7.816224e-05	1.521749e-01	2.581719e-05	93.847	11.441132 
3.932913e-01	6.454793e-02	0.000000	283.464214	7.820046e-05	1.518761e-01	2.580579e-05	93.542	11.421940 
3.943783e-01	6.457958e-02	0.000000	282.816467	7.823806e-05	1.515822e-01	2.579436e-05	93.242	11.403104 
3.954600e-01	6.461072e-02	0.000000	282.180744	7.827507e-05	1.512943e-01	2.578275e-05	92.947	11.384714 
3.965362e-01	6.464136e-02	0.000000	281.557540	7.831149e-05	1.510134e-01	2.577090e-05	92.656	11.366827 
3.976069e-01	6.467151e-02	0.000000	280.946719	7.834731e-05	1.507390e-01	2.575887e-05	92.369	11.349416 
3.986721e-01	6.470116e-02	0.000000	280.347731	7.838257e-05	1.504706e-01	2.574676e-05	92.087	11.332424 
3.997319e-01	6.473034e-02	0.000000	279.759943	7.841725e-05	1.502072e-01	2.573466e-05	91.811	11.315787 
4.007862e-01	6.475904e-02	0.000000	279.181654	7.845136e-05	1.499481e-01	2.572265e-05	91.538	11.299422 
4.018350e-01	6.478727e-02	0.000000	278.611090	7.848492e-05	1.496928e-01	2.571087e-05	91.270	11.283253 
4.028782e-01	6.481504e-02	0.000000	278.048845	7.851793e-05	1.494406e-01	2.569943e-05	91.007	11.267240 
4.039160e-01	6.484234e-02	0.000000	277.495369	7.855040e-05	1.491917e-01	2.568830e-05	90.749	11.251405 
4.049482e-01	6.486920e-02	0.000000	276.949406	7.858233e-05	1.489464e-01	2.567750e-05	90.496	11.235729 
4.059748e-01	6.489561e-02	0.000000	276.408827	7.861374e-05	1.487062e-01	2.566680e-05	90.245	11.220284 
4.069959e-01	6.492158e-02	0.000000	275.873502	7.864462e-05	1.484702e-01	2.565637e-05	89.999	11.204991 
4.080115e-01	6.494712e-02	0.000000	275.342610	7.867499e-05	1.482412e-01	2.564552e-05	89.753	11.190095 
4.090214e-01	6.497223e-02	0.000000	274.702722	7.870485e-05	1.480234e-01	2.563685e-05	89.480	11.172880 
4.100258e-01	6.499691e-02	0.000000	274.093868	7.873421e-05	1.477934e-01	2.562759e-05	89.216	11.155910 
4.110247e-01	6.502118e-02	0.000000	273.499817	7.876307e-05	1.475658e-01	2.561814e-05	88.957	11.139325 
4.120179e-01	6.504503e-02	0.000000	272.923576	7.879145e-05	1.473406e-01	2.560857e-05	88.705	11.123169 
4.130056e-01	6.506848e-02	0.000000	272.359763	7.881934e-05	1.471185e-01	2.559901e-05	88.457	11.107338 
4.139876e-01	6.509153e-02	0.000000	271.805109	7.884675e-05	1.469002e-01	2.558957e-05	88.214	11.091758 
4.149641e-01	6.511418e-02	0.000000	271.261622	7.887370e-05	1.466851e-01	2.558028e-05	87.975	11.076451 
4.159350e-01	6.513644e-02	0.000000	270.732665	7.890018e-05	1.464729e-01	2.557105e-05	87.743	11.061490 
4.169003e-01	6.515831e-02	0.000000	270.218909	7.892620e-05	1.462637e-01	2.556184e-05	87.516	11.046909 
4.178600e-01	6.517981e-02	0.000000	269.717976	7.895177e-05	1.460582e-01	2.555264e-05	87.294	11.032677 
4.188141e-01	6.520092e-02	0.000000	269.226438	7.897690e-05	1.458567e-01	2.554354e-05	87.076	11.018730 
4.197626e-01	6.522167e-02	0.000000	268.741787	7.900158e-05	1.456595e-01	2.553457e-05	86.862	11.005015 
4.207055e-01	6.524205e-02	0.000000	268.263442	7.902583e-05	1.454667e-01	2.552575e-05	86.650	10.991522 
4.216428e-01	6.526207e-02	0.000000	267.792709	7.904965e-05	1.452777e-01	2.551704e-05	86.443	10.978265 
4.225745e-01	6.528174e-02	0.000000	267.331898	7.907305e-05	1.450917e-01	2.550849e-05	86.240	10.965247 
4.235006e-01	6.530105e-02	0.000000	266.882968	7.909603e-05	1.449077e-01	2.550014e-05	86.042	10.952474 
4.244211e-01	6.532001e-02	0.000000	266.446702	7.911859e-05	1.447253e-01	2.549209e-05	85.849	10.939914 
4.253361e-01	6.533864e-02	0.000000	266.021864	7.914075e-05	1.445451e-01	2.548426e-05	85.662	10.927591 
4.262454e-01	6.535692e-02	0.000000	265.606884	7.916251e-05	1.443666e-01	2.547679e-05	85.480	10.915420 
4.271492e-01	6.537488e-02	0.000000	265.197916	7.918387e-05	1.441922e-01	2.546921e-05	85.300	10.903518 
4.280474e-01	6.539250e-02	0.000000	264.616899	7.920484e-05	1.440591e-01	2.546253e-05	85.068	10.889407 
4.289401e-01	6.540980e-02	0.000000	264.087932	7.922543e-05	1.439014e-01	2.545494e-05	84.851	10.875594 
4.298272e-01	6.542678e-02	0.000000	263.566339	7.924563e-05	1.437459e-01	2.544722e-05	84.636	10.862009 
4.307087e-01	6.544344e-02	0.000000	263.070265	7.926546e-05	1.435899e-01	2.543934e-05	84.429	10.848929 
4.315847e-01	6.545979e-02	0.000000	262.594341	7.928492e-05	1.434345e-01	2.543144e-05	84.230	10.836257 
4.324551e-01	6.547584e-02	0.000000	262.129755	7.930401e-05	1.432813e-01	2.542364e-05	84.035	10.823844 
4.333201e-01	6.549158e-02	0.000000	261.676220	7.932274e-05	1.431305e-01	2.541601e-05	83.844	10.811685 
4.341795e-01	6.550702e-02	0.000000	261.242463	7.934112e-05	1.429805e-01	2.540854e-05	83.661	10.799896 
4.350333e-01	6.552217e-02	0.000000	260.833683	7.935914e-05	1.428291e-01	2.540124e-05	83.488	10.788504 
4.358817e-01	6.553702e-02	0.000000	260.445597	7.937682e-05	1.426770e-01	2.539416e-05	83.322	10.777436 
4.367246e-01	6.555159e-02	0.000000	260.073138	7.939415e-05	1.425246e-01	2.538732e-05	83.162	10.766601 
4.375620e-01	6.556588e-02	0.000000	259.708548	7.941115e-05	1.423738e-01	2.538072e-05	83.006	10.755904 
4.383939e-01	6.557989e-02	0.000000	259.348871	7.942782e-05	1.422253e-01	2.537436e-05	82.853	10.745320 
4.392204e-01	6.559362e-02	0.000000	258.992722	7.944416e-05	1.420796e-01	2.536820e-05	82.702	10.734844 
4.400414e-01	6.560707e-02	0.000000	258.639899	7.946017e-05	1.419369e-01	2.536221e-05	82.553	10.724488 
4.408570e-01	6.562027e-02	0.000000	258.292149	7.947587e-05	1.417969e-01	2.535633e-05	82.407	10.714290 
4.416671e-01	6.563319e-02	0.000000	257.952337	7.949125e-05	1.416589e-01	2.535060e-05	82.264	10.704274 
4.424719e-01	6.564586e-02	0.000000	257.623277	7.950631e-05	1.415224e-01	2.534497e-05	82.125	10.694491 
4.432712e-01	6.565827e-02	0.000000	257.307538	7.952108e-05	1.413862e-01	2.533958e-05	81.992	10.684919 
4.440651e-01	6.567042e-02	0.000000	257.003853	7.953554e-05	1.412511e-01	2.533419e-05	81.863	10.675612 
4.448537e-01	6.568233e-02	0.000000	256.458663	7.954970e-05	1.411906e-01	2.532931e-05	81.659	10.663978 
4.456369e-01	6.569398e-02	0.000000	256.060496	7.956357e-05	1.410812e-01	2.532283e-05	81.497	10.653857 
4.464148e-01	6.570540e-02	0.000000	255.640233	7.957715e-05	1.409718e-01	2.531639e-05	81.328	10.643245 
4.471873e-01	6.571657e-02	0.000000	255.242099	7.959044e-05	1.408596e-01	2.530983e-05	81.167	10.632987 
4.479546e-01	6.572751e-02	0.000000	254.866490	7.960346e-05	1.407460e-01	2.530326e-05	81.013	10.623120 
4.487165e-01	6.573822e-02	0.000000	254.505157	7.961619e-05	1.406324e-01	2.529679e-05	80.865	10.613509 
4.494731e-01	6.574870e-02	0.000000	254.151287	7.962865e-05	1.405204e-01	2.529049e-05	80.720	10.604056 
4.502245e-01	6.575895e-02	0.000000	253.804335	7.964084e-05	1.404103e-01	2.528438e-05	80.578	10.594750 
4.509706e-01	6.576897e-02	0.000000	253.467443	7.965277e-05	1.403007e-01	2.527851e-05	80.440	10.585605 
4.517115e-01	6.577878e-02	0.000000	253.143182	7.966443e-05	1.401905e-01	2.527292e-05	80.308	10.576620 
4.524472e-01	6.578837e-02	0.000000	252.831224	7.967583e-05	1.400793e-01	2.526766e-05	80.181	10.567764 
4.531776e-01	6.579774e-02	0.000000	252.528892	7.968698e-05	1.399675e-01	2.526270e-05	80.058	10.559004 
4.539029e-01	6.580691e-02	0.000000	252.233080	7.969788e-05	1.398561e-01	2.525801e-05	79.938	10.550319 
4.546231e-01	6.581586e-02	0.000000	251.941619	7.970853e-05	1.397461e-01	2.525355e-05	79.821	10.541711 
4.553380e-01	6.582462e-02	0.000000	251.653504	7.971894e-05	1.396381e-01	2.524926e-05	79.706	10.533188 
4.560479e-01	6.583317e-02	0.000000	251.368352	7.972911e-05	1.395323e-01	2.524511e-05	79.592	10.524769 
4.567526e-01	6.584152e-02	0.000000	251.086172	7.973904e-05	1.394290e-01	2.524108e-05	79.480	10.516457 
4.574523e-01	6.584967e-02	0.000000	250.807167	7.974873e-05	1.393283e-01	2.523713e-05	79.370	10.508280 
4.581469e-01	6.585764e-02	0.000000	250.532600	7.975820e-05	1.392298e-01	2.523332e-05	79.262	10.500227 
4.588364e-01	6.586541e-02	0.000000	250.262791	7.976744e-05	1.391335e-01	2.522951e-05	79.155	10.492342 
4.595209e-01	6.587299e-02	0.000000	249.719757	7.977645e-05	1.391207e-01	2.522598e-05	78.963	10.481792 
4.602004e-01	6.588039e-02	0.000000	249.382880	7.978525e-05	1.390587e-01	2.522065e-05	78.832	10.474070 
4.608749e-01	6.588761e-02	0.000000	248.994752	7.979383e-05	1.389952e-01	2.521550e-05	78.684	10.465158 
4.615444e-01	6.589465e-02	0.000000	248.614514	7.980220e-05	1.389293e-01	2.521029e-05	78.540	10.456316 
4.622090e-01	6.590152e-02	0.000000	248.253106	7.981036e-05	1.388625e-01	2.520504e-05	78.401	10.447823 
4.628687e-01	6.590821e-02	0.000000	247.909387	7.981831e-05	1.387950e-01	2.519981e-05	78.269	10.439654 
4.635234e-01	6.591473e-02	0.000000	247.576612	7.982605e-05	1.387281e-01	2.519469e-05	78.140	10.431695 
4.641733e-01	6.592108e-02	0.000000	247.250327	7.983360e-05	1.386628e-01	2.518973e-05	78.014	10.423880 
4.648183e-01	6.592726e-02	0.000000	246.929009	7.984095e-05	1.385992e-01	2.518495e-05	77.891	10.416187 
4.654585e-01	6.593328e-02	0.000000	246.612280	7.984810e-05	1.385371e-01	2.518038e-05	77.770	10.408583 
4.660938e-01	6.593914e-02	0.000000	246.299154	7.985506e-05	1.384760e-01	2.517612e-05	77.651	10.401010 
4.667243e-01	6.594485e-02	0.000000	245.987425	7.986184e-05	1.384157e-01	2.517225e-05	77.535	10.393404 
4.673501e-01	6.595039e-02	0.000000	245.674703	7.986843e-05	1.383568e-01	2.516876e-05	77.419	10.385734 
4.679711e-01	6.595579e-02	0.000000	245.359167	7.987483e-05	1.383000e-01	2.516562e-05	77.304	10.377993 
4.685873e-01	6.596103e-02	0.000000	245.039788	7.988106e-05	1.382458e-01	2.516277e-05	77.188	10.370197 
4.691989e-01	6.596612e-02	0.000000	244.719732	7.988711e-05	1.381947e-01	2.516012e-05	77.073	10.362444 
4.698058e-01	6.597107e-02	0.000000	244.405259	7.989298e-05	1.381457e-01	2.515761e-05	76.961	10.354843 
4.704080e-01	6.597588e-02	0.000000	244.098730	7.989869e-05	1.380984e-01	2.515520e-05	76.852	10.347443 
4.710055e-01	6.598054e-02	0.000000	243.800945	7.990422e-05	1.380529e-01	2.515293e-05	76.746	10.340249 
4.715985e-01	6.598506e-02	0.000000	243.511161	7.990960e-05	1.380088e-01	2.515070e-05	76.643	10.333258 
4.721868e-01	6.598945e-02	0.000000	242.867611	7.991480e-05	1.380769e-01	2.514908e-05	76.430	10.322810 
4.727706e-01	6.599370e-02	0.000000	242.460496	7.991985e-05	1.380643e-01	2.514559e-05	76.287	10.314726 
4.733498e-01	6.599782e-02	0.000000	242.052143	7.992474e-05	1.380537e-01	2.514160e-05	76.141	10.306774 
4.739245e-01	6.600181e-02	0.000000	241.658101	7.992948e-05	1.380418e-01	2.513748e-05	76.000	10.299086 
4.744947e-01	6.600567e-02	0.000000	241.270043	7.993406e-05	1.380322e-01	2.513342e-05	75.862	10.291582 
4.750605e-01	6.600941e-02	0.000000	240.892150	7.993849e-05	1.380239e-01	2.512942e-05	75.727	10.284310 
4.756217e-01	6.601302e-02	0.000000	240.526968	7.994278e-05	1.380160e-01	2.512551e-05	75.596	10.277295 
4.761786e-01	6.601651e-02	0.000000	240.173408	7.994692e-05	1.380085e-01	2.512172e-05	75.470	10.270499 
4.767310e-01	6.601988e-02	0.000000	239.827438	7.995092e-05	1.380021e-01	2.511810e-05	75.346	10.263858 
4.772790e-01	6.602313e-02	0.000000	239.484386	7.995478e-05	1.379978e-01	2.511463e-05	75.225	10.257310 
4.778227e-01	6.602627e-02	0.000000	239.144020	7.995850e-05	1.379968e-01	2.511134e-05	75.104	10.250891 
4.783621e-01	6.602930e-02	0.000000	238.803820	7.996208e-05	1.379977e-01	2.510831e-05	74.985	10.244476 
4.788971e-01	6.603221e-02	0.000000	238.464419	7.996554e-05	1.379995e-01	2.510571e-05	74.867	10.238014 
4.794279e-01	6.603501e-02	0.000000	238.128763	7.996886e-05	1.380017e-01	2.510353e-05	74.752	10.231544 
4.799544e-01	6.603770e-02	0.000000	237.797522	7.997206e-05	1.380043e-01	2.510170e-05	74.640	10.225101 
4.804766e-01	6.604029e-02	0.000000	237.472581	7.997513e-05	1.380075e-01	2.510014e-05	74.531	10.218743 
4.809947e-01	6.604278e-02	0.000000	237.155751	7.997807e-05	1.380111e-01	2.509883e-05	74.425	10.212512 
4.815085e-01	6.604516e-02	0.000000	236.847365	7.998090e-05	1.380154e-01	2.509770e-05	74.322	10.206441 
4.820182e-01	6.604745e-02	0.000000	236.548153	7.998360e-05	1.380205e-01	2.509674e-05	74.223	10.200544 
4.825238e-01	6.604963e-02	0.000000	236.257615	7.998619e-05	1.380263e-01	2.509589e-05	74.126	10.194831 
4.830252e-01	6.605172e-02	0.000000	235.520703	7.998867e-05	1.381692e-01	2.509598e-05	73.893	10.184329 
4.835226e-01	6.605371e-02	0.000000	235.072117	7.999103e-05	1.382026e-01	2.509425e-05	73.745	10.176354 
4.840158e-01	6.605561e-02	0.000000	234.639935	7.999328e-05	1.382426e-01	2.509169e-05	73.600	10.169126 
4.845051e-01	6.605742e-02	0.000000	234.225227	7.999542e-05	1.382833e-01	2.508886e-05	73.460	10.162343 
4.849903e-01	6.605914e-02	0.000000	233.819547	7.999746e-05	1.383254e-01	2.508603e-05	73.322	10.155788 
4.854715e-01	6.606077e-02	0.000000	233.420461	7.999939e-05	1.383693e-01	2.508327e-05	73.187	10.149406 
4.859488e-01	6.606232e-02	0.000000	233.032393	8.000122e-05	1.384142e-01	2.508058e-05	73.056	10.143269 
4.864221e-01	6.606378e-02	0.000000	232.661461	8.000295e-05	1.384586e-01	2.507792e-05	72.931	10.137467 
4.868915e-01	6.606516e-02	0.000000	232.310927	8.000458e-05	1.385017e-01	2.507531e-05	72.812	10.132034 
4.873570e-01	6.606645e-02	0.000000	231.981163	8.000612e-05	1.385430e-01	2.507278e-05	72.700	10.126957 
4.878186e-01	6.606767e-02	0.000000	231.670467	8.000755e-05	1.385826e-01	2.507035e-05	72.594	10.122201 
4.882764e-01	6.606881e-02	0.000000	231.376016	8.000890e-05	1.386212e-01	2.506802e-05	72.494	10.117732 
4.887304e-01	6.606987e-02	0.000000	231.094908	8.001016e-05	1.386595e-01	2.506580e-05	72.398	10.113507 
4.891806e-01	6.607086e-02	0.000000	230.824531	8.001132e-05	1.386969e-01	2.506379e-05	72.306	10.109431 
4.896270e-01	6.607177e-02	0.000000	230.563352	8.001240e-05	1.387336e-01	2.506208e-05	72.219	10.105461 
4.900696e-01	6.607261e-02	0.000000	230.310977	8.001340e-05	1.387696e-01	2.506064e-05	72.135	10.101589 
4.905085e-01	6.607338e-02	0.000000	230.067111	8.001431e-05	1.388035e-01	2.505963e-05	72.055	10.097733 
4.909438e-01	6.607408e-02	0.000000	229.832990	8.001514e-05	1.388347e-01	2.505916e-05	71.979	10.093877 
4.913753e-01	6.607471e-02	0.000000	229.609202	8.001588e-05	1.388645e-01	2.505903e-05	71.908	10.090116 
4.918033e-01	6.607528e-02	0.000000	229.395587	8.001655e-05	1.388940e-01	2.505904e-05	71.841	10.086534 
4.922275e-01	6.607578e-02	0.000000	228.700820	8.001714e-05	1.390843e-01	2.506043e-05	71.626	10.077903 
4.926482e-01	6.607622e-02	0.000000	228.307813	8.001766e-05	1.391418e-01	2.505937e-05	71.500	10.071565 
4.930653e-01	6.607660e-02	0.000000	227.943229	8.001810e-05	1.392037e-01	2.505772e-05	71.381	10.066120 
4.934789e-01	6.607691e-02	0.000000	227.605945	8.001847e-05	1.392620e-01	2.505580e-05	71.269	10.061186 
4.938889e-01	6.607717e-02	0.000000	227.272884	8.001877e-05	1.393219e-01	2.505392e-05	71.159	10.056381 
4.942955e-01	6.607736e-02	0.000000	226.943042	8.001900e-05	1.393831e-01	2.505213e-05	71.051	10.051661 
4.946985e-01	6.607750e-02	0.000000	226.619356	8.001917e-05	1.394452e-01	2.505043e-05	70.944	10.047076 
4.950981e-01	6.607759e-02	0.000000	226.307455	8.001926e-05	1.395070e-01	2.504878e-05	70.842	10.042721 
4.954943e-01	6.607762e-02	0.000000	226.010687	8.001930e-05	1.395679e-01	2.504715e-05	70.744	10.038655 
4.958870e-01	6.607759e-02	0.000000	225.729747	8.001927e-05	1.396277e-01	2.504555e-05	70.652	10.034881 
4.962764e-01	6.607752e-02	0.000000	225.464390	8.001918e-05	1.396861e-01	2.504404e-05	70.565	10.031374 
4.966624e-01	6.607739e-02	0.000000	225.214184	8.001902e-05	1.397426e-01	2.504268e-05	70.483	10.028098 
4.970451e-01	6.607721e-02	0.000000	224.977612	8.001881e-05	1.397977e-01	2.504145e-05	70.406	10.025038 
4.974244e-01	6.607699e-02	0.000000	224.753926	8.001854e-05	1.398525e-01	2.504026e-05	70.332	10.022239 
4.978005e-01	6.607671e-02	0.000000	224.542686	8.001822e-05	1.399080e-01	2.503900e-05	70.263	10.019745 
4.981733e-01	6.607640e-02	0.000000	224.342009	8.001784e-05	1.399619e-01	2.503790e-05	70.198	10.017390 
4.985428e-01	6.607603e-02	0.000000	224.153470	8.001741e-05	1.400117e-01	2.503736e-05	70.137	10.015045 
4.989092e-01	6.607562e-02	0.000000	223.977201	8.001692e-05	1.400588e-01	2.503725e-05	70.082	10.012781 
4.992723e-01	6.607517e-02	0.000000	223.811124	8.001638e-05	1.401050e-01	2.503728e-05	70.031	10.010681 
4.996323e-01	6.607468e-02	0.000000	223.655749	8.001580e-05	1.401505e-01	2.503744e-05	69.983	10.008759 
4.999891e-01	6.607414e-02	0.000000	222.993938	8.001516e-05	1.403777e-01	2.504012e-05	69.784	10.001464 
5.003428e-01	6.607357e-02	0.000000	222.647753	8.001448e-05	1.404454e-01	2.503971e-05	69.675	9.996145 
5.006934e-01	6.607296e-02	0.000000	222.314127	8.001376e-05	1.405217e-01	2.503903e-05	69.570	9.991456 
5.010409e-01	6.607231e-02	0.000000	222.023331	8.001298e-05	1.405910e-01	2.503805e-05	69.477	9.987530 
5.013854e-01	6.607162e-02	0.000000	221.751488	8.001217e-05	1.406586e-01	2.503696e-05	69.389	9.983979 
5.017268e-01	6.607089e-02	0.000000	221.491236	8.001175e-05	1.407251e-01	2.503585e-05	69.305	9.980673 
5.020652e-01	6.607013e-02	0.000000	221.234894	8.001091e-05	1.407921e-01	2.503480e-05	69.223	9.977426 
5.024006e-01	6.606934e-02	0.000000	220.980063	8.001000e-05	1.408600e-01	2.503386e-05	69.141	9.974214 
5.027331e-01	6.606851e-02	0.000000	220.728796	8.000905e-05	1.409286e-01	2.503302e-05	69.061	9.971074 
5.030626e-01	6.606765e-02	0.000000	220.486484	8.000806e-05	1.409969e-01	2.503223e-05	68.984	9.968111 
5.033892e-01	6.606676e-02	0.000000	220.259389	8.000703e-05	1.410641e-01	2.503145e-05	68.912	9.965440 
5.037129e-01	6.606584e-02	0.000000	220.051952	8.000596e-05	1.411291e-01	2.503066e-05	68.845	9.963131 
5.040337e-01	6.606489e-02	0.000000	219.864960	8.000485e-05	1.411913e-01	2.502992e-05	68.786	9.961170 
5.043516e-01	6.606391e-02	0.000000	219.696556	8.000370e-05	1.412504e-01	2.502928e-05	68.732	9.959498 
5.046667e-01	6.606291e-02	0.000000	219.545137	8.000251e-05	1.413080e-01	2.502868e-05	68.684	9.958138 
5.049790e-01	6.606187e-02	0.000000	219.408326	8.000129e-05	1.413653e-01	2.502792e-05	68.641	9.957127 
5.052885e-01	6.606081e-02	0.000000	219.283840	8.000003e-05	1.414201e-01	2.502735e-05	68.601	9.956265 
5.055953e-01	6.605972e-02	0.000000	219.175760	7.999874e-05	1.414709e-01	2.502726e-05	68.568	9.955538 
5.058993e-01	6.605861e-02	0.000000	219.078805	7.999742e-05	1.415186e-01	2.502750e-05	68.540	9.954884 
5.062005e-01	6.605748e-02	0.000000	218.996689	7.999606e-05	1.415611e-01	2.502850e-05	68.518	9.954230 
5.064991e-01	6.605632e-02	0.000000	218.931680	7.999467e-05	1.415981e-01	2.503040e-05	68.504	9.953586 
5.067950e-01	6.605514e-02	0.000000	218.875398	7.999325e-05	1.416283e-01	2.503318e-05	68.495	9.952726 
5.070882e-01	6.605393e-02	0.000000	218.829861	7.999179e-05	1.416533e-01	2.503675e-05	68.492	9.951770 
5.073788e-01	6.605271e-02	0.000000	218.796323	7.999031e-05	1.416762e-01	2.504077e-05	68.494	9.950922 
5.076667e-01	6.605147e-02	0.000000	218.770940	7.998880e-05	1.416967e-01	2.504523e-05	68.499	9.950085 
5.079520e-01	6.605020e-02	0.000000	218.750353	7.998726e-05	1.417126e-01	2.505034e-05	68.508	9.949065 
5.082348e-01	6.604892e-02	0.000000	218.733794	7.998569e-05	1.417247e-01	2.505597e-05	68.520	9.947895 
5.085150e-01	6.604762e-02	0.000000	218.720385	7.998410e-05	1.417357e-01	2.506184e-05	68.533	9.946712 
5.087927e-01	6.604630e-02	0.000000	218.708678	7.998248e-05	1.417472e-01	2.506770e-05	68.547	9.945588 
5.090678e-01	6.604496e-02	0.000000	218.698391	7.998084e-05	1.417599e-01	2.507347e-05	68.561	9.944553 
5.093405e-01	6.604360e-02	0.000000	218.690033	7.997917e-05	1.417734e-01	2.507914e-05	68.575	9.943610 
5.096106e-01	6.604224e-02	0.000000	218.684082	7.997747e-05	1.417874e-01	2.508475e-05	68.590	9.942744 
5.098783e-01	6.604085e-02	0.000000	218.681422	7.997576e-05	1.418024e-01	2.509028e-05	68.606	9.942011 
5.101436e-01	6.603945e-02	0.000000	218.682300	7.997402e-05	1.418183e-01	2.509575e-05	68.622	9.941393 
5.104064e-01	6.603804e-02	0.000000	218.687456	7.997226e-05	1.418337e-01	2.510117e-05	68.640	9.940868 
5.106669e-01	6.603661e-02	0.000000	218.699269	7.997048e-05	1.418478e-01	2.510665e-05	68.660	9.940436 
5.109250e-01	6.603517e-02	0.000000	218.718992	7.996868e-05	1.418621e-01	2.511198e-05	68.683	9.940219 
5.111807e-01	6.603372e-02	0.000000	218.752027	7.996686e-05	1.418738e-01	2.511768e-05	68.710	9.940136 
5.114340e-01	6.603225e-02	0.000000	218.788481	7.996502e-05	1.418858e-01	2.512258e-05	68.737	9.940303 
5.116851e-01	6.603078e-02	0.000000	218.864565	7.996316e-05	1.419012e-01	2.513092e-05	68.785	9.940804 
