# pos.x pos.y pos.z volume rho vel.x vel.y vel.z p a mu k[0] mu_t k_t S tke omega massf[0] e[0] T[0] 
0.000000e+00 0.000000e+00 9.892867e-07 3.515660e-09 1.241728e-01 8.594682e+00 -1.452018e-04 0.000000e+00 1.056978e+04 3.452102e+02 1.830384e-05 2.597292e-02 7.079084e-13 7.991591e-10 0.000000e+00 3.238251e-02 7.406219e+09 1.000000e+00 2.128038e+05 2.965249e+02
0.000000e+00 0.000000e+00 3.043087e-06 3.767285e-09 1.242416e-01 2.644098e+01 -4.097778e-04 0.000000e+00 1.056972e+04 3.451137e+02 1.829593e-05 2.595990e-02 6.273399e-11 7.082052e-08 0.000000e+00 6.804104e-01 1.538932e+09 1.000000e+00 2.126847e+05 2.963590e+02
0.000000e+00 0.000000e+00 5.253053e-06 4.038024e-09 1.244431e-01 4.565960e+01 -8.447090e-04 0.000000e+00 1.056941e+04 3.448293e+02 1.827264e-05 2.592160e-02 1.075564e-09 1.214205e-06 0.000000e+00 4.324606e+00 5.467510e+08 1.000000e+00 2.123344e+05 2.958709e+02
0.000000e+00 0.000000e+00 7.631040e-06 4.329322e-09 1.247797e-01 6.637031e+01 -1.178446e-03 0.000000e+00 1.056845e+04 3.443482e+02 1.823323e-05 2.585679e-02 8.330016e-09 9.403770e-06 0.000000e+00 1.598740e+01 2.566460e+08 1.000000e+00 2.117424e+05 2.950459e+02
0.000000e+00 0.000000e+00 1.018980e-05 4.642736e-09 1.252779e-01 8.868873e+01 -1.556181e-03 0.000000e+00 1.056610e+04 3.436247e+02 1.817399e-05 2.575939e-02 4.111973e-08 4.642013e-05 0.000000e+00 4.403773e+01 1.421107e+08 1.000000e+00 2.108536e+05 2.938075e+02
0.000000e+00 0.000000e+00 1.294305e-05 4.979941e-09 1.259717e-01 1.127044e+02 -1.816356e-03 0.000000e+00 1.056131e+04 3.425998e+02 1.809006e-05 2.562150e-02 1.515481e-07 1.710829e-04 0.000000e+00 1.008862e+02 8.801021e+07 1.000000e+00 2.095977e+05 2.920576e+02
0.000000e+00 0.000000e+00 1.590554e-05 5.342734e-09 1.268923e-01 1.383865e+02 -1.933336e-03 0.000000e+00 1.055265e+04 3.412153e+02 1.797669e-05 2.543544e-02 4.507289e-07 5.088286e-04 0.000000e+00 2.025629e+02 5.934977e+07 1.000000e+00 2.079075e+05 2.897024e+02
0.000000e+00 0.000000e+00 1.909314e-05 5.733051e-09 1.280763e-01 1.654927e+02 -1.520319e-03 0.000000e+00 1.053863e+04 3.394098e+02 1.782888e-05 2.519306e-02 1.126270e-06 1.271448e-03 0.000000e+00 3.650259e+02 4.287131e+07 1.000000e+00 2.057135e+05 2.866452e+02
0.000000e+00 0.000000e+00 2.252292e-05 6.152973e-09 1.295341e-01 1.934184e+02 -7.004873e-04 0.000000e+00 1.051835e+04 3.371708e+02 1.764565e-05 2.489301e-02 2.421741e-06 2.733908e-03 0.000000e+00 5.955224e+02 3.269242e+07 1.000000e+00 2.030091e+05 2.828769e+02
0.000000e+00 0.000000e+00 2.621322e-05 6.604734e-09 1.312847e-01 2.213094e+02 1.088500e-04 0.000000e+00 1.049244e+04 3.345042e+02 1.742748e-05 2.453639e-02 4.573338e-06 5.162849e-03 0.000000e+00 8.831097e+02 2.590028e+07 1.000000e+00 1.998115e+05 2.784212e+02
0.000000e+00 0.000000e+00 3.018378e-05 7.090736e-09 1.332912e-01 2.481883e+02 5.452145e-04 0.000000e+00 1.046326e+04 3.315164e+02 1.718313e-05 2.413778e-02 7.747058e-06 8.745666e-03 0.000000e+00 1.197411e+03 2.098271e+07 1.000000e+00 1.962587e+05 2.734707e+02
0.000000e+00 0.000000e+00 3.445583e-05 7.613563e-09 1.355019e-01 2.734426e+02 1.352115e-03 0.000000e+00 1.043420e+04 3.283458e+02 1.692397e-05 2.371595e-02 1.204223e-05 1.359448e-02 0.000000e+00 1.498903e+03 1.714894e+07 1.000000e+00 1.925233e+05 2.682657e+02
0.000000e+00 0.000000e+00 3.905219e-05 8.175989e-09 1.379236e-01 2.963473e+02 3.851433e-03 0.000000e+00 1.040907e+04 3.250591e+02 1.665550e-05 2.328000e-02 1.740614e-05 1.964982e-02 0.000000e+00 1.749772e+03 1.405329e+07 1.000000e+00 1.886886e+05 2.629223e+02
0.000000e+00 0.000000e+00 4.399739e-05 8.780996e-09 1.404133e-01 3.161894e+02 4.434224e-03 0.000000e+00 1.038848e+04 3.218457e+02 1.639320e-05 2.285514e-02 2.350836e-05 2.653864e-02 0.000000e+00 1.936189e+03 1.168401e+07 1.000000e+00 1.849765e+05 2.577498e+02
0.000000e+00 0.000000e+00 4.931780e-05 9.431787e-09 1.429387e-01 3.338862e+02 5.486403e-03 0.000000e+00 1.037053e+04 3.187147e+02 1.613781e-05 2.244252e-02 3.045346e-05 3.437897e-02 0.000000e+00 2.090419e+03 9.901940e+06 1.000000e+00 1.813951e+05 2.527595e+02
0.000000e+00 0.000000e+00 5.504179e-05 1.013181e-08 1.455368e-01 3.502120e+02 6.892771e-03 0.000000e+00 1.035463e+04 3.156150e+02 1.588518e-05 2.203537e-02 3.849958e-05 4.346225e-02 0.000000e+00 2.217285e+03 8.449763e+06 1.000000e+00 1.778839e+05 2.478669e+02
0.000000e+00 0.000000e+00 6.119985e-05 1.088474e-08 1.481881e-01 3.652717e+02 8.714728e-03 0.000000e+00 1.034087e+04 3.125708e+02 1.563729e-05 2.163691e-02 4.766204e-05 5.380576e-02 0.000000e+00 2.316948e+03 7.254736e+06 1.000000e+00 1.744689e+05 2.431083e+02
0.000000e+00 0.000000e+00 6.782473e-05 1.169457e-08 1.508784e-01 3.792172e+02 1.076945e-02 0.000000e+00 1.032918e+04 3.095960e+02 1.539528e-05 2.124887e-02 5.797190e-05 6.544459e-02 0.000000e+00 2.391979e+03 6.263462e+06 1.000000e+00 1.711635e+05 2.385026e+02
0.000000e+00 0.000000e+00 7.495166e-05 1.256556e-08 1.536037e-01 3.921900e+02 1.311360e-02 0.000000e+00 1.031935e+04 3.066906e+02 1.515915e-05 2.087124e-02 6.947618e-05 7.843178e-02 0.000000e+00 2.445648e+03 5.435172e+06 1.000000e+00 1.679659e+05 2.340469e+02
0.000000e+00 0.000000e+00 8.261847e-05 1.350228e-08 1.563614e-01 4.043136e+02 1.531075e-02 0.000000e+00 1.031113e+04 3.038523e+02 1.492872e-05 2.050365e-02 8.223366e-05 9.283372e-02 0.000000e+00 2.481138e+03 4.738141e+06 1.000000e+00 1.648710e+05 2.297344e+02
0.000000e+00 0.000000e+00 9.086583e-05 1.450963e-08 1.591531e-01 4.156973e+02 1.867362e-02 0.000000e+00 1.030442e+04 3.010768e+02 1.470363e-05 2.014551e-02 9.631941e-05 1.087351e-01 0.000000e+00 2.501250e+03 4.147383e+06 1.000000e+00 1.618724e+05 2.255560e+02
0.000000e+00 0.000000e+00 9.973744e-05 1.559290e-08 1.619794e-01 4.264331e+02 2.124152e-02 0.000000e+00 1.029903e+04 2.983592e+02 1.448349e-05 1.979615e-02 1.118210e-04 1.262349e-01 0.000000e+00 2.508231e+03 3.643069e+06 1.000000e+00 1.589630e+05 2.215021e+02
0.000000e+00 0.000000e+00 1.092802e-04 1.675774e-08 1.648407e-01 4.366003e+02 2.462690e-02 0.000000e+00 1.029465e+04 2.956944e+02 1.426789e-05 1.945485e-02 1.288459e-04 1.454544e-01 0.000000e+00 2.503803e+03 3.209295e+06 1.000000e+00 1.561356e+05 2.175624e+02
0.000000e+00 0.000000e+00 1.195446e-04 1.801021e-08 1.677433e-01 4.462626e+02 2.835139e-02 0.000000e+00 1.029147e+04 2.930781e+02 1.405648e-05 1.912105e-02 1.475419e-04 1.665604e-01 0.000000e+00 2.489189e+03 2.833060e+06 1.000000e+00 1.533843e+05 2.137287e+02
0.000000e+00 0.000000e+00 1.305848e-04 1.935683e-08 1.706886e-01 4.554739e+02 3.183379e-02 0.000000e+00 1.028934e+04 2.905068e+02 1.384898e-05 1.879426e-02 1.680987e-04 1.897669e-01 0.000000e+00 2.465159e+03 2.503784e+06 1.000000e+00 1.507041e+05 2.099940e+02
0.000000e+00 0.000000e+00 1.424588e-04 2.080455e-08 1.736713e-01 4.642292e+02 3.640911e-02 0.000000e+00 1.028840e+04 2.879887e+02 1.364605e-05 1.847553e-02 1.907262e-04 2.153112e-01 0.000000e+00 2.431797e+03 2.215343e+06 1.000000e+00 1.481030e+05 2.063696e+02
0.000000e+00 0.000000e+00 1.552292e-04 2.236083e-08 1.766190e-01 4.723383e+02 4.219787e-02 0.000000e+00 1.028853e+04 2.855784e+02 1.345210e-05 1.817167e-02 2.138948e-04 2.414661e-01 0.000000e+00 2.389252e+03 1.974593e+06 1.000000e+00 1.456347e+05 2.029303e+02
0.000000e+00 0.000000e+00 1.689630e-04 2.403371e-08 1.795557e-01 4.799698e+02 4.724278e-02 0.000000e+00 1.028879e+04 2.832383e+02 1.326405e-05 1.787780e-02 2.377534e-04 2.684002e-01 0.000000e+00 2.348725e+03 1.776019e+06 1.000000e+00 1.432581e+05 1.996186e+02
0.000000e+00 0.000000e+00 1.837320e-04 2.583177e-08 1.825564e-01 4.873997e+02 5.324229e-02 0.000000e+00 1.028886e+04 2.809027e+02 1.307666e-05 1.758568e-02 2.637408e-04 2.977375e-01 0.000000e+00 2.309664e+03 1.601165e+06 1.000000e+00 1.409056e+05 1.963406e+02
0.000000e+00 0.000000e+00 1.996134e-04 2.776418e-08 1.856272e-01 4.946416e+02 5.970317e-02 0.000000e+00 1.028891e+04 2.785710e+02 1.288986e-05 1.729524e-02 2.919533e-04 3.295866e-01 0.000000e+00 2.271224e+03 1.446585e+06 1.000000e+00 1.385764e+05 1.930951e+02
0.000000e+00 0.000000e+00 2.166901e-04 2.984078e-08 1.887732e-01 5.017090e+02 6.686821e-02 0.000000e+00 1.028901e+04 2.762420e+02 1.270358e-05 1.700633e-02 3.224935e-04 3.640635e-01 0.000000e+00 2.232793e+03 1.309416e+06 1.000000e+00 1.362692e+05 1.898802e+02
0.000000e+00 0.000000e+00 2.350509e-04 3.207211e-08 1.919998e-01 5.086147e+02 7.477556e-02 0.000000e+00 1.028920e+04 2.739142e+02 1.251771e-05 1.671882e-02 3.554708e-04 4.012916e-01 0.000000e+00 2.193912e+03 1.187271e+06 1.000000e+00 1.339825e+05 1.866938e+02
0.000000e+00 0.000000e+00 2.547909e-04 3.446937e-08 1.953132e-01 5.153711e+02 8.351414e-02 0.000000e+00 1.028955e+04 2.715858e+02 1.233212e-05 1.643251e-02 3.910003e-04 4.414010e-01 0.000000e+00 2.154218e+03 1.078139e+06 1.000000e+00 1.317144e+05 1.835333e+02
0.000000e+00 0.000000e+00 2.760123e-04 3.704462e-08 1.987202e-01 5.219901e+02 9.317132e-02 0.000000e+00 1.029009e+04 2.692548e+02 1.214668e-05 1.614718e-02 4.292049e-04 4.845302e-01 0.000000e+00 2.113402e+03 9.803056e+05 1.000000e+00 1.294632e+05 1.803964e+02
0.000000e+00 0.000000e+00 2.988244e-04 3.981070e-08 2.022283e-01 5.284824e+02 1.038562e-01 0.000000e+00 1.029088e+04 2.669193e+02 1.196123e-05 1.586266e-02 4.702140e-04 5.308256e-01 0.000000e+00 2.071176e+03 8.923061e+05 1.000000e+00 1.272270e+05 1.772805e+02
0.000000e+00 0.000000e+00 3.233445e-04 4.278133e-08 2.058452e-01 5.348583e+02 1.156680e-01 0.000000e+00 1.029194e+04 2.645773e+02 1.177566e-05 1.557872e-02 5.141672e-04 5.804443e-01 0.000000e+00 2.027249e+03 8.128715e+05 1.000000e+00 1.250040e+05 1.741831e+02
0.000000e+00 0.000000e+00 3.496980e-04 4.597112e-08 2.095795e-01 5.411265e+02 1.287623e-01 0.000000e+00 1.029335e+04 2.622270e+02 1.158982e-05 1.529521e-02 5.612215e-04 6.335639e-01 0.000000e+00 1.981322e+03 7.408955e+05 1.000000e+00 1.227928e+05 1.711019e+02
0.000000e+00 0.000000e+00 3.780192e-04 4.939569e-08 2.134404e-01 5.472950e+02 1.431713e-01 0.000000e+00 1.029516e+04 2.598665e+02 1.140360e-05 1.501194e-02 6.115458e-04 6.903752e-01 0.000000e+00 1.933012e+03 6.753982e+05 1.000000e+00 1.205919e+05 1.680350e+02
0.000000e+00 0.000000e+00 4.084520e-04 5.307165e-08 2.174384e-01 5.533704e+02 1.592489e-01 0.000000e+00 1.029749e+04 2.574944e+02 1.121691e-05 1.472880e-02 6.653603e-04 7.511264e-01 0.000000e+00 1.881919e+03 6.155042e+05 1.000000e+00 1.184000e+05 1.649808e+02
0.000000e+00 0.000000e+00 4.411500e-04 5.701670e-08 2.215075e-01 5.592371e+02 1.773745e-01 0.000000e+00 1.030030e+04 2.551516e+02 1.103299e-05 1.445069e-02 7.198850e-04 8.126795e-01 0.000000e+00 1.828148e+03 5.627540e+05 1.000000e+00 1.162549e+05 1.619918e+02
0.000000e+00 0.000000e+00 4.762778e-04 6.124968e-08 2.256460e-01 5.649038e+02 1.975301e-01 0.000000e+00 1.030320e+04 2.528350e+02 1.085156e-05 1.417721e-02 7.741699e-04 8.739618e-01 0.000000e+00 1.775817e+03 5.176296e+05 1.000000e+00 1.141528e+05 1.590627e+02
0.000000e+00 0.000000e+00 5.140110e-04 6.579029e-08 2.299501e-01 5.705126e+02 2.199304e-01 0.000000e+00 1.030606e+04 2.504933e+02 1.066870e-05 1.390243e-02 8.308899e-04 9.379932e-01 0.000000e+00 1.724271e+03 4.772909e+05 1.000000e+00 1.120484e+05 1.561304e+02
0.000000e+00 0.000000e+00 5.545371e-04 7.065990e-08 2.344482e-01 5.760939e+02 2.447318e-01 0.000000e+00 1.030900e+04 2.481159e+02 1.048358e-05 1.362516e-02 8.900510e-04 1.004780e+00 0.000000e+00 1.672764e+03 4.408004e+05 1.000000e+00 1.099321e+05 1.531816e+02
0.000000e+00 0.000000e+00 5.980566e-04 7.588110e-08 2.391596e-01 5.816572e+02 2.724082e-01 0.000000e+00 1.031210e+04 2.456983e+02 1.029589e-05 1.334498e-02 9.513376e-04 1.073967e+00 0.000000e+00 1.620805e+03 4.076822e+05 1.000000e+00 1.078008e+05 1.502117e+02
0.000000e+00 0.000000e+00 6.447829e-04 8.147770e-08 2.441060e-01 5.872085e+02 3.033205e-01 0.000000e+00 1.031542e+04 2.432370e+02 1.010542e-05 1.306160e-02 1.014317e-03 1.145065e+00 0.000000e+00 1.567985e+03 3.775914e+05 1.000000e+00 1.056522e+05 1.472178e+02
0.000000e+00 0.000000e+00 6.949438e-04 8.747493e-08 2.493123e-01 5.927542e+02 3.379083e-01 0.000000e+00 1.031904e+04 2.407275e+02 9.911875e-06 1.277466e-02 1.078453e-03 1.217468e+00 0.000000e+00 1.513936e+03 3.502200e+05 1.000000e+00 1.034838e+05 1.441963e+02
0.000000e+00 0.000000e+00 7.487818e-04 9.389943e-08 2.548075e-01 5.983012e+02 3.766759e-01 0.000000e+00 1.032301e+04 2.381647e+02 9.714941e-06 1.248376e-02 1.143074e-03 1.290418e+00 0.000000e+00 1.458301e+03 3.252904e+05 1.000000e+00 1.012926e+05 1.411430e+02
0.000000e+00 0.000000e+00 8.065551e-04 1.007793e-07 2.606254e-01 6.038572e+02 4.202119e-01 0.000000e+00 1.032743e+04 2.355431e+02 9.514259e-06 1.218844e-02 1.207356e-03 1.362986e+00 0.000000e+00 1.400721e+03 3.025494e+05 1.000000e+00 9.907511e+04 1.380532e+02
0.000000e+00 0.000000e+00 8.685382e-04 1.081441e-07 2.668054e-01 6.094303e+02 4.692028e-01 0.000000e+00 1.033239e+04 2.328560e+02 9.309420e-06 1.188820e-02 1.270307e-03 1.434052e+00 0.000000e+00 1.340820e+03 2.817615e+05 1.000000e+00 9.682775e+04 1.349217e+02
0.000000e+00 0.000000e+00 9.350226e-04 1.160250e-07 2.733940e-01 6.150291e+02 5.244569e-01 0.000000e+00 1.033799e+04 2.300961e+02 9.099964e-06 1.158246e-02 1.330744e-03 1.502279e+00 0.000000e+00 1.278184e+03 2.627026e+05 1.000000e+00 9.454624e+04 1.317426e+02
0.000000e+00 0.000000e+00 1.006318e-03 1.244544e-07 2.804462e-01 6.206625e+02 5.868790e-01 0.000000e+00 1.034435e+04 2.272549e+02 8.885382e-06 1.127058e-02 1.387267e-03 1.566089e+00 0.000000e+00 1.212343e+03 2.451508e+05 1.000000e+00 9.222594e+04 1.285094e+02
0.000000e+00 0.000000e+00 1.082752e-03 1.334666e-07 2.880282e-01 6.263399e+02 6.574722e-01 0.000000e+00 1.035165e+04 2.243232e+02 8.665106e-06 1.095186e-02 1.438245e-03 1.623636e+00 0.000000e+00 1.142724e+03 2.288763e+05 1.000000e+00 8.986177e+04 1.252151e+02
0.000000e+00 0.000000e+00 1.164673e-03 1.430971e-07 2.961417e-01 6.320051e+02 7.381578e-01 0.000000e+00 1.036002e+04 2.213175e+02 8.440540e-06 1.062848e-02 1.478327e-03 1.668886e+00 0.000000e+00 1.068853e+03 2.141033e+05 1.000000e+00 8.746968e+04 1.218820e+02
0.000000e+00 0.000000e+00 1.252447e-03 1.533830e-07 3.048351e-01 6.376431e+02 8.307414e-01 0.000000e+00 1.036930e+04 2.182355e+02 8.211656e-06 1.030050e-02 1.503744e-03 1.697580e+00 0.000000e+00 9.925886e+02 2.011771e+05 1.000000e+00 8.505015e+04 1.185105e+02
0.000000e+00 0.000000e+00 1.346463e-03 1.643629e-07 3.143081e-01 6.433511e+02 9.364136e-01 0.000000e+00 1.037947e+04 2.150254e+02 7.974834e-06 9.962902e-03 1.515411e-03 1.710750e+00 0.000000e+00 9.139135e+02 1.895076e+05 1.000000e+00 8.256609e+04 1.150492e+02
0.000000e+00 0.000000e+00 1.447130e-03 1.760763e-07 3.247251e-01 6.491629e+02 1.057393e+00 0.000000e+00 1.039070e+04 2.116601e+02 7.728359e-06 9.613484e-03 1.511433e-03 1.706260e+00 0.000000e+00 8.322517e+02 1.787677e+05 1.000000e+00 8.000127e+04 1.114753e+02
0.000000e+00 0.000000e+00 1.554879e-03 1.885646e-07 3.362539e-01 6.550869e+02 1.196459e+00 0.000000e+00 1.040317e+04 2.081209e+02 7.471228e-06 9.251106e-03 1.488619e-03 1.680504e+00 0.000000e+00 7.472799e+02 1.687872e+05 1.000000e+00 7.734728e+04 1.077772e+02
0.000000e+00 0.000000e+00 1.670162e-03 2.018674e-07 3.491242e-01 6.611168e+02 1.357246e+00 0.000000e+00 1.041709e+04 2.043886e+02 7.202604e-06 8.875024e-03 1.442732e-03 1.628703e+00 0.000000e+00 6.589843e+02 1.594176e+05 1.000000e+00 7.459869e+04 1.039473e+02
0.000000e+00 0.000000e+00 1.793453e-03 2.160281e-07 3.635807e-01 6.672590e+02 1.543341e+00 0.000000e+00 1.043253e+04 2.004391e+02 6.921268e-06 8.483884e-03 1.370876e-03 1.547584e+00 0.000000e+00 5.676031e+02 1.504020e+05 1.000000e+00 7.174497e+04 9.997088e+01
0.000000e+00 0.000000e+00 1.925250e-03 2.310914e-07 3.799601e-01 6.735242e+02 1.760607e+00 0.000000e+00 1.044926e+04 1.962368e+02 6.625390e-06 8.075590e-03 1.263104e-03 1.425920e+00 0.000000e+00 4.736360e+02 1.414343e+05 1.000000e+00 6.877007e+04 9.582555e+01
0.000000e+00 0.000000e+00 2.066071e-03 2.471013e-07 3.994338e-01 6.801251e+02 2.034053e+00 0.000000e+00 1.046856e+04 1.915866e+02 6.302435e-06 7.633670e-03 1.050797e-03 1.186247e+00 0.000000e+00 3.732536e+02 1.313925e+05 1.000000e+00 6.555286e+04 9.134263e+01
0.000000e+00 0.000000e+00 2.216457e-03 2.641018e-07 4.259713e-01 6.877828e+02 2.409386e+00 0.000000e+00 1.049912e+04 1.858370e+02 5.910200e-06 7.102455e-03 6.838880e-04 7.720423e-01 0.000000e+00 2.510251e+02 1.160136e+05 1.000000e+00 6.168582e+04 8.595422e+01
0.000000e+00 0.000000e+00 2.376967e-03 2.821364e-07 4.640033e-01 6.966582e+02 2.835977e+00 0.000000e+00 1.054155e+04 1.784567e+02 5.418426e-06 6.444809e-03 3.354244e-04 3.786612e-01 0.000000e+00 1.109891e+02 8.894442e+04 1.000000e+00 5.689214e+04 7.927462e+01
0.000000e+00 0.000000e+00 2.548183e-03 3.012484e-07 5.006196e-01 7.035602e+02 3.212288e+00 0.000000e+00 1.055944e+04 1.718682e+02 4.989675e-06 5.878308e-03 1.233245e-04 1.392212e-01 0.000000e+00 2.400389e+01 6.088471e+04 1.000000e+00 5.275275e+04 7.350672e+01
0.000000e+00 0.000000e+00 2.730705e-03 3.214799e-07 5.156505e-01 7.058668e+02 3.449961e+00 0.000000e+00 1.056227e+04 1.693431e+02 4.828697e-06 5.667706e-03 3.296189e-05 3.721073e-02 0.000000e+00 3.273172e+00 5.022839e+04 1.000000e+00 5.120929e+04 7.135603e+01
0.000000e+00 0.000000e+00 2.925148e-03 3.428708e-07 5.182773e-01 7.062603e+02 3.492770e+00 0.000000e+00 1.055974e+04 1.688922e+02 4.800202e-06 5.630575e-03 4.702149e-06 5.308264e-03 0.000000e+00 4.414855e-01 4.856055e+04 1.000000e+00 5.093676e+04 7.097627e+01
0.000000e+00 0.000000e+00 3.132143e-03 3.654591e-07 5.185239e-01 7.063146e+02 3.528353e+00 0.000000e+00 1.055722e+04 1.688319e+02 4.796396e-06 5.625619e-03 1.537078e-06 1.735210e-03 0.000000e+00 1.434148e-01 4.837725e+04 1.000000e+00 5.090037e+04 7.092557e+01
0.000000e+00 0.000000e+00 3.352333e-03 3.892796e-07 5.184566e-01 7.063305e+02 3.573068e+00 0.000000e+00 1.055397e+04 1.688168e+02 4.795445e-06 5.624381e-03 1.244572e-06 1.405000e-03 0.000000e+00 1.160830e-01 4.835720e+04 1.000000e+00 5.089129e+04 7.091291e+01
0.000000e+00 0.000000e+00 3.586371e-03 4.143635e-07 5.183462e-01 7.063436e+02 3.622131e+00 0.000000e+00 1.055031e+04 1.688055e+02 4.794734e-06 5.623456e-03 1.219253e-06 1.376417e-03 0.000000e+00 1.137389e-01 4.835430e+04 1.000000e+00 5.088449e+04 7.090344e+01
0.000000e+00 0.000000e+00 3.834914e-03 4.407372e-07 5.182193e-01 7.063570e+02 3.671955e+00 0.000000e+00 1.054632e+04 1.687942e+02 4.794021e-06 5.622527e-03 1.216957e-06 1.373825e-03 0.000000e+00 1.135488e-01 4.835273e+04 1.000000e+00 5.087767e+04 7.089394e+01
0.000000e+00 0.000000e+00 4.098620e-03 4.684219e-07 5.180867e-01 7.063707e+02 3.722079e+00 0.000000e+00 1.054217e+04 1.687826e+02 4.793291e-06 5.621577e-03 1.216350e-06 1.373140e-03 0.000000e+00 1.135169e-01 4.835086e+04 1.000000e+00 5.087069e+04 7.088421e+01
0.000000e+00 0.000000e+00 4.378143e-03 4.974318e-07 5.179559e-01 7.063840e+02 3.770318e+00 0.000000e+00 1.053809e+04 1.687713e+02 4.792571e-06 5.620639e-03 1.215852e-06 1.372577e-03 0.000000e+00 1.134943e-01 4.834890e+04 1.000000e+00 5.086381e+04 7.087462e+01
0.000000e+00 0.000000e+00 4.674129e-03 5.277742e-07 5.178316e-01 7.063969e+02 3.815063e+00 0.000000e+00 1.053421e+04 1.687605e+02 4.791892e-06 5.619756e-03 1.215376e-06 1.372040e-03 0.000000e+00 1.134731e-01 4.834716e+04 1.000000e+00 5.085732e+04 7.086558e+01
0.000000e+00 0.000000e+00 4.987206e-03 5.594477e-07 5.177179e-01 7.064085e+02 3.856201e+00 0.000000e+00 1.053069e+04 1.687508e+02 4.791281e-06 5.618961e-03 1.214955e-06 1.371565e-03 0.000000e+00 1.134562e-01 4.834609e+04 1.000000e+00 5.085148e+04 7.085744e+01
0.000000e+00 0.000000e+00 5.317983e-03 5.924414e-07 5.176145e-01 7.064185e+02 3.893075e+00 0.000000e+00 1.052750e+04 1.687421e+02 4.790732e-06 5.618246e-03 1.214594e-06 1.371157e-03 0.000000e+00 1.134439e-01 4.834557e+04 1.000000e+00 5.084623e+04 7.085013e+01
0.000000e+00 0.000000e+00 5.667036e-03 6.267337e-07 5.175284e-01 7.064268e+02 3.927713e+00 0.000000e+00 1.052483e+04 1.687347e+02 4.790268e-06 5.617642e-03 1.214307e-06 1.370833e-03 0.000000e+00 1.134369e-01 4.834595e+04 1.000000e+00 5.084180e+04 7.084395e+01
0.000000e+00 0.000000e+00 6.034904e-03 6.622917e-07 5.174533e-01 7.064343e+02 3.958180e+00 0.000000e+00 1.052250e+04 1.687283e+02 4.789863e-06 5.617114e-03 1.214048e-06 1.370541e-03 0.000000e+00 1.134310e-01 4.834670e+04 1.000000e+00 5.083792e+04 7.083855e+01
0.000000e+00 0.000000e+00 6.422077e-03 6.990694e-07 5.174021e-01 7.064399e+02 3.987660e+00 0.000000e+00 1.052087e+04 1.687236e+02 4.789568e-06 5.616730e-03 1.213904e-06 1.370378e-03 0.000000e+00 1.134342e-01 4.834903e+04 1.000000e+00 5.083510e+04 7.083462e+01
0.000000e+00 0.000000e+00 6.828992e-03 7.370075e-07 5.173702e-01 7.064433e+02 4.013130e+00 0.000000e+00 1.051983e+04 1.687204e+02 4.789367e-06 5.616469e-03 1.213787e-06 1.370247e-03 0.000000e+00 1.134357e-01 4.835132e+04 1.000000e+00 5.083318e+04 7.083195e+01
0.000000e+00 0.000000e+00 7.256017e-03 7.760325e-07 5.173563e-01 7.064461e+02 4.034437e+00 0.000000e+00 1.051931e+04 1.687186e+02 4.789248e-06 5.616314e-03 1.213731e-06 1.370184e-03 0.000000e+00 1.134428e-01 4.835530e+04 1.000000e+00 5.083204e+04 7.083036e+01
0.000000e+00 0.000000e+00 7.703445e-03 8.160557e-07 5.173533e-01 7.064468e+02 4.051562e+00 0.000000e+00 1.051912e+04 1.687175e+02 4.789183e-06 5.616229e-03 1.213726e-06 1.370177e-03 0.000000e+00 1.134519e-01 4.835910e+04 1.000000e+00 5.083143e+04 7.082949e+01
0.000000e+00 0.000000e+00 8.171483e-03 8.569733e-07 5.173592e-01 7.064479e+02 4.062931e+00 0.000000e+00 1.051920e+04 1.687171e+02 4.789161e-06 5.616202e-03 1.213791e-06 1.370252e-03 0.000000e+00 1.134694e-01 4.836449e+04 1.000000e+00 5.083122e+04 7.082921e+01
0.000000e+00 0.000000e+00 8.660240e-03 8.986656e-07 5.173836e-01 7.064466e+02 4.067640e+00 0.000000e+00 1.051983e+04 1.687182e+02 4.789225e-06 5.616285e-03 1.213871e-06 1.370341e-03 0.000000e+00 1.134836e-01 4.836967e+04 1.000000e+00 5.083183e+04 7.083006e+01
0.000000e+00 0.000000e+00 9.169722e-03 9.409981e-07 5.174260e-01 7.064442e+02 4.066638e+00 0.000000e+00 1.052096e+04 1.687204e+02 4.789366e-06 5.616467e-03 1.214005e-06 1.370493e-03 0.000000e+00 1.135015e-01 4.837588e+04 1.000000e+00 5.083317e+04 7.083193e+01
0.000000e+00 0.000000e+00 9.699815e-03 9.838207e-07 5.174826e-01 7.064395e+02 4.063735e+00 0.000000e+00 1.052251e+04 1.687236e+02 4.789562e-06 5.616723e-03 1.214192e-06 1.370704e-03 0.000000e+00 1.135226e-01 4.838274e+04 1.000000e+00 5.083505e+04 7.083455e+01
0.000000e+00 0.000000e+00 1.025028e-02 1.026969e-06 5.175493e-01 7.064349e+02 4.059733e+00 0.000000e+00 1.052437e+04 1.687276e+02 4.789819e-06 5.617058e-03 1.214422e-06 1.370963e-03 0.000000e+00 1.135468e-01 4.839019e+04 1.000000e+00 5.083751e+04 7.083797e+01
0.000000e+00 0.000000e+00 1.082076e-02 1.070267e-06 5.176344e-01 7.064286e+02 4.053191e+00 0.000000e+00 1.052673e+04 1.687327e+02 4.790140e-06 5.617474e-03 1.214703e-06 1.371281e-03 0.000000e+00 1.135733e-01 4.839819e+04 1.000000e+00 5.084057e+04 7.084224e+01
0.000000e+00 0.000000e+00 1.141074e-02 1.113526e-06 5.177195e-01 7.064220e+02 4.046501e+00 0.000000e+00 1.052913e+04 1.687380e+02 4.790477e-06 5.617914e-03 1.214992e-06 1.371607e-03 0.000000e+00 1.136010e-01 4.840644e+04 1.000000e+00 5.084380e+04 7.084674e+01
0.000000e+00 0.000000e+00 1.201956e-02 1.156547e-06 5.177997e-01 7.064165e+02 4.040732e+00 0.000000e+00 1.053136e+04 1.687428e+02 4.790780e-06 5.618308e-03 1.215301e-06 1.371955e-03 0.000000e+00 1.136346e-01 4.841598e+04 1.000000e+00 5.084669e+04 7.085076e+01
0.000000e+00 0.000000e+00 1.264644e-02 1.199127e-06 5.178759e-01 7.064112e+02 4.036951e+00 0.000000e+00 1.053350e+04 1.687476e+02 4.791080e-06 5.618697e-03 1.215566e-06 1.372255e-03 0.000000e+00 1.136624e-01 4.842438e+04 1.000000e+00 5.084955e+04 7.085475e+01
0.000000e+00 0.000000e+00 1.329042e-02 1.241057e-06 5.179516e-01 7.064054e+02 4.035174e+00 0.000000e+00 1.053564e+04 1.687524e+02 4.791381e-06 5.619090e-03 1.215817e-06 1.372538e-03 0.000000e+00 1.136886e-01 4.843259e+04 1.000000e+00 5.085243e+04 7.085877e+01
0.000000e+00 0.000000e+00 1.395042e-02 1.282127e-06 5.180291e-01 7.063995e+02 4.034929e+00 0.000000e+00 1.053782e+04 1.687572e+02 4.791685e-06 5.619486e-03 1.216084e-06 1.372839e-03 0.000000e+00 1.137158e-01 4.844083e+04 1.000000e+00 5.085533e+04 7.086281e+01
0.000000e+00 0.000000e+00 1.462520e-02 1.322130e-06 5.181044e-01 7.063941e+02 4.036370e+00 0.000000e+00 1.053994e+04 1.687620e+02 4.791984e-06 5.619876e-03 1.216325e-06 1.373111e-03 0.000000e+00 1.137400e-01 4.844858e+04 1.000000e+00 5.085820e+04 7.086681e+01
0.000000e+00 0.000000e+00 1.531339e-02 1.360864e-06 5.181767e-01 7.063885e+02 4.039559e+00 0.000000e+00 1.054198e+04 1.687665e+02 4.792270e-06 5.620247e-03 1.216591e-06 1.373411e-03 0.000000e+00 1.137708e-01 4.845787e+04 1.000000e+00 5.086093e+04 7.087061e+01
0.000000e+00 0.000000e+00 1.601349e-02 1.398139e-06 5.182495e-01 7.063827e+02 4.043879e+00 0.000000e+00 1.054403e+04 1.687710e+02 4.792558e-06 5.620622e-03 1.216906e-06 1.373768e-03 0.000000e+00 1.138095e-01 4.846855e+04 1.000000e+00 5.086368e+04 7.087445e+01
0.000000e+00 0.000000e+00 1.672388e-02 1.433778e-06 5.183243e-01 7.063770e+02 4.049050e+00 0.000000e+00 1.054616e+04 1.687759e+02 4.792862e-06 5.621018e-03 1.217236e-06 1.374140e-03 0.000000e+00 1.138489e-01 4.847923e+04 1.000000e+00 5.086659e+04 7.087850e+01
0.000000e+00 0.000000e+00 1.744284e-02 1.467618e-06 5.183990e-01 7.063712e+02 4.055813e+00 0.000000e+00 1.054827e+04 1.687806e+02 4.793162e-06 5.621409e-03 1.217555e-06 1.374500e-03 0.000000e+00 1.138882e-01 4.849023e+04 1.000000e+00 5.086946e+04 7.088249e+01
0.000000e+00 0.000000e+00 1.816857e-02 1.499521e-06 5.184722e-01 7.063653e+02 4.064508e+00 0.000000e+00 1.055031e+04 1.687850e+02 4.793443e-06 5.621774e-03 1.217735e-06 1.374703e-03 0.000000e+00 1.139042e-01 4.849673e+04 1.000000e+00 5.087214e+04 7.088623e+01
0.000000e+00 0.000000e+00 1.889917e-02 1.529057e-06 5.185422e-01 7.063598e+02 4.074340e+00 0.000000e+00 1.055238e+04 1.687902e+02 4.793766e-06 5.622195e-03 1.217945e-06 1.374940e-03 0.000000e+00 1.139255e-01 4.850400e+04 1.000000e+00 5.087523e+04 7.089054e+01
0.000000e+00 0.000000e+00 1.963273e-02 1.556248e-06 5.186189e-01 7.063543e+02 4.085361e+00 0.000000e+00 1.055451e+04 1.687948e+02 4.794054e-06 5.622570e-03 1.218262e-06 1.375298e-03 0.000000e+00 1.139641e-01 4.851496e+04 1.000000e+00 5.087799e+04 7.089438e+01
