# Variables: 1:pos.x 2:pos.y 3:pos.z 4:volume 5:rho 6:vel.x 7:vel.y 8:vel.z 9:p 10:a 11:mu 12:k[0] 13:mu_t 14:k_t 15:S 16:tke 17:omega 18:massf[0]-air 19:e[0] 20:T[0] 21:M_local 22:pitot_p
 3.665705e-01 1.284155e-02 0.000000e+00 3.405481e-05 1.768714e-01 7.129771e+02 2.549337e-01 0.000000e+00 3.154500e+03 1.580158e+02 4.132156e-06 4.770603e-03 3.449464e-06 3.894106e-03 0.000000e+00 2.223972e+01 1.140342e+06 1.000000e+00 4.458748e+04 6.212906e+01 4.512063e+00 8.415769e+04
 3.665705e-01 1.845903e-02 0.000000e+00 3.395884e-05 1.767481e-01 7.130109e+02 3.753976e-01 0.000000e+00 3.151421e+03 1.579937e+02 4.130840e-06 4.768928e-03 3.001570e-06 3.388478e-03 0.000000e+00 8.309178e+00 4.892878e+05 1.000000e+00 4.457503e+04 6.211172e+01 4.512907e+00 8.410644e+04
 3.665705e-01 2.405281e-02 0.000000e+00 3.376800e-05 1.766799e-01 7.130292e+02 4.424561e-01 0.000000e+00 3.149717e+03 1.579815e+02 4.130111e-06 4.768002e-03 2.666037e-06 3.009693e-03 0.000000e+00 4.339772e+00 2.875993e+05 1.000000e+00 4.456814e+04 6.210212e+01 4.513372e+00 8.407798e+04
 3.665705e-01 2.960741e-02 0.000000e+00 3.348442e-05 1.766767e-01 7.130315e+02 4.489340e-01 0.000000e+00 3.149640e+03 1.579810e+02 4.130078e-06 4.767959e-03 2.426101e-06 2.738829e-03 0.000000e+00 2.665679e+00 1.941236e+05 1.000000e+00 4.456783e+04 6.210168e+01 4.513402e+00 8.407701e+04
 3.665704e-01 3.510777e-02 0.000000e+00 3.311126e-05 1.767431e-01 7.130192e+02 3.918293e-01 0.000000e+00 3.151296e+03 1.579928e+02 4.130786e-06 4.768860e-03 2.244692e-06 2.534036e-03 0.000000e+00 1.835515e+00 1.445252e+05 1.000000e+00 4.457452e+04 6.211101e+01 4.512985e+00 8.410595e+04
 3.665704e-01 4.053943e-02 0.000000e+00 3.265260e-05 1.769877e-01 7.129716e+02 1.794598e-01 0.000000e+00 3.157407e+03 1.580366e+02 4.133401e-06 4.772186e-03 2.104905e-06 2.376231e-03 0.000000e+00 1.361312e+00 1.144639e+05 1.000000e+00 4.459925e+04 6.214546e+01 4.511432e+00 8.421210e+04
 3.665704e-01 4.588867e-02 0.000000e+00 3.211336e-05 1.771084e-01 7.129487e+02 7.531565e-02 0.000000e+00 3.160420e+03 1.580581e+02 4.134683e-06 4.773818e-03 1.990706e-06 2.247311e-03 0.000000e+00 1.063803e+00 9.464408e+04 1.000000e+00 4.461138e+04 6.216236e+01 4.510674e+00 8.426462e+04
 3.665704e-01 5.114264e-02 0.000000e+00 3.149919e-05 1.771265e-01 7.129456e+02 6.036275e-02 0.000000e+00 3.160868e+03 1.580612e+02 4.134870e-06 4.774056e-03 1.895409e-06 2.139731e-03 0.000000e+00 8.640126e-01 8.074223e+04 1.000000e+00 4.461314e+04 6.216482e+01 4.510565e+00 8.427258e+04
 3.665704e-01 5.628949e-02 0.000000e+00 3.081637e-05 1.771560e-01 7.129389e+02 3.311189e-02 0.000000e+00 3.161657e+03 1.580678e+02 4.135262e-06 4.774555e-03 1.814832e-06 2.048767e-03 0.000000e+00 7.225447e-01 7.053169e+04 1.000000e+00 4.461685e+04 6.216999e+01 4.510335e+00 8.428517e+04
 3.665703e-01 6.131844e-02 0.000000e+00 3.007162e-05 1.773116e-01 7.129022e+02 -1.111906e-01 0.000000e+00 3.165778e+03 1.581014e+02 4.137266e-06 4.777104e-03 1.746817e-06 1.971984e-03 0.000000e+00 6.183307e-01 6.276402e+04 1.000000e+00 4.463580e+04 6.219639e+01 4.509146e+00 8.435133e+04
 3.665703e-01 6.621983e-02 0.000000e+00 2.927202e-05 1.779925e-01 7.127505e+02 -7.276233e-01 0.000000e+00 3.183435e+03 1.582381e+02 4.145434e-06 4.787499e-03 1.694427e-06 1.912842e-03 0.000000e+00 5.400472e-01 5.672971e+04 1.000000e+00 4.471304e+04 6.230402e+01 4.504293e+00 8.464254e+04
 3.665702e-01 7.098520e-02 0.000000e+00 2.842488e-05 1.803883e-01 7.122381e+02 -2.843993e+00 0.000000e+00 3.244887e+03 1.586936e+02 4.172689e-06 4.822205e-03 1.669754e-06 1.884988e-03 0.000000e+00 4.812942e-01 5.199560e+04 1.000000e+00 4.497085e+04 6.266325e+01 4.488168e+00 8.567074e+04
 3.665702e-01 7.560733e-02 0.000000e+00 2.753757e-05 1.831429e-01 7.117047e+02 -5.176347e+00 0.000000e+00 3.313933e+03 1.591625e+02 4.200814e-06 4.858055e-03 1.650548e-06 1.863307e-03 0.000000e+00 4.330999e-01 4.805627e+04 1.000000e+00 4.523698e+04 6.303409e+01 4.471678e+00 8.686340e+04
 3.665702e-01 8.008017e-02 0.000000e+00 2.661742e-05 1.839487e-01 7.115840e+02 -5.789681e+00 0.000000e+00 3.332864e+03 1.592665e+02 4.207060e-06 4.866022e-03 1.611457e-06 1.819176e-03 0.000000e+00 3.910888e-01 4.464301e+04 1.000000e+00 4.529610e+04 6.311647e+01 4.468031e+00 8.721973e+04
 3.665701e-01 8.439889e-02 0.000000e+00 2.567163e-05 1.840217e-01 7.115866e+02 -5.809021e+00 0.000000e+00 3.333948e+03 1.592608e+02 4.206719e-06 4.865587e-03 1.569090e-06 1.771348e-03 0.000000e+00 3.557412e-01 4.172105e+04 1.000000e+00 4.529287e+04 6.311197e+01 4.468207e+00 8.725486e+04
 3.665701e-01 8.855984e-02 0.000000e+00 2.470716e-05 1.836829e-01 7.116582e+02 -5.530953e+00 0.000000e+00 3.325346e+03 1.592019e+02 4.203177e-06 4.861069e-03 1.528264e-06 1.725260e-03 0.000000e+00 3.262641e-01 3.921385e+04 1.000000e+00 4.525934e+04 6.306525e+01 4.470297e+00 8.710972e+04
 3.665700e-01 9.256048e-02 0.000000e+00 2.373063e-05 1.832291e-01 7.117379e+02 -5.172195e+00 0.000000e+00 3.314391e+03 1.591361e+02 4.199227e-06 4.856032e-03 1.488410e-06 1.680269e-03 0.000000e+00 3.010832e-01 3.706452e+04 1.000000e+00 4.522197e+04 6.301317e+01 4.472628e+00 8.691169e+04
 3.665699e-01 9.639932e-02 0.000000e+00 2.274827e-05 1.829939e-01 7.117884e+02 -4.972671e+00 0.000000e+00 3.308203e+03 1.590896e+02 4.196436e-06 4.852473e-03 1.448315e-06 1.635005e-03 0.000000e+00 2.787878e-01 3.522470e+04 1.000000e+00 4.519555e+04 6.297636e+01 4.474244e+00 8.681096e+04
 3.665699e-01 1.000759e-01 0.000000e+00 2.176588e-05 1.828044e-01 7.118270e+02 -4.810349e+00 0.000000e+00 3.303431e+03 1.590572e+02 4.194489e-06 4.849990e-03 1.411400e-06 1.593332e-03 0.000000e+00 2.599542e-01 3.366925e+04 1.000000e+00 4.517713e+04 6.295069e+01 4.475392e+00 8.672943e+04
 3.665698e-01 1.035906e-01 0.000000e+00 2.078876e-05 1.826439e-01 7.118542e+02 -4.680054e+00 0.000000e+00 3.299594e+03 1.590346e+02 4.193134e-06 4.848262e-03 1.385518e-06 1.564114e-03 0.000000e+00 2.451142e-01 3.231183e+04 1.000000e+00 4.516430e+04 6.293281e+01 4.476193e+00 8.665915e+04
 3.665698e-01 1.069448e-01 0.000000e+00 1.982171e-05 1.825382e-01 7.118790e+02 -4.578786e+00 0.000000e+00 3.296814e+03 1.590136e+02 4.191876e-06 4.846658e-03 1.368501e-06 1.544903e-03 0.000000e+00 2.328096e-01 3.105343e+04 1.000000e+00 4.515239e+04 6.291622e+01 4.476935e+00 8.661433e+04
 3.665697e-01 1.101404e-01 0.000000e+00 1.886901e-05 1.824562e-01 7.118999e+02 -4.495597e+00 0.000000e+00 3.294601e+03 1.589960e+02 4.190815e-06 4.845306e-03 1.347769e-06 1.521499e-03 0.000000e+00 2.206166e-01 2.986628e+04 1.000000e+00 4.514236e+04 6.290224e+01 4.477561e+00 8.657996e+04
 3.665696e-01 1.131801e-01 0.000000e+00 1.793441e-05 1.823879e-01 7.119118e+02 -4.427453e+00 0.000000e+00 3.292928e+03 1.589854e+02 4.190180e-06 4.844496e-03 1.309517e-06 1.478317e-03 0.000000e+00 2.072025e-01 2.885890e+04 1.000000e+00 4.513635e+04 6.289386e+01 4.477931e+00 8.655006e+04
 3.665695e-01 1.160672e-01 0.000000e+00 1.702117e-05 1.823319e-01 7.119222e+02 -4.374396e+00 0.000000e+00 3.291583e+03 1.589773e+02 4.189695e-06 4.843878e-03 1.260321e-06 1.422779e-03 0.000000e+00 1.945504e-01 2.814579e+04 1.000000e+00 4.513175e+04 6.288746e+01 4.478222e+00 8.652574e+04
 3.665695e-01 1.188054e-01 0.000000e+00 1.613203e-05 1.822807e-01 7.119363e+02 -4.332200e+00 0.000000e+00 3.290272e+03 1.589679e+02 4.189133e-06 4.843161e-03 1.221695e-06 1.379174e-03 0.000000e+00 1.858062e-01 2.772288e+04 1.000000e+00 4.512644e+04 6.288005e+01 4.478573e+00 8.650460e+04
 3.665694e-01 1.213989e-01 0.000000e+00 1.526928e-05 1.822258e-01 7.119499e+02 -4.299025e+00 0.000000e+00 3.288877e+03 1.589582e+02 4.188548e-06 4.842416e-03 1.197299e-06 1.351633e-03 0.000000e+00 1.806051e-01 2.748763e+04 1.000000e+00 4.512090e+04 6.287235e+01 4.478932e+00 8.648153e+04
 3.665693e-01 1.238523e-01 0.000000e+00 1.443474e-05 1.821688e-01 7.119609e+02 -4.273879e+00 0.000000e+00 3.287464e+03 1.589489e+02 4.187990e-06 4.841704e-03 1.183705e-06 1.336286e-03 0.000000e+00 1.778183e-01 2.736575e+04 1.000000e+00 4.511562e+04 6.286498e+01 4.479262e+00 8.645690e+04
 3.665692e-01 1.261702e-01 0.000000e+00 1.362984e-05 1.821167e-01 7.119721e+02 -4.253334e+00 0.000000e+00 3.286116e+03 1.589390e+02 4.187399e-06 4.840951e-03 1.177246e-06 1.328995e-03 0.000000e+00 1.765249e-01 2.730793e+04 1.000000e+00 4.511003e+04 6.285719e+01 4.479610e+00 8.643463e+04
 3.665691e-01 1.283577e-01 0.000000e+00 1.285563e-05 1.820679e-01 7.119847e+02 -4.227827e+00 0.000000e+00 3.284798e+03 1.589284e+02 4.186764e-06 4.840141e-03 1.174371e-06 1.325750e-03 0.000000e+00 1.759630e-01 2.728032e+04 1.000000e+00 4.510402e+04 6.284882e+01 4.479986e+00 8.641423e+04
 3.665690e-01 1.304199e-01 0.000000e+00 1.211279e-05 1.820143e-01 7.119973e+02 -4.192748e+00 0.000000e+00 3.283396e+03 1.589179e+02 4.186132e-06 4.839336e-03 1.172839e-06 1.324021e-03 0.000000e+00 1.756826e-01 2.726438e+04 1.000000e+00 4.509804e+04 6.284048e+01 4.480361e+00 8.639152e+04
 3.665689e-01 1.323621e-01 0.000000e+00 1.140173e-05 1.819769e-01 7.120052e+02 -4.158888e+00 0.000000e+00 3.282442e+03 1.589112e+02 4.185728e-06 4.838821e-03 1.172030e-06 1.323107e-03 0.000000e+00 1.755246e-01 2.725308e+04 1.000000e+00 4.509422e+04 6.283516e+01 4.480600e+00 8.637546e+04
 3.665689e-01 1.341894e-01 0.000000e+00 1.072257e-05 1.819630e-01 7.120059e+02 -4.131224e+00 0.000000e+00 3.282166e+03 1.589105e+02 4.185689e-06 4.838772e-03 1.171753e-06 1.322794e-03 0.000000e+00 1.754436e-01 2.724487e+04 1.000000e+00 4.509385e+04 6.283465e+01 4.480621e+00 8.636901e+04
 3.665688e-01 1.359071e-01 0.000000e+00 1.007517e-05 1.819687e-01 7.120043e+02 -4.108448e+00 0.000000e+00 3.282337e+03 1.589122e+02 4.185789e-06 4.838899e-03 1.171782e-06 1.322827e-03 0.000000e+00 1.754069e-01 2.723934e+04 1.000000e+00 4.509480e+04 6.283597e+01 4.480564e+00 8.637133e+04
 3.665687e-01 1.375205e-01 0.000000e+00 9.459224e-06 1.819811e-01 7.120012e+02 -4.086311e+00 0.000000e+00 3.282678e+03 1.589151e+02 4.185960e-06 4.839117e-03 1.171874e-06 1.322931e-03 0.000000e+00 1.753776e-01 2.723450e+04 1.000000e+00 4.509642e+04 6.283823e+01 4.480462e+00 8.637646e+04
 3.665686e-01 1.390347e-01 0.000000e+00 8.874215e-06 1.819836e-01 7.119986e+02 -4.056670e+00 0.000000e+00 3.282813e+03 1.589172e+02 4.186090e-06 4.839283e-03 1.171878e-06 1.322935e-03 0.000000e+00 1.753450e-01 2.722972e+04 1.000000e+00 4.509764e+04 6.283994e+01 4.480384e+00 8.637705e+04
 3.665685e-01 1.404548e-01 0.000000e+00 8.319495e-06 1.819740e-01 7.119993e+02 -4.025188e+00 0.000000e+00 3.282617e+03 1.589167e+02 4.186057e-06 4.839240e-03 1.171762e-06 1.322804e-03 0.000000e+00 1.753027e-01 2.722442e+04 1.000000e+00 4.509733e+04 6.283950e+01 4.480403e+00 8.637261e+04
 3.665684e-01 1.417857e-01 0.000000e+00 7.794290e-06 1.819427e-01 7.120033e+02 -3.983699e+00 0.000000e+00 3.281907e+03 1.589131e+02 4.185845e-06 4.838970e-03 1.171453e-06 1.322455e-03 0.000000e+00 1.752461e-01 2.721813e+04 1.000000e+00 4.509532e+04 6.283670e+01 4.480526e+00 8.635859e+04
 3.665683e-01 1.430322e-01 0.000000e+00 7.297729e-06 1.819024e-01 7.120091e+02 -3.945720e+00 0.000000e+00 3.280966e+03 1.589080e+02 4.185535e-06 4.838575e-03 1.171093e-06 1.322049e-03 0.000000e+00 1.751909e-01 2.721189e+04 1.000000e+00 4.509239e+04 6.283262e+01 4.480707e+00 8.634068e+04
 3.665681e-01 1.441989e-01 0.000000e+00 6.828861e-06 1.818652e-01 7.120143e+02 -3.919728e+00 0.000000e+00 3.280103e+03 1.589033e+02 4.185257e-06 4.838220e-03 1.170784e-06 1.321700e-03 0.000000e+00 1.751439e-01 2.720620e+04 1.000000e+00 4.508976e+04 6.282894e+01 4.480870e+00 8.632413e+04
 3.665680e-01 1.452904e-01 0.000000e+00 6.386679e-06 1.818288e-01 7.120199e+02 -3.909537e+00 0.000000e+00 3.279253e+03 1.588986e+02 4.184975e-06 4.837861e-03 1.170520e-06 1.321402e-03 0.000000e+00 1.751069e-01 2.720114e+04 1.000000e+00 4.508709e+04 6.282523e+01 4.481037e+00 8.630809e+04
 3.665679e-01 1.463110e-01 0.000000e+00 5.970134e-06 1.817994e-01 7.120221e+02 -3.906328e+00 0.000000e+00 3.278649e+03 1.588968e+02 4.184869e-06 4.837726e-03 1.170320e-06 1.321177e-03 0.000000e+00 1.750770e-01 2.719674e+04 1.000000e+00 4.508609e+04 6.282383e+01 4.481101e+00 8.629460e+04
 3.665678e-01 1.472648e-01 0.000000e+00 5.578151e-06 1.817711e-01 7.120243e+02 -3.910895e+00 0.000000e+00 3.278074e+03 1.588953e+02 4.184775e-06 4.837606e-03 1.170138e-06 1.320971e-03 0.000000e+00 1.750510e-01 2.719270e+04 1.000000e+00 4.508520e+04 6.282259e+01 4.481159e+00 8.628168e+04
 3.665677e-01 1.481558e-01 0.000000e+00 5.209640e-06 1.817542e-01 7.120243e+02 -3.922609e+00 0.000000e+00 3.277777e+03 1.588954e+02 4.184785e-06 4.837619e-03 1.170046e-06 1.320867e-03 0.000000e+00 1.750284e-01 2.718879e+04 1.000000e+00 4.508529e+04 6.282272e+01 4.481155e+00 8.627370e+04
 3.665676e-01 1.489878e-01 0.000000e+00 4.863508e-06 1.817399e-01 7.120227e+02 -3.941184e+00 0.000000e+00 3.277576e+03 1.588968e+02 4.184867e-06 4.837724e-03 1.170042e-06 1.320862e-03 0.000000e+00 1.750226e-01 2.718586e+04 1.000000e+00 4.508607e+04 6.282381e+01 4.481107e+00 8.626659e+04
 3.665675e-01 1.497643e-01 0.000000e+00 4.538668e-06 1.817280e-01 7.120212e+02 -3.959967e+00 0.000000e+00 3.277419e+03 1.588982e+02 4.184952e-06 4.837832e-03 1.170039e-06 1.320860e-03 0.000000e+00 1.750161e-01 2.718313e+04 1.000000e+00 4.508688e+04 6.282493e+01 4.481058e+00 8.626059e+04
 3.665673e-01 1.504889e-01 0.000000e+00 4.234049e-06 1.817167e-01 7.120189e+02 -3.977681e+00 0.000000e+00 3.277308e+03 1.589005e+02 4.185087e-06 4.838004e-03 1.169977e-06 1.320789e-03 0.000000e+00 1.749971e-01 2.717995e+04 1.000000e+00 4.508815e+04 6.282671e+01 4.480981e+00 8.625477e+04
 3.665672e-01 1.511647e-01 0.000000e+00 3.948597e-06 1.817054e-01 7.120154e+02 -3.991616e+00 0.000000e+00 3.277233e+03 1.589036e+02 4.185275e-06 4.838244e-03 1.169955e-06 1.320765e-03 0.000000e+00 1.749908e-01 2.717777e+04 1.000000e+00 4.508993e+04 6.282919e+01 4.480871e+00 8.624864e+04
 3.665671e-01 1.517949e-01 0.000000e+00 3.681286e-06 1.816926e-01 7.120111e+02 -4.002203e+00 0.000000e+00 3.277151e+03 1.589072e+02 4.185490e-06 4.838518e-03 1.169927e-06 1.320733e-03 0.000000e+00 1.749819e-01 2.717512e+04 1.000000e+00 4.509197e+04 6.283202e+01 4.480743e+00 8.624164e+04
 3.665670e-01 1.523823e-01 0.000000e+00 3.431118e-06 1.816836e-01 7.120078e+02 -4.008974e+00 0.000000e+00 3.277090e+03 1.589097e+02 4.185638e-06 4.838706e-03 1.170018e-06 1.320836e-03 0.000000e+00 1.749940e-01 2.717354e+04 1.000000e+00 4.509336e+04 6.283397e+01 4.480653e+00 8.623662e+04
 3.665668e-01 1.529298e-01 0.000000e+00 3.197128e-06 1.816721e-01 7.120042e+02 -4.013174e+00 0.000000e+00 3.277005e+03 1.589126e+02 4.185815e-06 4.838933e-03 1.170199e-06 1.321040e-03 0.000000e+00 1.750204e-01 2.717172e+04 1.000000e+00 4.509504e+04 6.283631e+01 4.480547e+00 8.623037e+04
 3.665667e-01 1.534398e-01 0.000000e+00 2.978388e-06 1.816653e-01 7.120021e+02 -4.014431e+00 0.000000e+00 3.276976e+03 1.589149e+02 4.185951e-06 4.839106e-03 1.175208e-06 1.326694e-03 0.000000e+00 1.757703e-01 2.717083e+04 1.000000e+00 4.509633e+04 6.283811e+01 4.480470e+00 8.622671e+04
 3.665666e-01 1.539149e-01 0.000000e+00 2.774004e-06 1.816403e-01 7.119918e+02 -4.014270e+00 0.000000e+00 3.276965e+03 1.589256e+02 4.186593e-06 4.839924e-03 1.360921e-06 1.536346e-03 0.000000e+00 2.036206e-01 2.717697e+04 1.000000e+00 4.510240e+04 6.284657e+01 4.480104e+00 8.621257e+04
 3.665665e-01 1.543574e-01 0.000000e+00 2.583121e-06 1.814172e-01 7.119103e+02 -4.012142e+00 0.000000e+00 3.276922e+03 1.590222e+02 4.192390e-06 4.847313e-03 4.938748e-06 5.575361e-03 0.000000e+00 7.442123e-01 2.733748e+04 1.000000e+00 4.515726e+04 6.292300e+01 4.476869e+00 8.608923e+04
 3.665663e-01 1.547693e-01 0.000000e+00 2.404924e-06 1.789739e-01 7.109818e+02 -3.958184e+00 0.000000e+00 3.277266e+03 1.601124e+02 4.258013e-06 4.931079e-03 4.901154e-05 5.532922e-02 0.000000e+00 8.073676e+00 2.948239e+04 1.000000e+00 4.577855e+04 6.378873e+01 4.440585e+00 8.473327e+04
 3.665662e-01 1.551529e-01 0.000000e+00 2.238635e-06 1.660579e-01 7.053590e+02 -3.368342e+00 0.000000e+00 3.275061e+03 1.661667e+02 4.629344e-06 5.408737e-03 1.664478e-04 1.879032e-01 0.000000e+00 6.742326e+01 4.247293e+04 1.000000e+00 4.930601e+04 6.870395e+01 4.244937e+00 7.751241e+04
 3.665661e-01 1.555098e-01 0.000000e+00 2.083514e-06 1.470892e-01 6.941076e+02 -3.015228e+00 0.000000e+00 3.257071e+03 1.760708e+02 5.260543e-06 6.234506e-03 4.186435e-04 4.726074e-01 0.000000e+00 2.488234e+02 6.243021e+04 1.000000e+00 5.535877e+04 7.713799e+01 3.942245e+00 6.669730e+04
 3.665659e-01 1.558421e-01 0.000000e+00 1.938860e-06 1.349005e-01 6.846378e+02 -2.454301e+00 0.000000e+00 3.237888e+03 1.833109e+02 5.739044e-06 6.871579e-03 7.035291e-04 7.942152e-01 0.000000e+00 4.157974e+02 7.232809e+04 1.000000e+00 6.000513e+04 8.361231e+01 3.734870e+00 5.967010e+04
 3.665658e-01 1.561512e-01 0.000000e+00 1.804008e-06 1.265730e-01 6.765971e+02 -2.100613e+00 0.000000e+00 3.229942e+03 1.890126e+02 6.125148e-06 7.392279e-03 8.846940e-04 9.987326e-01 0.000000e+00 5.490673e+02 7.855498e+04 1.000000e+00 6.379601e+04 8.889460e+01 3.579657e+00 5.480465e+04
 3.665656e-01 1.564388e-01 0.000000e+00 1.678330e-06 1.197507e-01 6.689973e+02 -1.813247e+00 0.000000e+00 3.222616e+03 1.941017e+02 6.476165e-06 7.870629e-03 9.579290e-04 1.081408e+00 0.000000e+00 6.722546e+02 8.403853e+04 1.000000e+00 6.727761e+04 9.374593e+01 3.446646e+00 5.080484e+04
 3.665655e-01 1.567064e-01 0.000000e+00 1.561233e-06 1.138366e-01 6.615038e+02 -1.579902e+00 0.000000e+00 3.215985e+03 1.988750e+02 6.810535e-06 8.330553e-03 1.006434e-03 1.136165e+00 0.000000e+00 7.930360e+02 8.969942e+04 1.000000e+00 7.062723e+04 9.841336e+01 3.326239e+00 4.732589e+04
 3.665653e-01 1.569552e-01 0.000000e+00 1.452159e-06 1.086658e-01 6.541322e+02 -1.379996e+00 0.000000e+00 3.210103e+03 2.033654e+02 7.129351e-06 8.772844e-03 1.032957e-03 1.166107e+00 0.000000e+00 9.095503e+02 9.568361e+04 1.000000e+00 7.385265e+04 1.029077e+02 3.216544e+00 4.427528e+04
 3.665652e-01 1.571867e-01 0.000000e+00 1.350579e-06 1.041011e-01 6.468749e+02 -1.208291e+00 0.000000e+00 3.204967e+03 2.076099e+02 7.434281e-06 9.199211e-03 1.040888e-03 1.175060e+00 0.000000e+00 1.021333e+03 1.021454e+05 1.000000e+00 7.696765e+04 1.072482e+02 3.115824e+00 4.157498e+04
 3.665650e-01 1.574020e-01 0.000000e+00 1.255999e-06 1.000307e-01 6.397152e+02 -1.059736e+00 0.000000e+00 3.200467e+03 2.116431e+02 7.727057e-06 9.611580e-03 1.033444e-03 1.166657e+00 0.000000e+00 1.128381e+03 1.092200e+05 1.000000e+00 7.998713e+04 1.114556e+02 3.022618e+00 3.916140e+04
 3.665649e-01 1.576022e-01 0.000000e+00 1.167954e-06 9.636743e-02 6.326333e+02 -9.308118e-01 0.000000e+00 3.196516e+03 2.154951e+02 8.009289e-06 1.001181e-02 1.013557e-03 1.144206e+00 0.000000e+00 1.230927e+03 1.170346e+05 1.000000e+00 8.292522e+04 1.155496e+02 2.935724e+00 3.698472e+04
 3.665647e-01 1.577884e-01 0.000000e+00 1.086006e-06 9.304276e-02 6.256084e+02 -8.185305e-01 0.000000e+00 3.193034e+03 2.191919e+02 8.282418e-06 1.040160e-02 9.838351e-04 1.110653e+00 0.000000e+00 1.329336e+03 1.257173e+05 1.000000e+00 8.579480e+04 1.195481e+02 2.854161e+00 3.500555e+04
 3.665646e-01 1.579615e-01 0.000000e+00 1.009745e-06 9.000219e-02 6.186197e+02 -7.204297e-01 0.000000e+00 3.189950e+03 2.227560e+02 8.547732e-06 1.078251e-02 9.465678e-04 1.068582e+00 0.000000e+00 1.424068e+03 1.354042e+05 1.000000e+00 8.860757e+04 1.234675e+02 2.777120e+00 3.319253e+04
 3.665644e-01 1.581224e-01 0.000000e+00 9.387877e-07 8.720210e-02 6.116468e+02 -6.344178e-01 0.000000e+00 3.187200e+03 2.262066e+02 8.806359e-06 1.115592e-02 9.037582e-04 1.020254e+00 0.000000e+00 1.515651e+03 1.462426e+05 1.000000e+00 9.137395e+04 1.273222e+02 2.703932e+00 3.152047e+04
 3.665643e-01 1.582720e-01 0.000000e+00 8.727737e-07 8.460827e-02 6.046726e+02 -5.586927e-01 0.000000e+00 3.184724e+03 2.295586e+02 9.059177e-06 1.152293e-02 8.571504e-04 9.676386e-01 0.000000e+00 1.604658e+03 1.583939e+05 1.000000e+00 9.410204e+04 1.311236e+02 2.634068e+00 2.996963e+04
 3.665641e-01 1.584111e-01 0.000000e+00 8.113663e-07 8.219182e-02 5.976783e+02 -4.919833e-01 0.000000e+00 3.182473e+03 2.328263e+02 9.307061e-06 1.188462e-02 8.080487e-04 9.122076e-01 0.000000e+00 1.691682e+03 1.720718e+05 1.000000e+00 9.680017e+04 1.348832e+02 2.567058e+00 2.852327e+04
 3.665640e-01 1.585404e-01 0.000000e+00 7.542506e-07 7.992754e-02 5.906420e+02 -4.333019e-01 0.000000e+00 3.180390e+03 2.360239e+02 9.550916e-06 1.224218e-02 7.576718e-04 8.553371e-01 0.000000e+00 1.777508e+03 1.875111e+05 1.000000e+00 9.947729e+04 1.386136e+02 2.502468e+00 2.716686e+04
 3.665638e-01 1.586606e-01 0.000000e+00 7.011322e-07 7.779669e-02 5.835480e+02 -3.809492e-01 0.000000e+00 3.178431e+03 2.391607e+02 9.791317e-06 1.259634e-02 7.071742e-04 7.983302e-01 0.000000e+00 1.863031e+03 2.049532e+05 1.000000e+00 1.021390e+05 1.423225e+02 2.439983e+00 2.588953e+04
 3.665636e-01 1.587724e-01 0.000000e+00 6.517361e-07 7.578219e-02 5.763811e+02 -3.343147e-01 0.000000e+00 3.176497e+03 2.422449e+02 1.002877e-05 1.294775e-02 6.572459e-04 7.419661e-01 0.000000e+00 1.949269e+03 2.247558e+05 1.000000e+00 1.047904e+05 1.460169e+02 2.379333e+00 2.468173e+04
 3.665635e-01 1.588762e-01 0.000000e+00 6.058054e-07 7.382134e-02 5.688848e+02 -2.931958e-01 0.000000e+00 3.174640e+03 2.453693e+02 1.027036e-05 1.330687e-02 6.047917e-04 6.827504e-01 0.000000e+00 2.039080e+03 2.488916e+05 1.000000e+00 1.075109e+05 1.498078e+02 2.318484e+00 2.350256e+04
 3.665633e-01 1.589728e-01 0.000000e+00 5.631002e-07 7.190122e-02 5.609731e+02 -2.576662e-01 0.000000e+00 3.173122e+03 2.485646e+02 1.051846e-05 1.367730e-02 5.505546e-04 6.215220e-01 0.000000e+00 2.123598e+03 2.773373e+05 1.000000e+00 1.103292e+05 1.537349e+02 2.256850e+00 2.234330e+04
 3.665631e-01 1.590625e-01 0.000000e+00 5.233968e-07 7.006079e-02 5.528308e+02 -2.263336e-01 0.000000e+00 3.171993e+03 2.517634e+02 1.076782e-05 1.405125e-02 4.990754e-04 5.634071e-01 0.000000e+00 2.202875e+03 3.092422e+05 1.000000e+00 1.131872e+05 1.577172e+02 2.195835e+00 2.123016e+04
 3.665630e-01 1.591459e-01 0.000000e+00 4.864867e-07 6.828944e-02 5.444250e+02 -1.980298e-01 0.000000e+00 3.171154e+03 2.549740e+02 1.101904e-05 1.442962e-02 4.502896e-04 5.083327e-01 0.000000e+00 2.277690e+03 3.454269e+05 1.000000e+00 1.160924e+05 1.617654e+02 2.135218e+00 2.015738e+04
 3.665628e-01 1.592234e-01 0.000000e+00 4.521753e-07 6.657876e-02 5.357166e+02 -1.727409e-01 0.000000e+00 3.170577e+03 2.582054e+02 1.127279e-05 1.481340e-02 4.041735e-04 4.562722e-01 0.000000e+00 2.348566e+03 3.868749e+05 1.000000e+00 1.190536e+05 1.658916e+02 2.074769e+00 1.912003e+04
 3.665626e-01 1.592955e-01 0.000000e+00 4.202811e-07 6.492049e-02 5.266576e+02 -1.500595e-01 0.000000e+00 3.170237e+03 2.614683e+02 1.152988e-05 1.520387e-02 3.607080e-04 4.072039e-01 0.000000e+00 2.415797e+03 4.347969e+05 1.000000e+00 1.220815e+05 1.701108e+02 2.014232e+00 1.811330e+04
 3.665624e-01 1.593625e-01 0.000000e+00 3.906354e-07 6.330698e-02 5.171901e+02 -1.296798e-01 0.000000e+00 3.170126e+03 2.647747e+02 1.179124e-05 1.560246e-02 3.198695e-04 3.611012e-01 0.000000e+00 2.479447e+03 4.907199e+05 1.000000e+00 1.251886e+05 1.744403e+02 1.953322e+00 1.713261e+04
 3.665622e-01 1.594247e-01 0.000000e+00 3.630806e-07 6.173081e-02 5.072432e+02 -1.113532e-01 0.000000e+00 3.170245e+03 2.681386e+02 1.205796e-05 1.601089e-02 2.816244e-04 3.179263e-01 0.000000e+00 2.539338e+03 5.566115e+05 1.000000e+00 1.283899e+05 1.789010e+02 1.891720e+00 1.617354e+04
 3.665621e-01 1.594826e-01 0.000000e+00 3.374702e-07 6.018484e-02 4.967294e+02 -9.476468e-02 0.000000e+00 3.170611e+03 2.715764e+02 1.233133e-05 1.643120e-02 2.459280e-04 2.776286e-01 0.000000e+00 2.594987e+03 6.350593e+05 1.000000e+00 1.317031e+05 1.835176e+02 1.829060e+00 1.523169e+04
 3.665619e-01 1.595364e-01 0.000000e+00 3.136677e-07 5.866175e-02 4.855391e+02 -7.995263e-02 0.000000e+00 3.171246e+03 2.751069e+02 1.261287e-05 1.686584e-02 2.127254e-04 2.401460e-01 0.000000e+00 2.645521e+03 7.295364e+05 1.000000e+00 1.351497e+05 1.883202e+02 1.764911e+00 1.430260e+04
 3.665617e-01 1.595863e-01 0.000000e+00 2.915461e-07 5.715495e-02 4.735336e+02 -6.588793e-02 0.000000e+00 3.172225e+03 2.787527e+02 1.290438e-05 1.731771e-02 1.819567e-04 2.054112e-01 0.000000e+00 2.689507e+03 8.448092e+05 1.000000e+00 1.387555e+05 1.933446e+02 1.698759e+00 1.338193e+04
 3.665615e-01 1.596328e-01 0.000000e+00 2.709871e-07 5.565549e-02 4.605349e+02 -5.518955e-02 0.000000e+00 3.173525e+03 2.825406e+02 1.320803e-05 1.779035e-02 1.535525e-04 1.733457e-01 0.000000e+00 2.724651e+03 9.875565e+05 1.000000e+00 1.425522e+05 1.986350e+02 1.629978e+00 1.246466e+04
 3.665613e-01 1.596760e-01 0.000000e+00 2.518807e-07 5.415975e-02 4.463054e+02 -4.017972e-02 0.000000e+00 3.175492e+03 2.865043e+02 1.352656e-05 1.828822e-02 1.274525e-04 1.438814e-01 0.000000e+00 2.747285e+03 1.167433e+06 1.000000e+00 1.465799e+05 2.042472e+02 1.557762e+00 1.154668e+04
 3.665611e-01 1.597161e-01 0.000000e+00 2.341245e-07 5.265649e-02 4.305225e+02 -3.324234e-02 0.000000e+00 3.178113e+03 2.906851e+02 1.386335e-05 1.881686e-02 1.035977e-04 1.169516e-01 0.000000e+00 2.751896e+03 1.398730e+06 1.000000e+00 1.508890e+05 2.102516e+02 1.481062e+00 1.062186e+04
 3.665609e-01 1.597534e-01 0.000000e+00 2.176233e-07 5.113670e-02 4.127464e+02 -1.999125e-02 0.000000e+00 3.181543e+03 2.951322e+02 1.422242e-05 1.938295e-02 8.194662e-05 9.250969e-02 0.000000e+00 2.729236e+03 1.703110e+06 1.000000e+00 1.555411e+05 2.167340e+02 1.398514e+00 9.684733e+03
 3.665607e-01 1.597881e-01 0.000000e+00 2.022885e-07 4.959850e-02 3.923460e+02 -1.116776e-02 0.000000e+00 3.186519e+03 2.999080e+02 1.460889e-05 1.999498e-02 6.250549e-05 7.056256e-02 0.000000e+00 2.664400e+03 2.114218e+06 1.000000e+00 1.606157e+05 2.238050e+02 1.308221e+00 8.731358e+03
 3.665605e-01 1.598204e-01 0.000000e+00 1.880377e-07 4.803515e-02 3.684114e+02 -1.365505e-03 0.000000e+00 3.193502e+03 3.050830e+02 1.502858e-05 2.066274e-02 4.529553e-05 5.113421e-02 0.000000e+00 2.533042e+03 2.686248e+06 1.000000e+00 1.662065e+05 2.315954e+02 1.207577e+00 7.759010e+03
 3.665603e-01 1.598503e-01 0.000000e+00 1.747944e-07 4.645068e-02 3.395834e+02 7.506373e-03 0.000000e+00 3.203541e+03 3.107300e+02 1.548747e-05 2.139647e-02 3.038793e-05 3.430499e-02 0.000000e+00 2.296009e+03 3.509655e+06 1.000000e+00 1.724163e+05 2.402482e+02 1.092857e+00 6.773907e+03
 3.665601e-01 1.598782e-01 0.000000e+00 1.624874e-07 4.486569e-02 3.039185e+02 1.163893e-02 0.000000e+00 3.217751e+03 3.168714e+02 1.598752e-05 2.220008e-02 1.797557e-05 2.029265e-02 0.000000e+00 1.899830e+03 4.741835e+06 1.000000e+00 1.792991e+05 2.498388e+02 9.591226e-01 5.811147e+03
 3.665599e-01 1.599041e-01 0.000000e+00 1.510503e-07 4.333698e-02 2.590106e+02 1.936837e-02 0.000000e+00 3.236790e+03 3.233642e+02 1.651711e-05 2.305560e-02 8.480344e-06 9.573476e-03 0.000000e+00 1.309753e+03 6.693212e+06 1.000000e+00 1.867222e+05 2.601823e+02 8.009873e-01 4.938810e+03
 3.665597e-01 1.599282e-01 0.000000e+00 1.404217e-07 4.197874e-02 2.038326e+02 3.132773e-02 0.000000e+00 3.256873e+03 3.295716e+02 1.702414e-05 2.387877e-02 2.648528e-06 2.989928e-03 0.000000e+00 6.454693e+02 1.023058e+07 1.000000e+00 1.939597e+05 2.702672e+02 6.184775e-01 4.215548e+03
 3.665595e-01 1.599505e-01 0.000000e+00 1.305443e-07 4.093701e-02 1.427790e+02 2.659703e-02 0.000000e+00 3.269270e+03 3.343731e+02 1.741674e-05 2.451879e-02 4.308023e-07 4.863334e-04 0.000000e+00 1.979363e+02 1.880891e+07 1.000000e+00 1.996524e+05 2.781996e+02 4.270049e-01 3.705906e+03
 3.665592e-01 1.599713e-01 0.000000e+00 1.213650e-07 4.028377e-02 8.283583e+01 1.770161e-02 0.000000e+00 3.273575e+03 3.372952e+02 1.765582e-05 2.490961e-02 2.714038e-08 3.063882e-05 0.000000e+00 3.283302e+01 4.873322e+07 1.000000e+00 2.031572e+05 2.830832e+02 2.455886e-01 3.413881e+03
 3.665590e-01 1.599907e-01 0.000000e+00 1.128344e-07 4.006794e-02 2.690572e+01 8.364848e-03 0.000000e+00 3.274563e+03 3.382534e+02 1.773423e-05 2.503798e-02 3.087941e-10 3.485982e-07 0.000000e+00 1.703313e+00 2.210154e+08 1.000000e+00 2.043131e+05 2.846939e+02 7.954310e-02 3.289089e+03
