# x(m) du(m/s) dy(m) tau_w(N/m^2) c_f y_plus 
0.000287 601.430700 8.900000e-06 628.107395 0.013965 8.032202 
0.000869 206.233500 8.800000e-06 421.134432 0.009363 2.392773 
0.001468 90.171150 8.800000e-06 170.752086 0.003796 1.599570 
0.002083 70.847520 8.800000e-06 139.320682 0.003098 1.315929 
0.002716 59.637960 8.800000e-06 117.153351 0.002605 1.188063 
0.003366 48.919180 8.800000e-06 96.996339 0.002157 1.047314 
0.004034 44.715070 8.800000e-06 88.696101 0.001972 0.996732 
0.004721 40.883490 8.800000e-06 81.423280 0.001810 0.942931 
0.005427 37.394210 8.800000e-06 74.439761 0.001655 0.895806 
0.006152 34.932260 8.800000e-06 69.620828 0.001548 0.863190 
0.006897 33.783840 8.700000e-06 68.166819 0.001516 0.840764 
0.007663 32.280370 8.700000e-06 65.132548 0.001448 0.817869 
0.008449 31.608230 8.700000e-06 63.784827 0.001418 0.807299 
0.009258 31.519300 8.700000e-06 63.633445 0.001415 0.804023 
0.010088 31.559280 8.700000e-06 63.750761 0.001417 0.801964 
0.010941 31.925450 8.700000e-06 64.495684 0.001434 0.805386 
0.011817 32.839510 8.700000e-06 66.381710 0.001476 0.815205 
0.012718 33.784830 8.700000e-06 68.347410 0.001520 0.825499 
0.013642 34.791790 8.700000e-06 70.427301 0.001566 0.837599 
0.014592 35.714420 8.700000e-06 72.342062 0.001608 0.848899 
0.015567 36.617650 8.700000e-06 74.211139 0.001650 0.859866 
0.016568 37.279920 8.700000e-06 75.572440 0.001680 0.867925 
0.017597 37.761030 8.700000e-06 76.567910 0.001702 0.873634 
0.018652 38.067560 8.700000e-06 77.184735 0.001716 0.877703 
0.019736 38.345020 8.700000e-06 77.747084 0.001729 0.881385 
0.020849 38.591970 8.700000e-06 78.246772 0.001740 0.884636 
0.021992 38.697480 8.700000e-06 78.451535 0.001744 0.885981 
0.023164 38.730630 8.700000e-06 78.503203 0.001745 0.886712 
0.024368 38.745970 8.700000e-06 78.525299 0.001746 0.887097 
0.025603 38.738200 8.700000e-06 78.491519 0.001745 0.887319 
0.026870 38.707710 8.700000e-06 78.427471 0.001744 0.886969 
0.028171 38.594640 8.700000e-06 78.179876 0.001738 0.885941 
0.029505 38.528640 8.800000e-06 77.156798 0.001715 0.890313 
0.030874 38.377770 8.800000e-06 76.843155 0.001709 0.888690 
0.032279 38.253640 8.800000e-06 76.590395 0.001703 0.887238 
0.033719 38.096190 8.800000e-06 76.267923 0.001696 0.885384 
0.035197 37.936730 8.800000e-06 75.944419 0.001689 0.883484 
0.036712 37.769990 8.800000e-06 75.607108 0.001681 0.881452 
0.038266 37.599590 8.800000e-06 75.263142 0.001673 0.879435 
0.039858 37.443760 8.800000e-06 74.953132 0.001666 0.877444 
0.041492 37.260470 8.900000e-06 73.745922 0.001640 0.880136 
0.043166 37.085720 8.900000e-06 73.402057 0.001632 0.877894 
0.044881 36.906650 8.900000e-06 73.047715 0.001624 0.875590 
0.046640 36.729630 8.900000e-06 72.700153 0.001616 0.873324 
0.048442 36.575340 8.900000e-06 72.397557 0.001610 0.871199 
0.050288 36.409060 8.900000e-06 72.072675 0.001602 0.868773 
0.052179 36.241950 9.000000e-06 70.944664 0.001577 0.871062 
0.054116 36.042230 9.000000e-06 70.562877 0.001569 0.867893 
0.056100 35.784500 9.000000e-06 70.053924 0.001558 0.864418 
0.058132 35.611440 9.000000e-06 69.723955 0.001550 0.862279 
0.060212 35.457530 9.000000e-06 69.431517 0.001544 0.860574 
0.062342 35.338980 9.100000e-06 68.445468 0.001522 0.864143 
0.064522 35.252620 9.100000e-06 68.287308 0.001518 0.863269 
0.066753 35.153910 9.100000e-06 68.100618 0.001514 0.862085 
0.069036 35.064350 9.100000e-06 67.934866 0.001510 0.860786 
0.071372 34.941210 9.200000e-06 66.961525 0.001489 0.863810 
0.073762 34.831180 9.200000e-06 66.758840 0.001484 0.862096 
0.076206 34.700900 9.200000e-06 66.512875 0.001479 0.860170 
0.078705 34.575710 9.200000e-06 66.278817 0.001474 0.858314 
0.081260 34.458260 9.300000e-06 65.352350 0.001453 0.861123 
0.083872 34.335170 9.300000e-06 65.123628 0.001448 0.859274 
0.086542 34.213990 9.300000e-06 64.901621 0.001443 0.857526 
0.089270 34.145640 9.400000e-06 64.092492 0.001425 0.860993 
0.092058 34.017090 9.400000e-06 63.852901 0.001420 0.859171 
0.094905 33.986780 9.400000e-06 63.809348 0.001419 0.858443 
0.097813 33.869260 9.500000e-06 62.922632 0.001399 0.861361 
0.100782 33.824290 9.500000e-06 62.848094 0.001397 0.860521 
0.103814 33.737680 9.500000e-06 62.689901 0.001394 0.859214 
0.106908 33.671710 9.500000e-06 62.574088 0.001391 0.858125 
0.110065 33.608490 9.600000e-06 61.810564 0.001374 0.861608 
0.113286 33.542650 9.600000e-06 61.696289 0.001372 0.860498 
0.116572 33.476370 9.600000e-06 61.578039 0.001369 0.859475 
0.119922 33.418910 9.700000e-06 60.845568 0.001353 0.863024 
0.123338 33.368590 9.700000e-06 60.758113 0.001351 0.862185 
0.126820 33.310440 9.700000e-06 60.659719 0.001349 0.861138 
0.130368 33.236100 9.800000e-06 59.909325 0.001332 0.864402 
0.133983 33.177810 9.800000e-06 59.811365 0.001330 0.863508 
0.137665 33.127330 9.800000e-06 59.725331 0.001328 0.862732 
0.141414 33.080390 9.800000e-06 59.646846 0.001326 0.861884 
0.145231 33.013880 9.900000e-06 58.930710 0.001310 0.865127 
0.149116 32.942850 9.900000e-06 58.807912 0.001308 0.863993 
0.153068 32.880680 9.900000e-06 58.703240 0.001305 0.863031 
0.157088 32.822130 9.900000e-06 58.603350 0.001303 0.862144 
0.161177 32.760140 1.000000e-05 57.912917 0.001288 0.865552 
0.165333 32.700950 1.000000e-05 57.812238 0.001285 0.864650 
0.169558 32.636200 1.000000e-05 57.703478 0.001283 0.863616 
0.173850 32.569840 1.000000e-05 57.589340 0.001280 0.862572 
0.178210 32.495350 1.010000e-05 56.895915 0.001265 0.865647 
0.182637 32.411240 1.010000e-05 56.751472 0.001262 0.864412 
0.187131 32.331910 1.010000e-05 56.619225 0.001259 0.863332 
0.191691 32.270430 1.010000e-05 56.515683 0.001257 0.862587 
0.196318 32.203500 1.010000e-05 56.406311 0.001254 0.861585 
0.201010 32.128950 1.010000e-05 56.276942 0.001251 0.860436 
0.205767 32.027960 1.020000e-05 55.556767 0.001235 0.863000 
0.210588 31.922270 1.020000e-05 55.375969 0.001231 0.861351 
0.215473 31.796160 1.020000e-05 55.157017 0.001226 0.859619 
0.220420 31.735240 1.020000e-05 55.063006 0.001224 0.858621 
0.225429 31.601010 1.020000e-05 54.830262 0.001219 0.856830 
0.230499 31.512810 1.020000e-05 54.683314 0.001216 0.855524 
0.235629 31.391550 1.020000e-05 54.476096 0.001211 0.853746 
0.240817 31.272280 1.020000e-05 54.273563 0.001207 0.851902 
0.246063 31.135800 1.020000e-05 54.040149 0.001202 0.849824 
0.251364 30.997700 1.020000e-05 53.804410 0.001196 0.847704 
0.256721 30.849490 1.020000e-05 53.551388 0.001191 0.845466 
0.262130 30.692720 1.020000e-05 53.282682 0.001185 0.843192 
0.267591 30.540080 1.010000e-05 53.546829 0.001191 0.836965 
0.273103 30.395170 1.010000e-05 53.297901 0.001185 0.835014 
0.278663 30.240820 1.010000e-05 53.031200 0.001179 0.832880 
0.284270 30.083050 1.010000e-05 52.759147 0.001173 0.830560 
0.289921 29.903090 1.000000e-05 52.970991 0.001178 0.823731 
0.295616 29.711620 1.000000e-05 52.636066 0.001170 0.820778 
0.301352 29.502750 1.000000e-05 52.269226 0.001162 0.817621 
0.307127 29.294230 9.900000e-06 52.428150 0.001166 0.810459 
0.312940 29.084420 9.900000e-06 52.057557 0.001157 0.807430 
0.318787 28.870640 9.800000e-06 52.206808 0.001161 0.800302 
0.324668 28.648470 9.800000e-06 51.809881 0.001152 0.797167 
0.330579 28.424700 9.700000e-06 51.939956 0.001155 0.789988 
0.336518 28.193900 9.700000e-06 51.523742 0.001146 0.786780 
0.342484 27.960430 9.600000e-06 51.633914 0.001148 0.779468 
0.348473 27.713280 9.500000e-06 51.721849 0.001150 0.771891 
0.354484 27.460960 9.500000e-06 51.254668 0.001140 0.768244 
0.360513 27.188560 9.400000e-06 51.292375 0.001140 0.760122 
0.366559 26.905720 9.300000e-06 51.306691 0.001141 0.751893 
0.372619 26.609280 9.200000e-06 51.301159 0.001141 0.743375 
0.378690 26.287370 9.100000e-06 51.239746 0.001139 0.734700 
0.384771 26.028970 9.100000e-06 50.741847 0.001128 0.730922 
0.390857 25.600160 9.000000e-06 50.483715 0.001122 0.720581 
0.396948 25.338780 8.900000e-06 50.496373 0.001123 0.713307 
