# example-1.data
# Columns:
# 1: x (m)
# 2: T[0] (K)
# 3: T[1] (K)
# 4: T[2] (K)
# 5: p (Pa)
# 6: rho (kg/m^3)
# 7: u (m/s)
# 8: massf[0]-O2
# 9: massf[1]-N2
       0.00000000000       25105.5981607        205.000000000        205.000000000        1822.41498754    0.000251878746166        1207.87742294       0.232918628166       0.767081371834 
   1.00000000000e-06       25104.8810536        365.751409037        462.390696630        1822.42813529    0.000251887758165        1207.83420770       0.232918628166       0.767081371834 
   0.000104059119558       25031.5974124        1280.83828758        1227.39272011        1823.77049822    0.000252811274706        1203.42200389       0.232918628166       0.767081371834 
   0.000205996814082       24960.3070278        1812.05707612        1580.38441032        1825.07398176    0.000253714546777        1199.13759253       0.232918628166       0.767081371834 
   0.000423656388643       24811.9974316        2800.80595999        2185.08231633        1827.77826675    0.000255609269455        1190.24889614       0.232918628166       0.767081371834 
   0.000613731532875       24686.7281660        3588.02295262        2648.19472547        1830.05468297    0.000257226287429        1182.76655879       0.232918628166       0.767081371834 
   0.000825199622820       24551.7852199        4408.43912447        3127.24007054        1832.49903027    0.000258985526993        1174.73224989       0.232918628166       0.767081371834 
    0.00104882362821       24413.9867977        5223.57635201        3605.99810820        1834.98676976    0.000260800878251        1166.55531551       0.232918628166       0.767081371834 
    0.00115401443259       24350.7823195        5591.13769518        3823.61485802        1836.12503651    0.000261640006764        1162.81395409       0.232918628166       0.767081371834 
    0.00121670745939       24313.6033013        5805.64837887        3951.26995267        1836.79378778    0.000262135532130        1160.61583998       0.232918628166       0.767081371834 
    0.00126922212806       24282.7455703        5982.76637184        4057.07829714        1837.34837849    0.000262547893760        1158.79295947       0.232918628166       0.767081371834 
    0.00131269084165       24257.3982883        6127.65736903        4143.91677382        1837.80362289    0.000262887358042        1157.29661966       0.232918628166       0.767081371834 
    0.00134837839077       24236.7194638        6245.47777222        4214.72204227        1838.17481393    0.000263164796206        1156.07655431       0.232918628166       0.767081371834 
    0.00137811638927       24219.5779770        6342.88975311        4273.39423977        1838.48236823    0.000263395114559        1155.06565611       0.232918628166       0.767081371834 
    0.00140570764034       24203.7471567        6432.65309801        4327.56736675        1838.76629347    0.000263608095963        1154.13242413       0.232918628166       0.767081371834 
    0.00143238993698       24188.5047979        6518.90208993        4379.71803064        1839.03956230    0.000263813409191        1153.23421863       0.232918628166       0.767081371834 
    0.00151009760689       24144.4868546        6767.03819978        4530.29704646        1839.82816422    0.000264407701382        1150.64216822       0.232918628166       0.767081371834 
    0.00161008872657       24088.6546708        7079.89594349        4721.30430105        1840.82722427    0.000265164451023        1147.35836436       0.232918628166       0.767081371834 
    0.00170657622189       24035.6291385        7375.26360655        4902.80658665        1841.77482477    0.000265886235704        1144.24370260       0.232918628166       0.767081371834 
    0.00180029635837       23984.9120390        7656.33517070        5076.56517884        1842.68004846    0.000266579421438        1141.26832886       0.232918628166       0.767081371834 
    0.00191460135954       23924.0893084        7991.77734246        5285.23126992        1843.76419933    0.000267414394282        1137.70484057       0.232918628166       0.767081371834 
    0.00200442927643       23877.0759690        8249.99013143        5446.78693208        1844.60112670    0.000268062550852        1134.95394954       0.232918628166       0.767081371834 
    0.00211536510602       23819.9528585        8562.65009506        5643.45345687        1845.61677169    0.000268853347375        1131.61563277       0.232918628166       0.767081371834 
    0.00220341575302       23775.3399768        8806.12638919        5797.36769396        1846.40903099    0.000269473459204        1129.01156096       0.232918628166       0.767081371834 
    0.00231300945208       23720.6947461        9103.63908547        5986.31644976        1847.37831340    0.000270236031126        1125.82563304       0.232918628166       0.767081371834 
    0.00240055000538       23677.7382120        9337.04595655        6135.20335930        1848.13938917    0.000270837830460        1123.32405815       0.232918628166       0.767081371834 
    0.00251007657710       23624.8449487        9623.97886636        6318.99284603        1849.07546226    0.000271581689762        1120.24728574       0.232918628166       0.767081371834 
    0.00261996664641       23572.7119074        9906.37856404        6500.67298326        1849.99694579    0.000272317957166        1117.21846763       0.232918628166       0.767081371834 
    0.00270829745267       23531.4748816        10129.5250924        6644.77754405        1850.72503973    0.000272902535200        1114.82530050       0.232918628166       0.767081371834 
    0.00281940771526       23480.4344613        10405.4976937        6823.65074821        1851.62525527    0.000273628786780        1111.86638801       0.232918628166       0.767081371834 
    0.00290896965976       23439.9559516        10624.2223679        6965.92843478        1852.33842640    0.000274206889649        1109.52227058       0.232918628166       0.767081371834 
    0.00302190884122       23389.7412355        10895.4205550        7142.96574178        1853.22220284    0.000274926684780        1106.61739168       0.232918628166       0.767081371834 
    0.00311315017350       23349.8383072        11110.8393617        7284.08852465        1853.92375853    0.000275500765667        1104.31145291       0.232918628166       0.767081371834 
    0.00320526794440       23310.1446086        11325.0625444        7424.87237105        1854.62099285    0.000276073690718        1102.01971808       0.232918628166       0.767081371834 
    0.00332176354414       23260.7846584        11591.3680028        7600.51671212        1855.48712677    0.000276788729661        1099.17282826       0.232918628166       0.767081371834 
    0.00341612937406       23221.4758170        11803.3764081        7740.86666212        1856.17618593    0.000277360235064        1096.90796427       0.232918628166       0.767081371834 
    0.00351161432300       23182.3047297        12014.5729384        7881.15367766        1856.86221046    0.000277931572853        1094.65307482       0.232918628166       0.767081371834 
    0.00360829201681       23143.2532130        12225.0438269        8021.45024599        1857.54552656    0.000278502999705        1092.40708766       0.232918628166       0.767081371834 
    0.00370623636992       23104.3044988        12434.8624401        8161.82434729        1858.22643452    0.000279074754835        1090.16901580       0.232918628166       0.767081371834 
    0.00380552240109       23065.4429033        12644.0910478        8302.34065359        1858.90521461    0.000279647064576        1087.93793804       0.232918628166       0.767081371834 
    0.00390622674459       23026.6536412        12852.7817606        8443.06120975        1859.58213039    0.000280220144885        1085.71298804       0.232918628166       0.767081371834 
    0.00400842807240       22987.9226934        13060.9771517        8584.04593156        1860.25743115    0.000280794203120        1083.49334649       0.232918628166       0.767081371834 
    0.00411220749286       22949.2366977        13268.7107152        8725.35302195        1860.93135381    0.000281369439509        1081.27823456       0.232918628166       0.767081371834 
    0.00421764933514       22910.5827139        13476.0079698        8867.03985512        1861.60412714    0.000281946050527        1079.06690037       0.232918628166       0.767081371834 
    0.00432484138633       22871.9482122        13682.8863276        9009.16305257        1862.27597197    0.000282524228997        1076.85861808       0.232918628166       0.767081371834 
    0.00440643910677       22842.9777348        13837.7764075        9116.07576551        1862.77937602    0.000282959006592        1075.20398265       0.232918628166       0.767081371834 
    0.00451691790626       22804.3479178        14043.9410325        9259.09852874        1863.45011210    0.000283540388281        1072.99934467       0.232918628166       0.767081371834 
    0.00460109338783       22775.3670613        14198.2965341        9366.75128160        1863.95292756    0.000283977788654        1071.34664389       0.232918628166       0.767081371834 
    0.00471516702132       22736.7049821        14403.7393094        9510.84882068        1864.62320002    0.000284562963099        1069.14352978       0.232918628166       0.767081371834 
    0.00480216270152       22707.6861053        14557.5398802        9619.37463713        1865.12590805    0.000285003432264        1067.49118211       0.232918628166       0.767081371834 
    0.00492017157211       22668.9546911        14762.2154169        9764.72777856        1865.79636026    0.000285593004074        1065.28747719       0.232918628166       0.767081371834 
    0.00501025695331       22639.8696593        14915.4135458        9874.26561512        1866.29944763    0.000286037005563        1063.63388266       0.232918628166       0.767081371834 
    0.00510175680149       22610.7474483        15068.3320591        9984.28164193        1866.80284955    0.000286482668661        1061.97925422       0.232918628166       0.767081371834 
    0.00522605819456       22571.8505394        15271.7605824        10131.7618327        1867.47470369    0.000287079631034        1059.77094131       0.232918628166       0.767081371834 
    0.00532109102425       22542.6200787        15423.9609463        10243.0037251        1867.97920801    0.000287529536180        1058.11268941       0.232918628166       0.767081371834 
    0.00541774591566       22513.3336180        15575.8201692        10354.8207219        1868.48434888    0.000287981424040        1056.45234524       0.232918628166       0.767081371834 
    0.00551609298862       22483.9851653        15727.3147610        10467.2442165        1868.99022830    0.000288435398344        1054.78957354       0.232918628166       0.767081371834 
    0.00561620694456       22454.5684159        15878.4193950        10580.3073180        1869.49695340    0.000288891568705        1053.12402220       0.232918628166       0.767081371834 
    0.00571816693762       22425.0768805        16029.1060425        10694.0443950        1870.00463417    0.000289350048684        1051.45532961       0.232918628166       0.767081371834 
    0.00582205729633       22395.5037703        16179.3443505        10808.4915593        1870.51338551    0.000289810957647        1049.78311822       0.232918628166       0.767081371834 
    0.00592796805241       22365.8419543        16329.1016186        10923.6868779        1871.02332786    0.000290274421512        1048.10699209       0.232918628166       0.767081371834 
    0.00603599530014       22336.0839760        16478.3424490        11039.6703563        1871.53458694    0.000290740572565        1046.42653802       0.232918628166       0.767081371834 
    0.00610923989021       22316.1880153        16577.5308828        11117.4514145        1871.87622326    0.000291052901938        1045.30361590       0.232918628166       0.767081371834 
    0.00622102724126       22286.2520116        16725.8255847        11234.8440123        1872.38997567    0.000291523847948        1043.61496651       0.232918628166       0.767081371834 
    0.00633522276264       22256.1978169        16873.4967577        11353.1435330        1872.90541515    0.000291997874518        1041.92077191       0.232918628166       0.767081371834 
    0.00641275214602       22236.0915320        16971.5754506        11432.5380783        1873.25005408    0.000292315684379        1040.78798050       0.232918628166       0.767081371834 
    0.00653124309446       22205.8197373        17118.1047922        11552.4609268        1873.76865089    0.000292795215904        1039.08340809       0.232918628166       0.767081371834 
    0.00661176295152       22185.5592034        17215.3768468        11632.9875197        1874.11554844    0.000293116861223        1037.94319284       0.232918628166       0.767081371834 
    0.00673494360826       22155.0414440        17360.6241159        11754.6877372        1874.63777720    0.000293602409512        1036.22668260       0.232918628166       0.767081371834 
    0.00681873458347       22134.6067125        17456.9908154        11836.4548946        1874.98726682    0.000293928251058        1035.07794748       0.232918628166       0.767081371834 
    0.00690392159930       22114.0961735        17552.9653654        11918.7516577        1875.33789557    0.000294255882245        1033.92546817       0.232918628166       0.767081371834 
    0.00703443950310       22083.1799823        17696.1515980        12043.2348124        1875.86611200    0.000294750834523        1032.18927711       0.232918628166       0.767081371834 
    0.00712336182828       22062.4630746        17791.0640630        12126.9475240        1876.21986944    0.000295083246308        1031.02651411       0.232918628166       0.767081371834 
    0.00721388549453       22041.6563300        17885.5169684        12211.2663904        1876.57499977    0.000295417703134        1029.85923858       0.232918628166       0.767081371834 
    0.00730607759662       22020.7552359        17979.4892212        12296.2160364        1876.93157809    0.000295754287330        1028.68720369       0.232918628166       0.767081371834 
    0.00740000954011       21999.7550317        18072.9587955        12381.8224529        1877.28968357    0.000296093085854        1027.51014917       0.232918628166       0.767081371834 
    0.00754433746915       21968.0578224        18212.1699828        12511.5240063        1877.82988926    0.000296605637992        1025.73455067       0.232918628166       0.767081371834 
    0.00764296334936       21946.7871796        18304.2799870        12598.8961284        1878.19218931    0.000296950386918        1024.54370904       0.232918628166       0.767081371834 
    0.00774361913414       21925.3984387        18395.8023545        12687.0286967        1878.55633201    0.000297297697706        1023.34681082       0.232918628166       0.767081371834 
    0.00784640110655       21903.8854246        18486.7102122        12775.9554569        1878.92241984    0.000297647683624        1022.14351917       0.232918628166       0.767081371834 
    0.00795141276794       21882.2415368        18576.9755528        12865.7124441        1879.29056232    0.000298000465780        1020.93347410       0.232918628166       0.767081371834 
    0.00800478913255       21871.3683463        18621.8581153        12910.9141292        1879.47544002    0.000298177945294        1020.32580080       0.232918628166       0.767081371834 
    0.00811335653866       21849.5148395        18711.1040871        13001.9891528        1879.84688519    0.000298535166268        1019.10490016       0.232918628166       0.767081371834 
    0.00822444814506       21827.5120028        18799.6312968        13093.9952156        1880.22069102    0.000298895522638        1017.87624026       0.232918628166       0.767081371834 
    0.00833819840651       21805.3515517        18887.4064992        13186.9775821        1880.59699478    0.000299259166838        1016.63936991       0.232918628166       0.767081371834 
    0.00845475283913       21783.0246156        18974.3946710        13280.9847348        1880.97594342    0.000299626262217        1015.39380614       0.232918628166       0.767081371834 
    0.00851413045000       21771.7957636        19017.5821739        13328.3887385        1881.16645846    0.000299811158487        1014.76760354       0.232918628166       0.767081371834 
    0.00863519142656       21749.2010132        19103.3199654        13424.0319284        1881.54967389    0.000300183763943        1013.50801528       0.232918628166       0.767081371834 
    0.00875947725861       21726.4146555        19188.1742728        13520.8373148        1881.93595007    0.000300560283855        1012.23836666       0.232918628166       0.767081371834 
    0.00882288974225       21714.9461011        19230.2568623        13569.6951256        1882.13029423    0.000300750076793        1011.59957815       0.232918628166       0.767081371834 
    0.00895238403059       21691.8507153        19313.7049610        13668.3622210        1882.52151914    0.000301132867722        1010.31366358       0.232918628166       0.767081371834 
    0.00901852146165       21680.2207122        19355.0586962        13718.1889137        1882.71845234    0.000301325924397        1009.66636515       0.232918628166       0.767081371834 
    0.00915372580854       21656.7877043        19436.9945579        13818.8746476        1883.11509876    0.000301715515389        1008.36263067       0.232918628166       0.767081371834 
    0.00922285659767       21644.9811483        19477.5636436        13869.7532209        1883.31487066    0.000301912115524        1007.70600174       0.232918628166       0.767081371834 
    0.00936434650091       21621.1785991        19557.8694925        13972.6332762        1883.71746599    0.000302309098352        1006.38271382       0.232918628166       0.767081371834 
    0.00943677916741       21609.1786515        19597.5916133        14024.6566040        1883.92035472    0.000302509554536        1005.71584021       0.232918628166       0.767081371834 
    0.00951038896003       21597.1101798        19637.0162151        14077.0839973        1884.12434940    0.000302711371613        1005.04533144       0.232918628166       0.767081371834 
    0.00966130787666       21572.7589618        19714.9399943        14183.1993238        1884.53580023    0.000303119250679        1003.69293646       0.232918628166       0.767081371834 
    0.00973870597516       21560.4717265        19753.4216428        14236.9123296        1884.74333037    0.000303325396579        1003.01080702       0.232918628166       0.767081371834 
    0.00981745965853       21548.1069441        19791.5707993        14291.0797540        1884.95211524    0.000303533071972        1002.32455342       0.232918628166       0.767081371834 
    0.00997923736053       21523.1349844        19866.8316629        14400.8328429        1885.37360976    0.000303953194425        1000.93914587       0.232918628166       0.767081371834 
     0.0100623693416       21510.5228057        19903.9219578        14456.4469038        1885.58640170    0.000304165735754        1000.23972148       0.232918628166       0.767081371834 
     0.0101470732570       21497.8230578        19940.6369373        14512.5722751        1885.80061324    0.000304379995455        999.535630972       0.232918628166       0.767081371834 
     0.0102334096182       21485.0331635        19976.9642077        14569.2238750        1886.01628669    0.000304596022563        998.826735336       0.232918628166       0.767081371834 
     0.0103214419021       21472.1505056        20012.8906885        14626.4169630        1886.23346497    0.000304813867048        998.112893483       0.232918628166       0.767081371834 
     0.0104112363764       21459.1724781        20048.4024465        14684.1669149        1886.45219076    0.000305033578950        997.393965149       0.232918628166       0.767081371834 
     0.0105028620600       21446.0965172        20083.4846030        14742.4890906        1886.67250596    0.000305255207866        996.669812580       0.232918628166       0.767081371834 
     0.0106918959060       21419.6410350        20152.2951257        14860.9102037        1887.11806362    0.000305704408045        995.205312081       0.232918628166       0.767081371834 
     0.0107894545232       21406.2569994        20185.9880169        14921.0379809        1887.34337929    0.000305932069410        994.464723491       0.232918628166       0.767081371834 
     0.0108891446664       21392.7661243        20219.1801198        14981.7950994        1887.57042875    0.000306161825878        993.718436126       0.232918628166       0.767081371834 
     0.0109910461805       21379.1667986        20251.8502160        15043.1934831        1887.79923761    0.000306393712104        992.966365801       0.232918628166       0.767081371834 
     0.0110952394198       21365.4578723        20283.9753595        15105.2431195        1888.02982369    0.000306627755088        992.208453944       0.232918628166       0.767081371834 
     0.0112018045668       21351.6387465        20315.5308143        15167.9516259        1888.26219551    0.000306863972580        991.444672552       0.232918628166       0.767081371834 
     0.0113108206435       21337.7094941        20346.4899661        15231.3236692        1888.49635028    0.000307102370957        990.675030818       0.232918628166       0.767081371834 
     0.0114223640636       21323.6710261        20376.8241932        15295.3601689        1888.73227110    0.000307342942312        989.899584235       0.232918628166       0.767081371834 
     0.0115365069229       21309.5252715        20406.5027823        15360.0574208        1888.96992400    0.000307585661262        989.118444481       0.232918628166       0.767081371834 
     0.0116533151565       21295.2753523        20435.4929364        15425.4062288        1889.20925501    0.000307830481829        988.331788993       0.232918628166       0.767081371834 
     0.0117728465331       21280.9257553        20463.7598741        15491.3910358        1889.45018727    0.000308077334346        987.539870332       0.232918628166       0.767081371834 
     0.0118951483741       21266.4825104        20491.2669997        15557.9890085        1889.69261815    0.000308326122228        986.743025904       0.232918628166       0.767081371834 
     0.0120202554047       21251.9533250        20517.9762402        15625.1693051        1889.93641695    0.000308576719459        985.941685251       0.232918628166       0.767081371834 
     0.0121481869651       21237.3477646        20543.8483758        15692.8921199        1890.18142198    0.000308828967280        985.136379829       0.232918628166       0.767081371834 
     0.0122789460561       21222.6771940        20568.8438533        15761.1088179        1890.42744158    0.000309082674968        984.327739638       0.232918628166       0.767081371834 
     0.0124125177588       21207.9547759        20592.9235001        15829.7618086        1890.67425418    0.000309337619646        983.516492953       0.232918628166       0.767081371834 
     0.0125488689933       21193.1953064        20616.0494888        15898.7851757        1890.92161110    0.000309593548902        982.703457135       0.232918628166       0.767081371834 
     0.0126879490755       21178.4149659        20638.1863595        15968.1057209        1891.16924079    0.000309850184921        981.889524739       0.232918628166       0.767081371834 
     0.0128296916809       21163.6309327        20659.3021187        16037.6446696        1891.41685533    0.000310107231025        981.075642148       0.232918628166       0.767081371834 
     0.0129740176102       21148.8609430        20679.3692334        16107.3196657        1891.66415782    0.000310364379213        980.262785260       0.232918628166       0.767081371834 
     0.0131208389337       21134.1227501        20698.3655444        16177.0472790        1891.91085141    0.000310621319519        979.451929712       0.232918628166       0.767081371834 
     0.0132700624748       21119.4337021        20716.2747891        16246.7450008        1892.15664645    0.000310877747392        978.644027645       0.232918628166       0.767081371834 
     0.0134215951024       21104.8101912        20733.0870635        16316.3338865        1892.40126958    0.000311133373370        977.839977490       0.232918628166       0.767081371834 
     0.0135753477767       21090.2672855        20748.7988413        16385.7403778        1892.64446995    0.000311387929656        977.040603818       0.232918628166       0.767081371834 
     0.0137312384951       21075.8185101        20763.4126767        16454.8974418        1892.88602278    0.000311641174116        976.246645444       0.232918628166       0.767081371834 
     0.0138891960463       21061.4755906        20776.9368372        16523.7459118        1893.12573362    0.000311892894980        975.458741478       0.232918628166       0.767081371834 
     0.0140491611010       21047.2484724        20789.3845960        16592.2345215        1893.36343799    0.000312142910719        974.677432564       0.232918628166       0.767081371834 
     0.0142110880157       21033.1452899        20800.7735710        16660.3201831        1893.59900183    0.000312391070818        973.903159319       0.232918628166       0.767081371834 
     0.0143749449731       21019.1724914        20811.1249479        16727.9675079        1893.83231939    0.000312637253777        973.136269388       0.232918628166       0.767081371834 
     0.0145407134538       21005.3350187        20820.4627289        16795.1480568        1894.06331015    0.000312881364158        972.377027413       0.232918628166       0.767081371834 
     0.0147083878138       20991.6364674        20828.8130752        16861.8396653        1894.29191612    0.000313123329923        971.625623960       0.232918628166       0.767081371834 
     0.0148779743316       20978.0792808        20836.2037088        16928.0255913        1894.51809860    0.000313363099163        970.882186272       0.232918628166       0.767081371834 
     0.0150494898256       20964.6649630        20842.6633929        16993.6935527        1894.74183455    0.000313600636456        970.146790041       0.232918628166       0.767081371834 
     0.0152229609326       20951.3942240        20848.2215327        17058.8350805        1894.96311421    0.000313835920400        969.419467425       0.232918628166       0.767081371834 
     0.0153984221877       20938.2672027        20852.9078169        17123.4444766        1895.18193728    0.000314068939742        968.700219331       0.232918628166       0.767081371834 
     0.0155759159286       20925.2835352        20856.7519905        17187.5185143        1895.39831184    0.000314299692222        967.989019211       0.232918628166       0.767081371834 
     0.0157554906056       20912.4425332        20859.7836400        17251.0555921        1895.61225135    0.000314528181460        967.285822849       0.232918628166       0.767081371834 
     0.0159372001504       20899.7432693        20862.0320614        17314.0553303        1895.82377321    0.000314754415455        966.590573075       0.232918628166       0.767081371834 
     0.0161211033947       20887.1846526        20863.5261647        17376.5182150        1896.03289748    0.000314978405279        965.903203882       0.232918628166       0.767081371834 
     0.0163072638242       20874.7654732        20864.2944098        17438.4453837        1896.23964619    0.000315200164280        965.223642913       0.232918628166       0.767081371834 
     0.0164957483478       20862.4845082        20864.3647622        17499.8381070        1896.44404154    0.000315419706210        964.551817224       0.232918628166       0.767081371834 
     0.0166866271217       20850.3405471        20863.7646804        17560.6976589        1896.64610544    0.000315637044756        963.887654722       0.232918628166       0.767081371834 
     0.0168799733215       20838.3324200        20862.5211122        17621.0251809        1896.84585913    0.000315852193050        963.231085637       0.232918628166       0.767081371834 
     0.0170758637432       20826.4589710        20860.6604911        17680.8218086        1897.04332356    0.000316065164124        962.582041130       0.232918628166       0.767081371834 
     0.0172743771929       20814.7191671        20858.2087584        17740.0881255        1897.23851758    0.000316275968959        961.940459194       0.232918628166       0.767081371834 
     0.0174755952079       20803.1120586        20855.1913745        17798.8243558        1897.43145864    0.000316484617184        961.306282497       0.232918628166       0.767081371834 
     0.0176796023261       20791.6367701        20851.6333289        17857.0304050        1897.62216291    0.000316691117221        960.679457898       0.232918628166       0.767081371834 
     0.0178864858716       20780.2925203        20847.5591584        17914.7057583        1897.81064497    0.000316895475931        960.059937487       0.232918628166       0.767081371834 
     0.0180963357239       20769.0786391        20842.9929699        17971.8493875        1897.99691750    0.000317097698292        959.447679537       0.232918628166       0.767081371834 
     0.0183092447135       20757.9945503        20837.9584504        18028.4598334        1898.18099161    0.000317297787692        958.842647552       0.232918628166       0.767081371834 
     0.0185253093025       20747.0397434        20832.4788653        18084.5353497        1898.36287730    0.000317495746440        958.244808708       0.232918628166       0.767081371834 
     0.0187446289999       20736.2138095        20826.5770876        18140.0737080        1898.54258282    0.000317691575106        957.654135811       0.232918628166       0.767081371834 
     0.0189673071135       20725.5164120        20820.2755925        18195.0723551        1898.72011524    0.000317885273041        957.070605700       0.232918628166       0.767081371834 
     0.0191934509801       20714.9472833        20813.5964642        18249.5284216        1898.89548042    0.000318076838435        956.494199043       0.232918628166       0.767081371834 
     0.0194231722182       20704.5062223        20806.5614007        18303.4387321        1899.06868312    0.000318266268346        955.924900221       0.232918628166       0.767081371834 
     0.0196565871372       20694.1930864        20799.1917140        18356.7998459        1899.23972711    0.000318453558852        955.362696871       0.232918628166       0.767081371834 
     0.0198938176746       20684.0077629        20791.5083114        18409.6082046        1899.40861563    0.000318638705557        954.807578323       0.232918628166       0.767081371834 
     0.0201349915828       20673.9501768        20783.5317010        18461.8600905        1899.57535128    0.000318821703453        954.259536027       0.232918628166       0.767081371834 
     0.0203802424095       20664.0203067        20775.2820060        18513.5515435        1899.73993575    0.000319002546624        953.718564419       0.232918628166       0.767081371834 
     0.0206297105554       20654.2181576        20766.7789438        18564.6785020        1899.90237028    0.000319181228736        953.184659441       0.232918628166       0.767081371834 
     0.0208835440701       20644.5437497        20758.0418139        18615.2368626        1900.06265584    0.000319357743245        952.657817911       0.232918628166       0.767081371834 
     0.0211418990261       20634.9971258        20749.0895026        18665.2224420        1900.22079300    0.000319532083259        952.138037937       0.232918628166       0.767081371834 
     0.0214049404179       20625.5783409        20739.9404713        18714.6310304        1900.37678211    0.000319704241724        951.625318363       0.232918628166       0.767081371834 
     0.0216728424971       20616.2874757        20730.6127681        18763.4583249        1900.53062309    0.000319874211182        951.119659469       0.232918628166       0.767081371834 
     0.0219457903807       20607.1246068        20721.1239962        18811.7000830        1900.68231590    0.000320041984309        950.621061390       0.232918628166       0.767081371834 
     0.0222239802852       20598.0898303        20711.4913357        18859.3520035        1900.83186016    0.000320207553490        950.129525355       0.232918628166       0.767081371834 
     0.0225076206255       20589.1832561        20701.7315379        18906.4097544        1900.97925524    0.000320370910919        949.645053416       0.232918628166       0.767081371834 
     0.0227969331740       20580.4050053        20691.8609217        18952.8689887        1901.12450034    0.000320532048644        949.167648289       0.232918628166       0.767081371834 
     0.0230921545615       20571.7552019        20681.8953634        18998.7253903        1901.26759454    0.000320690958728        948.697312888       0.232918628166       0.767081371834 
     0.0233935370723       20563.2339891        20671.8503162        19043.9745873        1901.40853664    0.000320847632940        948.234051236       0.232918628166       0.767081371834 
     0.0237013499302       20554.8415340        20661.7408180        19088.6121274        1901.54732500    0.000321002062673        947.777868712       0.232918628166       0.767081371834 
     0.0240158808266       20546.5780296        20651.5814963        19132.6334693        1901.68395753    0.000321154238907        947.328772145       0.232918628166       0.767081371834 
     0.0243374382914       20538.4436800        20641.3865526        19176.0340601        1901.81843197    0.000321304152476        946.886769027       0.232918628166       0.767081371834 
     0.0246663530776       20530.4387182        20631.1697878        19218.8092422        1901.95074552    0.000321451793744        946.451868472       0.232918628166       0.767081371834 
     0.0250029798593       20522.5634189        20620.9446231        19260.9541845        1902.08089473    0.000321597152369        946.024081904       0.232918628166       0.767081371834 
     0.0253476998452       20514.8180946        20610.7241007        19302.4639031        1902.20887547    0.000321740217368        945.603422854       0.232918628166       0.767081371834 
     0.0257009232287       20507.2031031        20600.5208991        19343.3332207        1902.33468287    0.000321880976980        945.189907359       0.232918628166       0.767081371834 
     0.0260630919859       20499.7188537        20590.3473482        19383.5567320        1902.45831117    0.000322019418548        944.783554310       0.232918628166       0.767081371834 
     0.0264346834453       20492.3658061        20580.2154336        19423.1288124        1902.57975380    0.000322155528544        944.384385355       0.232918628166       0.767081371834 
     0.0268162129707       20485.1444938        20570.1368374        19462.0434858        1902.69900291    0.000322289292118        943.992426225       0.232918628166       0.767081371834 
     0.0272082382845       20478.0555245        20560.1229458        19500.2944272        1902.81604947    0.000322420693106        943.607706693       0.232918628166       0.767081371834 
     0.0276113644103       20471.0995790        20550.1848565        19537.8749623        1902.93088317    0.000322549714034        943.230260563       0.232918628166       0.767081371834 
     0.0280262485473       20464.2774249        20540.3334055        19574.7779963        1903.04349229    0.000322676335867        942.860126372       0.232918628166       0.767081371834 
     0.0284536046182       20457.5899443        20530.5792168        19610.9958613        1903.15386322    0.000322800537494        942.497348905       0.232918628166       0.767081371834 
     0.0288942107305       20451.0381255        20520.9327001        19646.5203571        1903.26198055    0.000322922295865        942.141978762       0.232918628166       0.767081371834 
     0.0293489174257       20444.6230628        20511.4040578        19681.3427549        1903.36782715    0.000323041586011        941.794072304       0.232918628166       0.767081371834 
     0.0298186531126       20438.3460093        20502.0033744        19715.4535046        1903.47138321    0.000323158380037        941.453694555       0.232918628166       0.767081371834 
     0.0303044367202       20432.2083454        20492.7405777        19748.8424079        1903.57262687    0.000323272647724        941.120917451       0.232918628166       0.767081371834 
     0.0308073851645       20426.2116361        20483.6255361        19781.4983000        1903.67153317    0.000323384355436        940.795822983       0.232918628166       0.767081371834 
     0.0313287277256       20420.3576186        20474.6680486        19813.4091180        1903.76807433    0.000323493466364        940.478502493       0.232918628166       0.767081371834 
     0.0318698179433       20414.6482427        20465.8779166        19844.5616779        1903.86221904    0.000323599939760        940.169058863       0.232918628166       0.767081371834 
     0.0324321489716       20409.0856903        20457.2649847        19874.9415632        1903.95393217    0.000323703730566        939.867607582       0.232918628166       0.767081371834 
     0.0330173690294       20403.6724146        20448.8392118        19904.5329095        1904.04317411    0.000323804788678        939.574278856       0.232918628166       0.767081371834 
     0.0336273024614       20398.4111457        20440.6106891        19933.3183697        1904.12990067    0.000323903058835        939.289217914       0.232918628166       0.767081371834 
     0.0342639674860       20393.3049483        20432.5897413        19961.2787969        1904.21406214    0.000323998479535        939.012588112       0.232918628166       0.767081371834 
     0.0349295937279       20388.3572850        20424.7870387        19988.3928902        1904.29560228    0.000324090981842        938.744574390       0.232918628166       0.767081371834 
     0.0356266442110       20383.5720474        20417.2136556        20014.6370252        1904.37445773    0.000324180488801        938.485384909       0.232918628166       0.767081371834 
     0.0363578305269       20378.9536279        20409.8811969        20039.9848513        1904.45055693    0.000324266914083        938.235254970       0.232918628166       0.767081371834 
     0.0371261222983       20374.5069934        20402.8019276        20064.4068844        1904.52381881    0.000324350160591        937.994450991       0.232918628166       0.767081371834 
     0.0379347447336       20370.2377637        20395.9889082        20087.8700730        1904.59415156    0.000324430118999        937.763274728       0.232918628166       0.767081371834 
     0.0387871582983       20366.1522769        20389.4561114        20110.3374316        1904.66145155    0.000324506666499        937.542066841       0.232918628166       0.767081371834 
     0.0396870052446       20362.2576519        20383.2185297        20131.7676943        1904.72560228    0.000324579665638        937.331210243       0.232918628166       0.767081371834 
     0.0406380165950       20358.5617861        20377.2921716        20152.1153324        1904.78647442    0.000324648964350        937.131129995       0.232918628166       0.767081371834 
     0.0416438653981       20355.0732532        20371.6938919        20171.3311085        1904.84392753    0.000324714397872        936.942287767       0.232918628166       0.767081371834 
     0.0427079715830       20351.8010122        20366.4408901        20189.3636975        1904.89781479    0.000324775794219        936.765166087       0.232918628166       0.767081371834 
     0.0438332664018       20348.7538815        20361.5498105        20206.1626031        1904.94799171    0.000324832984078        936.600239893       0.232918628166       0.767081371834 
     0.0450219915059       20345.9396583        20357.0352350        20221.6830437        1904.99433060    0.000324885817372        936.447928916       0.232918628166       0.767081371834 
     0.0462755881718       20343.3640130        20352.9077955        20235.8920979        1905.03673875    0.000324934184099        936.308537854       0.232918628166       0.767081371834 
     0.0475947650007       20341.0293190        20349.1721951        20248.7752093        1905.07517770    0.000324978036382        936.182193110       0.232918628166       0.767081371834 
     0.0489797401753       20338.9337892        20345.8257839        20260.3409953        1905.10967744    0.000325017404780        936.068796127       0.232918628166       0.767081371834 
     0.0504305956347       20337.0711860        20342.8581514        20270.6228746        1905.14034117    0.000325052403821        935.968007731       0.232918628166       0.767081371834 
