# x(m) s(m) tau_w(Pa) Cf Cf_blasius y_plus p(Pa) Cp q(W/m**2) Ch
0.000112 0.000112 1222.922279 0.522984 0.125452 0.518621 435.672548 0.172682 1603608.684619 0.297649
0.000338 0.000338 371.892692 0.159040 0.072309 0.448308 329.677846 0.127353 303178.983749 0.056274
0.000566 0.000566 314.281238 0.134403 0.055880 0.338513 268.262075 0.101089 437447.982002 0.081196
0.000796 0.000796 250.682741 0.107205 0.047113 0.330197 236.008221 0.087296 246009.218563 0.045662
0.001029 0.001029 200.801912 0.085873 0.041447 0.285837 218.359228 0.079748 245660.254832 0.045598
0.001264 0.001264 185.031159 0.079129 0.037398 0.279078 203.634837 0.073451 195875.172908 0.036357
0.001501 0.001501 157.564996 0.067383 0.034316 0.256455 194.073639 0.069362 181428.474606 0.033675
0.001741 0.001741 148.224170 0.063388 0.031867 0.249779 185.380927 0.065645 160636.912884 0.029816
0.001983 0.001983 132.361202 0.056604 0.029859 0.236050 178.563503 0.062729 148414.185396 0.027547
0.002227 0.002227 125.241758 0.053560 0.028174 0.229970 172.463272 0.060121 136508.913911 0.025338
0.002474 0.002474 115.130214 0.049236 0.026732 0.220687 167.253228 0.057892 127358.346673 0.023639
0.002723 0.002723 109.388824 0.046780 0.025480 0.215350 162.549308 0.055881 119221.220174 0.022129
0.002975 0.002975 102.378454 0.043782 0.024378 0.208567 158.364453 0.054091 112320.469897 0.020848
0.003229 0.003229 97.664505 0.041766 0.023399 0.203947 154.548268 0.052459 106249.416609 0.019721
0.003485 0.003485 92.483927 0.039551 0.022522 0.198726 151.077863 0.050975 100889.242990 0.018726
0.003744 0.003744 88.567885 0.037876 0.021729 0.194741 147.880248 0.049608 96129.350940 0.017843
0.004006 0.004006 84.547246 0.036157 0.021008 0.190561 144.928426 0.048345 91839.591806 0.017047
0.004270 0.004270 81.255646 0.034749 0.020348 0.187117 142.184046 0.047172 87981.966324 0.016331
0.004537 0.004537 78.017363 0.033364 0.019741 0.183673 139.624897 0.046077 84461.809040 0.015677
0.004806 0.004806 75.220927 0.032168 0.019180 0.180683 137.221672 0.045049 81257.478364 0.015082
0.005077 0.005077 72.535641 0.031020 0.018660 0.177777 134.959296 0.044082 78303.554299 0.014534
0.005352 0.005352 70.131206 0.029992 0.018175 0.175161 132.817902 0.043166 75589.396663 0.014030
0.005629 0.005629 67.853233 0.029017 0.017723 0.172661 130.785838 0.042297 73063.369147 0.013561
0.005908 0.005908 65.760708 0.028123 0.017298 0.170351 128.852700 0.041470 70729.872586 0.013128
0.006190 0.006190 63.792779 0.027281 0.016899 0.168172 127.010861 0.040683 68535.033139 0.012721
0.006475 0.006475 61.957294 0.026496 0.016524 0.166126 125.251962 0.039931 66512.061385 0.012345
0.006763 0.006763 60.228347 0.025757 0.016169 0.164203 123.569407 0.039211 64571.046675 0.011985
0.007053 0.007053 58.615647 0.025067 0.015832 0.162394 121.960477 0.038523 62818.493725 0.011660
0.007346 0.007346 57.059143 0.024401 0.015513 0.160662 120.412564 0.037861 61056.006569 0.011333
0.007641 0.007641 55.670412 0.023807 0.015210 0.159105 118.938516 0.037231 59572.806358 0.011057
0.007940 0.007940 54.184622 0.023172 0.014922 0.157440 117.493586 0.036613 57878.938749 0.010743
0.008241 0.008241 53.103780 0.022710 0.014647 0.156264 116.160267 0.036043 56754.157533 0.010534
0.008545 0.008545 51.561030 0.022050 0.014384 0.154389 114.590849 0.035371 54898.466579 0.010190
0.008852 0.008852 50.779253 0.021716 0.014132 0.153475 113.219669 0.034785 54180.087549 0.010056
0.009161 0.009161 49.279247 0.021074 0.013892 0.151870 112.132684 0.034320 52493.235733 0.009743
0.009474 0.009474 48.416473 0.020705 0.013661 0.150972 110.987119 0.033830 51614.915241 0.009580
0.009789 0.009789 47.304851 0.020230 0.013439 0.149781 109.870254 0.033353 50323.627723 0.009341
0.010107 0.010107 46.391894 0.019840 0.013226 0.148797 108.764127 0.032880 49380.809572 0.009166
0.010428 0.010428 45.447741 0.019436 0.013021 0.147790 107.679573 0.032416 48286.336095 0.008963
0.010752 0.010752 44.568745 0.019060 0.012823 0.146832 106.608924 0.031958 47355.866816 0.008790
0.011078 0.011078 43.719263 0.018697 0.012633 0.145920 105.552897 0.031506 46380.265260 0.008609
0.011408 0.011408 42.893120 0.018343 0.012449 0.145011 104.509381 0.031060 45489.167427 0.008443
0.011741 0.011741 42.106791 0.018007 0.012271 0.144156 103.479470 0.030620 44595.703986 0.008278
0.012076 0.012076 41.332527 0.017676 0.012099 0.143297 102.464878 0.030186 43752.862025 0.008121
0.012415 0.012415 40.594774 0.017360 0.011933 0.142489 101.468328 0.029759 42925.281761 0.007967
0.012756 0.012756 39.868523 0.017050 0.011772 0.141685 100.493020 0.029342 42134.462689 0.007821
0.013101 0.013101 39.173632 0.016753 0.011617 0.140928 99.541972 0.028936 41366.314723 0.007678
0.013448 0.013448 38.492879 0.016462 0.011466 0.140186 98.618148 0.028541 40629.164573 0.007541
0.013799 0.013799 37.839336 0.016182 0.011319 0.139489 97.723632 0.028158 39917.555099 0.007409
0.014152 0.014152 37.203094 0.015910 0.011177 0.138820 96.859926 0.027789 39233.872288 0.007282
0.014509 0.014509 36.590819 0.015648 0.011039 0.138193 96.027436 0.027433 38576.219249 0.007160
0.014869 0.014869 35.998344 0.015395 0.010904 0.137600 95.225918 0.027090 37943.653779 0.007043
0.015232 0.015232 35.426732 0.015150 0.010774 0.137046 94.454215 0.026760 37336.364564 0.006930
0.015597 0.015597 34.876300 0.014915 0.010646 0.136531 93.710864 0.026442 36750.522927 0.006821
0.015966 0.015966 34.343449 0.014687 0.010523 0.136047 92.993834 0.026135 36189.178895 0.006717
0.016338 0.016338 33.832035 0.014468 0.010402 0.135603 92.301113 0.025839 35644.257599 0.006616
0.016714 0.016714 33.335248 0.014256 0.010285 0.135183 91.630425 0.025552 35124.642235 0.006520
0.017092 0.017092 32.858515 0.014052 0.010170 0.134803 90.979673 0.025274 34613.774396 0.006425
0.017474 0.017474 32.395444 0.013854 0.010059 0.134441 90.346929 0.025003 34133.189711 0.006336
0.017858 0.017858 31.947180 0.013662 0.009950 0.134110 89.730027 0.024740 33647.986752 0.006245
0.018246 0.018246 31.518034 0.013479 0.009843 0.133806 89.128269 0.024482 33207.143167 0.006164
0.018637 0.018637 31.087939 0.013295 0.009740 0.133504 88.538104 0.024230 32735.832387 0.006076
0.019032 0.019032 30.700365 0.013129 0.009638 0.133271 87.962981 0.023984 32342.101465 0.006003
0.019429 0.019429 30.267552 0.012944 0.009539 0.132952 87.388431 0.023738 31863.376954 0.005914
0.019830 0.019830 29.957038 0.012811 0.009442 0.132861 86.833708 0.023501 31544.173060 0.005855
0.020234 0.020234 29.491361 0.012612 0.009347 0.132411 86.196128 0.023228 31009.580776 0.005756
0.020641 0.020641 29.242907 0.012506 0.009255 0.132403 85.627662 0.022985 30785.917210 0.005714
0.021052 0.021052 28.757905 0.012298 0.009164 0.132003 85.150449 0.022781 30261.280267 0.005617
0.021465 0.021465 28.477396 0.012178 0.009075 0.131967 84.644116 0.022565 29985.953681 0.005566
0.021882 0.021882 28.102274 0.012018 0.008988 0.131749 84.143883 0.022351 29562.810352 0.005487
0.022303 0.022303 27.791235 0.011885 0.008903 0.131638 83.645026 0.022137 29255.010982 0.005430
0.022726 0.022726 27.459827 0.011743 0.008820 0.131493 83.152828 0.021927 28883.177882 0.005361
0.023153 0.023153 27.148043 0.011610 0.008738 0.131373 82.665841 0.021719 28567.845003 0.005303
0.023583 0.023583 26.839688 0.011478 0.008658 0.131265 82.185292 0.021513 28227.133142 0.005239
0.024017 0.024017 26.536810 0.011348 0.008580 0.131156 81.710850 0.021310 27915.789995 0.005182
0.024454 0.024454 26.243900 0.011223 0.008503 0.131070 81.242834 0.021110 27596.627966 0.005122
0.024894 0.024894 25.952875 0.011099 0.008427 0.130980 80.781164 0.020913 27294.191457 0.005066
0.025337 0.025337 25.672332 0.010979 0.008353 0.130913 80.325869 0.020718 26991.743395 0.005010
0.025784 0.025784 25.393604 0.010860 0.008280 0.130843 79.876919 0.020526 26700.050978 0.004956
0.026234 0.026234 25.124044 0.010744 0.008209 0.130792 79.434244 0.020337 26411.706982 0.004902
0.026688 0.026688 24.857198 0.010630 0.008139 0.130742 78.997811 0.020150 26131.188145 0.004850
0.027145 0.027145 24.597851 0.010519 0.008070 0.130706 78.567508 0.019966 25855.404952 0.004799
0.027605 0.027605 24.342230 0.010410 0.008003 0.130676 78.143293 0.019785 25585.844186 0.004749
0.028068 0.028068 24.092524 0.010303 0.007936 0.130656 77.725040 0.019606 25321.616772 0.004700
0.028535 0.028535 23.847465 0.010198 0.007871 0.130644 77.312703 0.019429 25062.497117 0.004652
0.029006 0.029006 23.606904 0.010096 0.007807 0.130639 76.906134 0.019255 24809.150417 0.004605
0.029479 0.029479 23.371795 0.009995 0.007744 0.130645 76.505280 0.019084 24559.761151 0.004559
0.029957 0.029957 23.139951 0.009896 0.007682 0.130655 76.109964 0.018915 24316.900936 0.004514
0.030437 0.030437 22.914166 0.009799 0.007621 0.130678 75.720132 0.018748 24076.292096 0.004469
0.030921 0.030921 22.690759 0.009704 0.007561 0.130702 75.335595 0.018584 23843.903369 0.004426
0.031408 0.031408 22.473457 0.009611 0.007503 0.130740 74.956277 0.018422 23610.686748 0.004382
0.031899 0.031899 22.258648 0.009519 0.007445 0.130779 74.582055 0.018262 23389.442206 0.004341
0.032393 0.032393 22.048300 0.009429 0.007388 0.130830 74.212690 0.018104 23161.339879 0.004299
0.032890 0.032890 21.843455 0.009341 0.007332 0.130888 73.848418 0.017948 22953.259472 0.004260
0.033391 0.033391 21.636733 0.009253 0.007276 0.130943 73.488129 0.017794 22726.165300 0.004218
0.033895 0.033895 21.446643 0.009172 0.007222 0.131033 73.133536 0.017642 22535.876967 0.004183
0.034402 0.034402 21.235879 0.009082 0.007169 0.131067 72.777245 0.017490 22301.453040 0.004139
0.034913 0.034913 21.080840 0.009015 0.007116 0.131246 72.428293 0.017341 22142.438141 0.004110
0.035427 0.035427 20.848803 0.008916 0.007064 0.131177 72.037286 0.017173 21881.402808 0.004061
0.035945 0.035945 20.718963 0.008860 0.007013 0.131407 71.687262 0.017024 21765.658404 0.004040
0.036465 0.036465 20.471744 0.008755 0.006963 0.131354 71.384130 0.016894 21500.010946 0.003991
0.036990 0.036990 20.324639 0.008692 0.006913 0.131554 71.064247 0.016757 21359.187888 0.003965
0.037517 0.037517 20.131317 0.008609 0.006865 0.131630 70.747395 0.016622 21141.009637 0.003924
0.038048 0.038048 19.966603 0.008539 0.006817 0.131771 70.431518 0.016487 20981.815960 0.003894
0.038582 0.038582 19.792762 0.008464 0.006769 0.131892 70.119426 0.016353 20787.779542 0.003858
0.039120 0.039120 19.626670 0.008393 0.006722 0.132024 69.810383 0.016221 20622.672115 0.003828
0.039661 0.039661 19.462531 0.008323 0.006676 0.132165 69.504915 0.016090 20442.806105 0.003794
0.040205 0.040205 19.299835 0.008254 0.006631 0.132303 69.202824 0.015961 20277.819481 0.003764
0.040753 0.040753 19.141985 0.008186 0.006586 0.132456 68.904239 0.015833 20107.440352 0.003732
0.041303 0.041303 18.984216 0.008119 0.006542 0.132603 68.609068 0.015707 19945.300219 0.003702
0.041857 0.041857 18.831381 0.008053 0.006499 0.132765 68.317311 0.015582 19782.089756 0.003672
0.042415 0.042415 18.678858 0.007988 0.006456 0.132923 68.028910 0.015459 19623.945815 0.003642
0.042975 0.042975 18.530528 0.007925 0.006414 0.133093 67.743826 0.015337 19466.702470 0.003613
0.043539 0.043539 18.383136 0.007862 0.006372 0.133262 67.462017 0.015217 19312.959989 0.003585
0.044106 0.044106 18.239069 0.007800 0.006331 0.133439 67.183433 0.015098 19161.030515 0.003557
0.044676 0.044676 18.096562 0.007739 0.006291 0.133618 66.908045 0.014980 19011.741273 0.003529
0.045250 0.045250 17.956608 0.007679 0.006251 0.133802 66.635802 0.014863 18864.759856 0.003502
0.045826 0.045826 17.818710 0.007620 0.006211 0.133991 66.366683 0.014748 18719.793410 0.003475
0.046406 0.046406 17.682775 0.007562 0.006172 0.134183 66.100639 0.014634 18577.576289 0.003448
0.046989 0.046989 17.549178 0.007505 0.006134 0.134380 65.837657 0.014522 18436.668447 0.003422
0.047575 0.047575 17.417247 0.007448 0.006096 0.134580 65.577696 0.014411 18299.200907 0.003397
0.048165 0.048165 17.287502 0.007393 0.006058 0.134785 65.320772 0.014301 18161.917369 0.003371
0.048757 0.048757 17.159728 0.007338 0.006022 0.134993 65.066898 0.014192 18029.431563 0.003346
0.049352 0.049352 17.032910 0.007284 0.005985 0.135204 64.816211 0.014085 17895.041731 0.003322
0.049951 0.049951 16.909717 0.007231 0.005949 0.135423 64.568990 0.013979 17768.224751 0.003298
0.050553 0.050553 16.783328 0.007177 0.005914 0.135631 64.325960 0.013876 17635.355990 0.003273
0.051157 0.051157 16.665687 0.007127 0.005879 0.135868 64.088388 0.013774 17516.099739 0.003251
0.051765 0.051765 16.531891 0.007070 0.005844 0.136047 63.858123 0.013675 17382.592504 0.003226
0.052375 0.052375 16.418820 0.007022 0.005810 0.136311 63.643312 0.013584 17274.079842 0.003206
0.052989 0.052989 16.243476 0.006947 0.005776 0.136359 63.463186 0.013507 17136.276775 0.003181
0.053605 0.053605 16.099678 0.006885 0.005743 0.136598 63.365027 0.013465 17044.198256 0.003164
0.054225 0.054225 15.775809 0.006747 0.005710 0.136210 63.378460 0.013470 16880.104864 0.003133
0.054847 0.054847 15.540030 0.006646 0.005677 0.136437 63.682067 0.013600 16827.071866 0.003123
0.055472 0.055472 14.567129 0.006230 0.005645 0.134221 64.802690 0.014079 16652.098388 0.003091
0.056100 0.056100 13.519415 0.005782 0.005614 0.132264 66.877265 0.014967 16570.556615 0.003076
0.056731 0.056731 11.321560 0.004842 0.005582 0.125631 70.995441 0.016728 16345.824608 0.003034
0.057365 0.057365 8.602091 0.003679 0.005551 0.115336 77.545679 0.019529 16022.700230 0.002974
0.058001 0.058001 5.566011 0.002380 0.005521 0.098733 86.302815 0.023274 15425.597820 0.002863
0.058641 0.058641 3.004982 0.001285 0.005491 0.077313 96.212497 0.027512 14683.741606 0.002725
0.059282 0.059282 0.967959 0.000414 0.005461 0.046570 106.252617 0.031805 13789.390472 0.002559
0.059927 0.059927 -0.487218 -0.000208 0.005431 0.034833 115.730171 0.035859 12847.455588 0.002385
0.060574 0.060574 -1.524022 -0.000652 0.005402 0.064510 124.331000 0.039537 11893.003975 0.002207
0.061224 0.061224 -2.215813 -0.000948 0.005374 0.080954 131.968637 0.042803 10979.352755 0.002038
0.061876 0.061876 -2.679668 -0.001146 0.005345 0.092175 138.682072 0.045674 10118.073374 0.001878
0.062531 0.062531 -2.970568 -0.001270 0.005317 0.100055 144.568104 0.048191 9327.336360 0.001731
0.063189 0.063189 -3.148161 -0.001346 0.005289 0.105825 149.734870 0.050401 8606.250902 0.001597
0.063849 0.063849 -3.243733 -0.001387 0.005262 0.110047 154.286949 0.052347 7961.749765 0.001478
0.064511 0.064511 -3.285679 -0.001405 0.005235 0.113198 158.319705 0.054072 7391.543783 0.001372
0.065176 0.065176 -3.292005 -0.001408 0.005208 0.115574 161.910903 0.055608 6898.898436 0.001281
0.065843 0.065843 -3.277116 -0.001401 0.005182 0.117424 165.131430 0.056985 6480.706402 0.001203
0.066513 0.066513 -3.251926 -0.001391 0.005156 0.118945 168.038787 0.058228 6134.232308 0.001139
0.067185 0.067185 -3.221838 -0.001378 0.005130 0.120246 170.683803 0.059360 5851.458553 0.001086
0.067859 0.067859 -3.189948 -0.001364 0.005104 0.121400 173.108408 0.060396 5624.000882 0.001044
0.068536 0.068536 -3.159175 -0.001351 0.005079 0.122478 175.348238 0.061354 5443.039136 0.001010
0.069214 0.069214 -3.129505 -0.001338 0.005054 0.123493 177.427899 0.062244 5301.305781 0.000984
0.069895 0.069895 -3.104553 -0.001328 0.005029 0.124529 179.369179 0.063074 5192.530309 0.000964
0.070578 0.070578 -3.084653 -0.001319 0.005005 0.125607 181.194179 0.063854 5110.977026 0.000949
0.071263 0.071263 -3.070469 -0.001313 0.004981 0.126755 182.923777 0.064594 5051.371651 0.000938
0.071950 0.071950 -3.059963 -0.001309 0.004957 0.127945 184.575468 0.065300 5007.716012 0.000929
0.072639 0.072639 -3.048943 -0.001304 0.004933 0.129098 186.160934 0.065978 4973.543354 0.000923
0.073330 0.073330 -3.035055 -0.001298 0.004910 0.130168 187.688663 0.066632 4944.780771 0.000918
0.074023 0.074023 -3.017565 -0.001290 0.004887 0.131137 189.161408 0.067261 4922.551030 0.000914
0.074718 0.074718 -2.997522 -0.001282 0.004864 0.132027 190.581896 0.067869 4903.144681 0.000910
0.075415 0.075415 -2.975897 -0.001273 0.004842 0.132855 191.945722 0.068452 4890.974037 0.000908
0.076114 0.076114 -2.956865 -0.001265 0.004819 0.133715 193.255630 0.069012 4883.120849 0.000906
0.076814 0.076814 -2.940729 -0.001258 0.004797 0.134614 194.517550 0.069552 4885.705357 0.000907
0.077516 0.077516 -2.931940 -0.001254 0.004776 0.135670 195.749824 0.070079 4889.703181 0.000908
0.078220 0.078220 -2.911486 -0.001245 0.004754 0.136437 196.948839 0.070592 4903.721765 0.000910
0.078925 0.078925 -2.894737 -0.001238 0.004733 0.137275 198.105430 0.071086 4912.610771 0.000912
0.079632 0.079632 -2.878454 -0.001231 0.004712 0.138103 199.228513 0.071567 4930.007890 0.000915
0.080340 0.080340 -2.863636 -0.001225 0.004691 0.138953 200.319967 0.072033 4947.768037 0.000918
0.081050 0.081050 -2.848983 -0.001218 0.004670 0.139792 201.383087 0.072488 4969.247019 0.000922
0.081762 0.081762 -2.836418 -0.001213 0.004650 0.140671 202.420936 0.072932 4991.231193 0.000926
0.082474 0.082474 -2.822799 -0.001207 0.004630 0.141515 203.442018 0.073369 5014.223807 0.000931
0.083188 0.083188 -2.815951 -0.001204 0.004610 0.142521 204.445568 0.073798 5039.170336 0.000935
0.083904 0.083904 -2.808881 -0.001201 0.004590 0.143534 205.487198 0.074243 5066.533829 0.000940
0.084620 0.084620 -2.776484 -0.001187 0.004571 0.143896 206.536737 0.074692 5093.047708 0.000945
0.085338 0.085338 -2.723868 -0.001165 0.004552 0.143694 207.504015 0.075106 5103.970624 0.000947
0.086057 0.086057 -2.662518 -0.001139 0.004532 0.143220 208.442396 0.075507 5108.465079 0.000948
0.086777 0.086777 -2.590115 -0.001108 0.004514 0.142397 209.343708 0.075892 5101.606636 0.000947
0.087499 0.087499 -2.502871 -0.001070 0.004495 0.141081 210.193997 0.076256 5097.504541 0.000946
0.088221 0.088221 -2.411462 -0.001031 0.004477 0.139551 210.968956 0.076588 5082.192970 0.000943
0.088944 0.088944 -2.302743 -0.000985 0.004458 0.137386 211.669482 0.076887 5076.926941 0.000942
0.089668 0.089668 -2.204646 -0.000943 0.004440 0.135398 212.254297 0.077137 5059.630776 0.000939
0.090393 0.090393 -2.081285 -0.000890 0.004422 0.132448 212.725463 0.077339 5066.671862 0.000940
0.091119 0.091119 -2.038295 -0.000872 0.004405 0.131860 212.912155 0.077419 5087.462976 0.000944
0.091845 0.091845 -2.031838 -0.000869 0.004387 0.132369 213.009111 0.077460 5167.414748 0.000959
0.092572 0.092572 -2.043439 -0.000874 0.004370 0.133459 213.083203 0.077492 5245.829682 0.000974
0.093300 0.093300 -2.112769 -0.000904 0.004353 0.136348 213.093370 0.077496 5405.628467 0.001003
0.094028 0.094028 -2.235747 -0.000956 0.004336 0.140894 213.044884 0.077475 5573.618893 0.001035
0.094757 0.094757 -2.423767 -0.001037 0.004319 0.147249 212.930756 0.077426 5848.852912 0.001086
0.095487 0.095487 -2.682731 -0.001147 0.004303 0.155528 212.857041 0.077395 6095.712431 0.001131
0.096217 0.096217 -2.977351 -0.001273 0.004287 0.164394 212.829158 0.077383 6466.326407 0.001200
0.096947 0.096947 -3.317372 -0.001419 0.004270 0.174247 212.918711 0.077421 6734.209826 0.001250
0.097678 0.097678 -3.715303 -0.001589 0.004254 0.185089 213.249256 0.077563 7174.715531 0.001332
0.098409 0.098409 -4.078027 -0.001744 0.004239 0.195047 213.974903 0.077873 7391.073267 0.001372
0.099140 0.099140 -4.501951 -0.001925 0.004223 0.206266 215.577278 0.078558 7851.656387 0.001457
0.099871 0.099871 -4.135033 -0.001768 0.004207 0.200466 219.283766 0.080143 7812.337323 0.001450
0.100603 0.100603 -3.960483 -0.001694 0.004192 0.197823 220.929690 0.080847 7931.992179 0.001472
0.101334 0.101334 -1.407405 -0.000602 0.004177 0.120941 227.793417 0.083783 7083.002282 0.001315
0.101996 0.102042 -1.187177 -0.000508 0.004162 0.107222 212.811128 0.077375 6281.695082 0.001166
0.102587 0.102725 -2.971813 -0.001271 0.004149 0.170424 215.505893 0.078528 6661.523934 0.001236
0.103179 0.103408 -3.119237 -0.001334 0.004135 0.173338 214.712022 0.078188 7707.114415 0.001431
0.103770 0.104091 -3.904787 -0.001670 0.004121 0.193229 213.868740 0.077828 8094.278615 0.001502
0.104362 0.104774 -4.788589 -0.002048 0.004108 0.212762 213.263568 0.077569 8954.709042 0.001662
0.104953 0.105457 -5.559758 -0.002378 0.004094 0.228585 213.135751 0.077514 9514.173284 0.001766
0.105545 0.106140 -6.389113 -0.002732 0.004081 0.244433 213.598339 0.077712 10251.971933 0.001903
0.106136 0.106823 -7.152961 -0.003059 0.004068 0.258601 214.693480 0.078180 10828.448678 0.002010
0.106728 0.107506 -7.862644 -0.003362 0.004055 0.271427 216.503298 0.078954 11485.238790 0.002132
0.107319 0.108189 -8.502492 -0.003636 0.004042 0.283131 219.006880 0.080025 12063.792941 0.002239
0.107911 0.108872 -9.079380 -0.003883 0.004030 0.293864 222.204002 0.081392 12685.985957 0.002355
0.108502 0.109555 -9.594241 -0.004103 0.004017 0.303874 226.057903 0.083040 13276.221710 0.002464
0.109094 0.110238 -10.051470 -0.004299 0.004005 0.313219 230.540911 0.084957 13895.165627 0.002579
0.109685 0.110921 -10.460901 -0.004474 0.003992 0.322140 235.614539 0.087127 14508.756503 0.002693
0.110277 0.111604 -10.828113 -0.004631 0.003980 0.330691 241.255644 0.089540 15148.720089 0.002812
0.110868 0.112287 -11.159786 -0.004772 0.003968 0.339001 247.438107 0.092184 15799.682444 0.002933
0.111460 0.112970 -11.463137 -0.004902 0.003956 0.347143 254.139905 0.095050 16478.114121 0.003059
0.112051 0.113653 -11.744381 -0.005022 0.003944 0.355218 261.362659 0.098138 17180.303505 0.003189
0.112643 0.114336 -12.004818 -0.005134 0.003932 0.363218 269.093078 0.101444 17913.809567 0.003325
0.113234 0.115019 -12.251289 -0.005239 0.003921 0.371243 277.340774 0.104971 18678.443628 0.003467
0.113826 0.115702 -12.484675 -0.005339 0.003909 0.379288 286.111641 0.108722 19481.483578 0.003616
0.114417 0.116385 -12.708061 -0.005435 0.003897 0.387401 295.425199 0.112705 20321.886997 0.003772
0.115009 0.117068 -12.922979 -0.005527 0.003886 0.395585 305.295161 0.116926 21208.801545 0.003937
0.115600 0.117751 -13.131073 -0.005616 0.003875 0.403875 315.756346 0.121400 22139.986513 0.004109
0.116192 0.118434 -13.330745 -0.005701 0.003864 0.412211 326.820274 0.126131 23130.143274 0.004293
0.116783 0.119117 -13.534289 -0.005788 0.003853 0.420823 338.536146 0.131142 24165.254485 0.004485
0.117375 0.119800 -13.731482 -0.005872 0.003842 0.429478 350.960244 0.136455 25292.872262 0.004695
0.117966 0.120483 -13.929486 -0.005957 0.003831 0.438404 364.115893 0.142081 26451.379756 0.004910
0.118558 0.121166 -14.119650 -0.006038 0.003820 0.447256 378.080362 0.148053 27756.753653 0.005152
0.119149 0.121849 -14.328071 -0.006127 0.003809 0.456802 392.906265 0.154393 29040.626613 0.005390
0.119741 0.122532 -14.527853 -0.006213 0.003798 0.465953 408.720846 0.161156 30646.960268 0.005688
0.120332 0.123215 -14.790814 -0.006325 0.003788 0.476990 425.560347 0.168358 32031.556500 0.005945
0.120924 0.123898 -15.026966 -0.006426 0.003777 0.486347 443.849243 0.176179 34304.749599 0.006367
0.121515 0.124581 -15.083743 -0.006451 0.003767 0.495621 463.268903 0.184484 35418.879184 0.006574
0.122107 0.125264 -15.207143 -0.006503 0.003757 0.504036 484.007297 0.193353 37661.678072 0.006990
0.122698 0.125947 -15.298313 -0.006542 0.003747 0.513329 506.145126 0.202820 39449.351450 0.007322
0.123290 0.126630 -15.382362 -0.006578 0.003736 0.521884 529.877946 0.212969 41762.509587 0.007752
0.123881 0.127313 -15.443569 -0.006604 0.003726 0.530593 555.321468 0.223850 44058.584671 0.008178
0.124473 0.127996 -15.468260 -0.006615 0.003716 0.538586 582.680864 0.235550 46651.415868 0.008659
0.125064 0.128679 -15.430092 -0.006599 0.003707 0.545737 612.115559 0.248138 49378.687773 0.009165
0.125656 0.129362 -15.315716 -0.006550 0.003697 0.551579 643.726635 0.261657 52318.577458 0.009711
0.126247 0.130045 -15.149008 -0.006478 0.003687 0.556633 677.801284 0.276229 55426.623141 0.010288
0.126839 0.130728 -14.922875 -0.006382 0.003677 0.560335 714.532918 0.291937 58892.126976 0.010931
0.127430 0.131411 -14.567975 -0.006230 0.003668 0.561568 754.066942 0.308844 62569.915886 0.011614
0.128022 0.132094 -14.093496 -0.006027 0.003658 0.560342 796.583498 0.327026 66444.561694 0.012333
0.128613 0.132777 -13.507784 -0.005777 0.003649 0.556316 842.517555 0.346670 70706.954510 0.013124
0.129205 0.133460 -12.739048 -0.005448 0.003640 0.547767 891.935419 0.367803 75292.287079 0.013975
0.129796 0.134143 -11.814274 -0.005052 0.003630 0.535120 945.056995 0.390521 79980.086199 0.014845
0.130388 0.134826 -10.719486 -0.004584 0.003621 0.516539 1002.256389 0.414982 85289.348934 0.015831
0.130979 0.135509 -9.419828 -0.004028 0.003612 0.490818 1063.546426 0.441193 90773.111626 0.016849
0.131571 0.136192 -7.869068 -0.003365 0.003603 0.454343 1129.571091 0.469428 96867.870846 0.017980
0.132162 0.136875 -6.032209 -0.002580 0.003594 0.402790 1199.801388 0.499462 103268.318842 0.019168
0.132754 0.137558 -3.845338 -0.001644 0.003585 0.325466 1275.710102 0.531925 110265.090331 0.020467
0.133345 0.138241 -1.244417 -0.000532 0.003576 0.187385 1356.346218 0.566409 117486.347583 0.021807
0.133937 0.138924 1.708395 0.000731 0.003567 0.222101 1442.182293 0.603117 125167.834244 0.023233
0.134528 0.139607 5.121518 0.002190 0.003559 0.388727 1532.961720 0.641939 133361.897004 0.024754
0.135120 0.140290 9.050947 0.003871 0.003550 0.522068 1628.705685 0.682884 142013.742140 0.026359
0.135711 0.140973 13.527396 0.005785 0.003541 0.644427 1728.860755 0.725715 151043.082613 0.028035
0.136303 0.141656 18.519651 0.007920 0.003533 0.761343 1833.013093 0.770256 160126.896479 0.029722
0.136894 0.142339 24.188909 0.010344 0.003524 0.877263 1940.785270 0.816345 169922.371150 0.031540
0.137486 0.143022 30.476687 0.013033 0.003516 0.993061 2049.869587 0.862995 179345.491523 0.033289
0.138077 0.143705 37.503075 0.016038 0.003507 1.108874 2160.552306 0.910328 189525.440480 0.035178
0.138669 0.144388 45.089522 0.019283 0.003499 1.224604 2268.715899 0.956584 198762.428775 0.036893
0.139260 0.145071 52.996122 0.022664 0.003491 1.336458 2374.847513 1.001972 207726.334497 0.038557
0.139852 0.145754 61.088234 0.026124 0.003483 1.445882 2475.932258 1.045201 215235.756869 0.039950
0.140443 0.146437 70.048127 0.029956 0.003475 1.554341 2573.872611 1.087085 224258.924637 0.041625
0.141035 0.147120 77.286430 0.033052 0.003467 1.650540 2662.550484 1.125008 227950.640059 0.042310
0.141626 0.147803 85.650465 0.036628 0.003459 1.745472 2736.554527 1.156656 233533.392330 0.043347
0.142218 0.148486 92.598191 0.039600 0.003451 1.830660 2802.876385 1.185018 235682.255954 0.043746
0.142809 0.149169 100.919297 0.043158 0.003443 1.917625 2860.167562 1.209519 239912.501739 0.044531
0.143401 0.149852 110.192278 0.047124 0.003435 2.008190 2888.616747 1.221685 241756.467708 0.044873
0.143992 0.150535 117.216765 0.050128 0.003427 2.074023 2886.340285 1.220712 240852.689016 0.044705
0.144584 0.151218 124.231337 0.053128 0.003419 2.135593 2864.794649 1.211498 238624.100440 0.044292
0.145175 0.151901 130.723964 0.055904 0.003412 2.188094 2815.863400 1.190572 234319.384540 0.043493
0.145767 0.152584 136.006781 0.058163 0.003404 2.226638 2736.919129 1.156812 227460.853496 0.042220
0.146358 0.153267 139.425601 0.059625 0.003396 2.247401 2634.585694 1.113049 218431.860377 0.040544
0.146950 0.153950 140.856443 0.060237 0.003389 2.248040 2513.796491 1.061393 208152.278385 0.038636
0.147541 0.154633 139.950696 0.059850 0.003381 2.228052 2382.915267 1.005422 196941.754791 0.036555
0.148133 0.155316 138.096632 0.059057 0.003374 2.197931 2248.754648 0.948048 185633.929554 0.034456
0.148724 0.155999 135.627739 0.058001 0.003366 2.158280 2111.860293 0.889505 174671.927590 0.032421
0.149316 0.156682 131.815809 0.056371 0.003359 2.109531 1985.316374 0.835388 164099.607658 0.030459
0.149907 0.157365 126.861914 0.054253 0.003352 2.053919 1871.489018 0.786710 154100.019979 0.028603
0.150499 0.158048 121.446944 0.051937 0.003345 1.995693 1771.212710 0.743827 145087.298094 0.026930
0.151090 0.158731 116.051496 0.049629 0.003337 1.938900 1686.073903 0.707417 137290.917560 0.025483
0.151682 0.159414 111.021658 0.047478 0.003330 1.886339 1615.131911 0.677079 130699.296073 0.024259
0.152273 0.160097 106.594850 0.045585 0.003323 1.839631 1555.929172 0.651761 125183.545394 0.023236
0.152865 0.160780 102.865306 0.043990 0.003316 1.799064 1505.344051 0.630128 120550.992331 0.022376
0.153456 0.161463 99.702230 0.042638 0.003309 1.763389 1460.545303 0.610970 116532.787987 0.021630
0.154048 0.162146 96.870996 0.041427 0.003302 1.730903 1420.173959 0.593705 112918.648810 0.020959
0.154639 0.162829 94.259171 0.040310 0.003295 1.700847 1383.816205 0.578156 109631.076702 0.020349
0.155231 0.163512 91.874474 0.039290 0.003288 1.673139 1350.920005 0.564088 106652.547664 0.019796
0.155822 0.164195 89.688466 0.038355 0.003281 1.647448 1320.948912 0.551271 103947.243925 0.019294
0.156414 0.164878 87.569051 0.037449 0.003275 1.622949 1293.935609 0.539719 101449.840719 0.018830
0.157005 0.165561 85.399664 0.036521 0.003268 1.599147 1270.816354 0.529832 99169.108355 0.018407
0.157597 0.166244 83.239370 0.035597 0.003261 1.576964 1252.235984 0.521886 97115.888216 0.018026
0.158188 0.166927 81.286939 0.034762 0.003254 1.557401 1237.888242 0.515750 95449.844933 0.017717
0.158780 0.167610 79.633449 0.034055 0.003248 1.541543 1226.549687 0.510901 93971.260104 0.017442
0.159371 0.168293 78.307059 0.033488 0.003241 1.528010 1217.329977 0.506958 92940.990601 0.017251
0.159963 0.168976 76.995291 0.032927 0.003235 1.516466 1208.764953 0.503296 91567.047122 0.016996
0.160554 0.169659 76.130907 0.032557 0.003228 1.506868 1201.713721 0.500280 90929.802379 0.016878
0.161146 0.170342 75.035573 0.032089 0.003222 1.497334 1196.293669 0.497962 89982.406237 0.016702
0.161737 0.171025 73.728653 0.031530 0.003215 1.486524 1192.860257 0.496494 89100.801691 0.016538
0.162329 0.171708 72.722070 0.031100 0.003209 1.479506 1192.785568 0.496462 88489.316541 0.016425
0.162920 0.172391 71.732059 0.030676 0.003202 1.472971 1194.145368 0.497044 87983.715385 0.016331
0.163512 0.173074 70.887953 0.030315 0.003196 1.468114 1197.167759 0.498336 87645.490498 0.016268
0.164103 0.173757 70.278774 0.030055 0.003190 1.465418 1201.451240 0.500168 87524.557119 0.016246
0.164695 0.174440 69.812095 0.029855 0.003184 1.464604 1206.348965 0.502262 87387.126293 0.016220
0.165286 0.175123 69.421825 0.029688 0.003177 1.464463 1211.529591 0.504478 87308.018297 0.016205
0.165878 0.175806 69.054577 0.029531 0.003171 1.464716 1217.076586 0.506850 87236.659957 0.016192
0.166469 0.176489 68.710109 0.029384 0.003165 1.465280 1223.124728 0.509437 87208.949899 0.016187
0.167061 0.177172 68.422582 0.029261 0.003159 1.466532 1229.659616 0.512231 87220.602701 0.016189
0.167652 0.177855 68.205625 0.029168 0.003153 1.468483 1236.445103 0.515133 87271.745148 0.016199
0.168244 0.178538 68.038244 0.029097 0.003147 1.470922 1243.356646 0.518089 87344.071449 0.016212
0.168835 0.179221 67.904887 0.029040 0.003141 1.473702 1250.344070 0.521077 87427.173281 0.016228
0.169427 0.179904 67.787137 0.028989 0.003135 1.476659 1257.405231 0.524097 87513.837826 0.016244
0.170018 0.180587 67.662589 0.028936 0.003129 1.479632 1264.646474 0.527193 87599.459000 0.016260
0.170610 0.181270 67.519719 0.028875 0.003123 1.482573 1272.254850 0.530447 87690.480588 0.016276
0.171201 0.181953 67.374190 0.028813 0.003117 1.485624 1280.251698 0.533867 87794.852495 0.016296
0.171793 0.182636 67.287466 0.028776 0.003111 1.489238 1288.627308 0.537449 87961.153526 0.016327
0.172384 0.183319 67.274380 0.028770 0.003105 1.493754 1297.367556 0.541187 88149.675681 0.016362
0.172976 0.184002 67.328841 0.028793 0.003100 1.498656 1305.718898 0.544758 88365.212096 0.016402
0.173567 0.184685 67.492453 0.028863 0.003094 1.504415 1313.364270 0.548028 88567.834549 0.016439
0.174159 0.185368 67.843560 0.029013 0.003088 1.511125 1319.419671 0.550617 88819.118403 0.016486
0.174750 0.186051 68.191428 0.029162 0.003083 1.517202 1323.324123 0.552287 88930.907076 0.016507
0.175342 0.186734 68.555432 0.029318 0.003077 1.523449 1326.221047 0.553526 88919.555271 0.016505
0.175933 0.187417 68.733559 0.029394 0.003071 1.527008 1327.247247 0.553965 88810.630959 0.016484
0.176525 0.188100 68.778306 0.029413 0.003066 1.529294 1328.025245 0.554297 88627.019472 0.016450
0.177116 0.188783 68.738656 0.029396 0.003060 1.530648 1328.485791 0.554494 88403.169621 0.016409
0.177708 0.189466 68.641331 0.029355 0.003055 1.531585 1329.292887 0.554839 88174.232293 0.016366
0.178299 0.190149 68.478586 0.029285 0.003049 1.532113 1330.567450 0.555385 87934.164627 0.016322
0.178891 0.190832 68.266749 0.029194 0.003044 1.532278 1332.447021 0.556188 87727.276409 0.016283
0.179482 0.191515 68.096063 0.029121 0.003038 1.532977 1334.675649 0.557141 87546.614275 0.016250
0.180074 0.192198 68.027945 0.029092 0.003033 1.534513 1337.210969 0.558226 87470.185807 0.016236
0.180665 0.192881 67.987144 0.029075 0.003028 1.536337 1339.290478 0.559115 87342.285834 0.016212
0.181257 0.193564 67.977846 0.029071 0.003022 1.538346 1341.109785 0.559893 87219.172557 0.016189
0.181848 0.194247 68.032207 0.029094 0.003017 1.540623 1342.131491 0.560330 87095.435902 0.016166
0.182440 0.194930 68.057457 0.029105 0.003012 1.542350 1342.354466 0.560425 86922.052499 0.016134
0.183031 0.195613 68.058180 0.029105 0.003006 1.543679 1342.133426 0.560331 86720.612162 0.016096
0.183623 0.196296 68.037959 0.029096 0.003001 1.544726 1341.466851 0.560046 86475.537583 0.016051
0.184214 0.196979 67.985021 0.029074 0.002996 1.545232 1340.332877 0.559561 86209.884181 0.016002
0.184806 0.197662 67.895192 0.029035 0.002991 1.545353 1339.109108 0.559037 85926.325430 0.015949
0.185397 0.198345 67.768071 0.028981 0.002986 1.545120 1337.910973 0.558525 85631.326941 0.015894
0.185989 0.199028 67.625668 0.028920 0.002980 1.544692 1336.688926 0.558002 85337.534373 0.015840
0.186580 0.199711 67.479510 0.028858 0.002975 1.544195 1335.444718 0.557470 85046.296990 0.015786
0.187172 0.200394 67.329445 0.028793 0.002970 1.543635 1334.178626 0.556929 84755.836753 0.015732
0.187763 0.201077 67.173937 0.028727 0.002965 1.543004 1332.905938 0.556385 84466.070011 0.015678
0.188355 0.201760 67.013031 0.028658 0.002960 1.542307 1331.641714 0.555844 84177.751036 0.015624
0.188946 0.202443 66.845742 0.028587 0.002955 1.541542 1330.403670 0.555314 83890.896975 0.015571
0.189538 0.203126 66.670128 0.028512 0.002950 1.540704 1329.223336 0.554810 83605.767238 0.015518
0.190129 0.203809 66.487818 0.028434 0.002945 1.539818 1328.137325 0.554345 83325.146642 0.015466
0.190721 0.204492 66.303837 0.028355 0.002940 1.538934 1327.155226 0.553925 83051.926900 0.015415
0.191312 0.205175 66.123451 0.028278 0.002935 1.538101 1326.268278 0.553546 82787.455436 0.015366
0.191904 0.205858 65.947111 0.028202 0.002931 1.537315 1325.449696 0.553196 82530.343309 0.015319
0.192495 0.206541 65.770588 0.028127 0.002926 1.536549 1324.704740 0.552877 82276.933252 0.015272
0.193087 0.207224 65.588833 0.028049 0.002921 1.535750 1324.068320 0.552605 82029.977564 0.015226
0.193678 0.207907 65.383017 0.027961 0.002916 1.534793 1323.600309 0.552405 81776.874183 0.015179
0.194270 0.208590 65.177753 0.027873 0.002911 1.533901 1323.422552 0.552329 81545.031256 0.015136
0.194861 0.209273 64.998299 0.027797 0.002907 1.533330 1323.430250 0.552332 81330.786659 0.015096
0.195453 0.209956 64.825706 0.027723 0.002902 1.532826 1323.519333 0.552370 81127.978129 0.015058
0.196044 0.210639 64.666133 0.027655 0.002897 1.532474 1323.673498 0.552436 80932.738898 0.015022
0.196636 0.211322 64.510867 0.027588 0.002892 1.532175 1323.885950 0.552527 80743.123080 0.014987
0.197227 0.212005 64.352293 0.027520 0.002888 1.531891 1324.182017 0.552654 80551.733579 0.014951
0.197819 0.212688 64.183680 0.027448 0.002883 1.531520 1324.619930 0.552841 80369.675236 0.014918
0.198410 0.213371 64.006771 0.027373 0.002878 1.531197 1325.251899 0.553111 80179.719446 0.014882
0.199002 0.214054 63.847906 0.027305 0.002874 1.530953 1326.059085 0.553457 80036.819408 0.014856
0.199593 0.214737 63.710656 0.027246 0.002869 1.531141 1326.867217 0.553802 79858.669910 0.014823
0.200185 0.215420 63.619591 0.027207 0.002865 1.531500 1327.641973 0.554133 79753.635920 0.014803
0.200776 0.216103 63.517063 0.027163 0.002860 1.531875 1328.271323 0.554403 79600.186458 0.014775
0.201368 0.216786 63.409721 0.027117 0.002856 1.532139 1328.826660 0.554640 79448.776557 0.014747
0.201959 0.217469 63.289370 0.027066 0.002851 1.532271 1329.386680 0.554880 79292.408245 0.014718
0.202551 0.218152 63.149342 0.027006 0.002847 1.532244 1330.064316 0.555169 79133.154815 0.014688
0.203142 0.218835 62.995074 0.026940 0.002842 1.532133 1330.921065 0.555536 78976.065864 0.014659
0.203734 0.219518 62.853647 0.026879 0.002838 1.532166 1331.935927 0.555970 78838.943368 0.014633
0.204325 0.220201 62.747929 0.026834 0.002833 1.532551 1332.990000 0.556421 78722.510411 0.014612
0.204917 0.220884 62.669557 0.026801 0.002829 1.533189 1333.917924 0.556817 78607.319474 0.014590
0.205508 0.221567 62.600148 0.026771 0.002825 1.533851 1334.643491 0.557128 78485.975524 0.014568
0.206100 0.222250 62.523815 0.026738 0.002820 1.534379 1335.192291 0.557362 78353.992198 0.014543
0.206691 0.222933 62.432828 0.026699 0.002816 1.534731 1335.666793 0.557565 78212.753622 0.014517
0.207283 0.223616 62.323359 0.026653 0.002812 1.534900 1336.159311 0.557776 78064.499040 0.014490
0.207874 0.224299 62.196572 0.026598 0.002807 1.534921 1336.760784 0.558033 77915.136165 0.014462
0.208466 0.224982 62.063707 0.026542 0.002803 1.534897 1337.454338 0.558330 77769.856338 0.014435
0.209057 0.225665 61.954503 0.026495 0.002799 1.535126 1338.253454 0.558671 77644.008945 0.014412
0.209649 0.226348 61.875983 0.026461 0.002795 1.535576 1338.873479 0.558937 77528.830582 0.014390
0.210240 0.227031 61.827654 0.026441 0.002791 1.536350 1339.395649 0.559160 77412.718191 0.014369
0.210832 0.227714 61.773088 0.026417 0.002786 1.536901 1339.539972 0.559222 77282.443623 0.014345
0.211423 0.228397 61.699684 0.026386 0.002782 1.537205 1339.528759 0.559217 77137.201376 0.014318
0.212015 0.229081 61.617608 0.026351 0.002778 1.537378 1339.396056 0.559160 76982.468884 0.014289
0.212606 0.229764 61.504636 0.026302 0.002774 1.537247 1339.308763 0.559123 76816.904378 0.014258
0.213198 0.230447 61.380763 0.026250 0.002770 1.537027 1339.297684 0.559118 76650.085273 0.014227
0.213789 0.231130 61.259039 0.026197 0.002766 1.536804 1339.360964 0.559145 76497.130844 0.014199
0.214381 0.231813 61.148292 0.026150 0.002762 1.536682 1339.357545 0.559144 76343.599507 0.014170
0.214972 0.232496 61.069970 0.026117 0.002758 1.536774 1339.240483 0.559094 76214.809821 0.014146
0.215564 0.233179 61.020777 0.026096 0.002754 1.537235 1338.923235 0.558958 76063.142151 0.014118
0.216155 0.233862 61.014103 0.026093 0.002749 1.537790 1338.225719 0.558660 75955.184369 0.014098
0.216747 0.234545 61.118955 0.026138 0.002745 1.539463 1336.625194 0.557975 75802.001219 0.014070
0.217338 0.235228 61.529303 0.026313 0.002741 1.542694 1333.249551 0.556532 75892.318383 0.014087
0.217930 0.235911 62.622196 0.026780 0.002738 1.552568 1325.120875 0.553055 75796.726769 0.014069
0.218521 0.236594 66.507742 0.028442 0.002734 1.579228 1304.690147 0.544318 77489.660476 0.014383
0.219113 0.237277 74.059413 0.031672 0.002730 1.621961 1239.103561 0.516270 77975.023966 0.014473
0.219704 0.237960 103.040055 0.044065 0.002726 1.810593 1219.038605 0.507689 92975.560980 0.017257
