# pos.x pos.y pos.z volume rho vel.x vel.y vel.z p a mu k[0] mu_t k_t S tke omega massf[0] e[0] T[0] 
0.000000e+00 0.000000e+00 2.270683e-03 7.202441e-07 1.537610e-01 5.063760e+02 1.699910e-01 0.000000e+00 7.056758e+03 2.534806e+02 1.090207e-05 1.425326e-02 2.302907e-03 2.599756e+00 0.000000e+00 1.262425e+03 8.431153e+04 1.000000e+00 1.147366e+05 1.598763e+02
0.000000e+00 0.000000e+00 2.270683e-03 7.202252e-07 1.539493e-01 5.068231e+02 1.717212e-01 0.000000e+00 7.056808e+03 2.533263e+02 1.089000e-05 1.423508e-02 2.304028e-03 2.601022e+00 0.000000e+00 1.262467e+03 8.437653e+04 1.000000e+00 1.145970e+05 1.596818e+02
0.000000e+00 0.000000e+00 2.270683e-03 7.202441e-07 1.537610e-01 5.063760e+02 1.699910e-01 0.000000e+00 7.056758e+03 2.534806e+02 1.090207e-05 1.425326e-02 2.302907e-03 2.599756e+00 0.000000e+00 1.262425e+03 8.431153e+04 1.000000e+00 1.147366e+05 1.598763e+02
0.000000e+00 0.000000e+00 2.270683e-03 7.202252e-07 1.539493e-01 5.068231e+02 1.717212e-01 0.000000e+00 7.056808e+03 2.533263e+02 1.089000e-05 1.423508e-02 2.304028e-03 2.601022e+00 0.000000e+00 1.262467e+03 8.437653e+04 1.000000e+00 1.145970e+05 1.596818e+02
0.000000e+00 0.000000e+00 2.270683e-03 7.202441e-07 1.537610e-01 5.063760e+02 1.699910e-01 0.000000e+00 7.056758e+03 2.534806e+02 1.090207e-05 1.425326e-02 2.302907e-03 2.599756e+00 0.000000e+00 1.262425e+03 8.431153e+04 1.000000e+00 1.147366e+05 1.598763e+02
0.000000e+00 0.000000e+00 2.270683e-03 7.202252e-07 1.539493e-01 5.068231e+02 1.717212e-01 0.000000e+00 7.056808e+03 2.533263e+02 1.089000e-05 1.423508e-02 2.304028e-03 2.601022e+00 0.000000e+00 1.262467e+03 8.437653e+04 1.000000e+00 1.145970e+05 1.596818e+02
0.000000e+00 0.000000e+00 2.270683e-03 7.202441e-07 1.537610e-01 5.063760e+02 1.699910e-01 0.000000e+00 7.056758e+03 2.534806e+02 1.090207e-05 1.425326e-02 2.302907e-03 2.599756e+00 0.000000e+00 1.262425e+03 8.431153e+04 1.000000e+00 1.147366e+05 1.598763e+02
0.000000e+00 0.000000e+00 2.270683e-03 7.202252e-07 1.539493e-01 5.068231e+02 1.717212e-01 0.000000e+00 7.056808e+03 2.533263e+02 1.089000e-05 1.423508e-02 2.304028e-03 2.601022e+00 0.000000e+00 1.262467e+03 8.437653e+04 1.000000e+00 1.145970e+05 1.596818e+02
0.000000e+00 0.000000e+00 2.270683e-03 7.202441e-07 1.537610e-01 5.063760e+02 1.699910e-01 0.000000e+00 7.056758e+03 2.534806e+02 1.090207e-05 1.425326e-02 2.302907e-03 2.599756e+00 0.000000e+00 1.262425e+03 8.431153e+04 1.000000e+00 1.147366e+05 1.598763e+02
0.000000e+00 0.000000e+00 2.270683e-03 7.202252e-07 1.539493e-01 5.068231e+02 1.717212e-01 0.000000e+00 7.056808e+03 2.533263e+02 1.089000e-05 1.423508e-02 2.304028e-03 2.601022e+00 0.000000e+00 1.262467e+03 8.437653e+04 1.000000e+00 1.145970e+05 1.596818e+02
0.000000e+00 0.000000e+00 2.514389e-03 7.907051e-07 1.563386e-01 5.121222e+02 1.943856e-01 0.000000e+00 7.057348e+03 2.513929e+02 1.073890e-05 1.400780e-02 2.542618e-03 2.870366e+00 0.000000e+00 1.236466e+03 7.605016e+04 1.000000e+00 1.128545e+05 1.572537e+02
0.000000e+00 0.000000e+00 2.514389e-03 7.906844e-07 1.565382e-01 5.125741e+02 1.960475e-01 0.000000e+00 7.057404e+03 2.512337e+02 1.072646e-05 1.398913e-02 2.543568e-03 2.871439e+00 0.000000e+00 1.236364e+03 7.611246e+04 1.000000e+00 1.127116e+05 1.570545e+02
0.000000e+00 0.000000e+00 2.514389e-03 7.907051e-07 1.563386e-01 5.121222e+02 1.943856e-01 0.000000e+00 7.057348e+03 2.513929e+02 1.073890e-05 1.400780e-02 2.542618e-03 2.870366e+00 0.000000e+00 1.236466e+03 7.605016e+04 1.000000e+00 1.128545e+05 1.572537e+02
0.000000e+00 0.000000e+00 2.514389e-03 7.906844e-07 1.565382e-01 5.125741e+02 1.960475e-01 0.000000e+00 7.057404e+03 2.512337e+02 1.072646e-05 1.398913e-02 2.543568e-03 2.871439e+00 0.000000e+00 1.236364e+03 7.611246e+04 1.000000e+00 1.127116e+05 1.570545e+02
0.000000e+00 0.000000e+00 2.514389e-03 7.907051e-07 1.563386e-01 5.121222e+02 1.943856e-01 0.000000e+00 7.057348e+03 2.513929e+02 1.073890e-05 1.400780e-02 2.542618e-03 2.870366e+00 0.000000e+00 1.236466e+03 7.605016e+04 1.000000e+00 1.128545e+05 1.572537e+02
0.000000e+00 0.000000e+00 2.514389e-03 7.906844e-07 1.565382e-01 5.125741e+02 1.960475e-01 0.000000e+00 7.057404e+03 2.512337e+02 1.072646e-05 1.398913e-02 2.543568e-03 2.871439e+00 0.000000e+00 1.236364e+03 7.611246e+04 1.000000e+00 1.127116e+05 1.570545e+02
0.000000e+00 0.000000e+00 2.514389e-03 7.907051e-07 1.563386e-01 5.121222e+02 1.943856e-01 0.000000e+00 7.057348e+03 2.513929e+02 1.073890e-05 1.400780e-02 2.542618e-03 2.870366e+00 0.000000e+00 1.236466e+03 7.605016e+04 1.000000e+00 1.128545e+05 1.572537e+02
0.000000e+00 0.000000e+00 2.514389e-03 7.906844e-07 1.565382e-01 5.125741e+02 1.960475e-01 0.000000e+00 7.057404e+03 2.512337e+02 1.072646e-05 1.398913e-02 2.543568e-03 2.871439e+00 0.000000e+00 1.236364e+03 7.611246e+04 1.000000e+00 1.127116e+05 1.570545e+02
0.000000e+00 0.000000e+00 2.514389e-03 7.907051e-07 1.563386e-01 5.121222e+02 1.943856e-01 0.000000e+00 7.057348e+03 2.513929e+02 1.073890e-05 1.400780e-02 2.542618e-03 2.870366e+00 0.000000e+00 1.236466e+03 7.605016e+04 1.000000e+00 1.128545e+05 1.572537e+02
0.000000e+00 0.000000e+00 2.514389e-03 7.906844e-07 1.565382e-01 5.125741e+02 1.960475e-01 0.000000e+00 7.057404e+03 2.512337e+02 1.072646e-05 1.398913e-02 2.543568e-03 2.871439e+00 0.000000e+00 1.236364e+03 7.611246e+04 1.000000e+00 1.127116e+05 1.570545e+02
0.000000e+00 0.000000e+00 2.782680e-03 8.681421e-07 1.589944e-01 5.177821e+02 2.221352e-01 0.000000e+00 7.057688e+03 2.492907e+02 1.057498e-05 1.376194e-02 2.800803e-03 3.161832e+00 0.000000e+00 1.213157e+03 6.889041e+04 1.000000e+00 1.109750e+05 1.546348e+02
0.000000e+00 0.000000e+00 2.782680e-03 8.681193e-07 1.592059e-01 5.182390e+02 2.238088e-01 0.000000e+00 7.057756e+03 2.491263e+02 1.056218e-05 1.374275e-02 2.801416e-03 3.162524e+00 0.000000e+00 1.212876e+03 6.895093e+04 1.000000e+00 1.108287e+05 1.544308e+02
0.000000e+00 0.000000e+00 2.782680e-03 8.681421e-07 1.589944e-01 5.177821e+02 2.221352e-01 0.000000e+00 7.057688e+03 2.492907e+02 1.057498e-05 1.376194e-02 2.800803e-03 3.161832e+00 0.000000e+00 1.213157e+03 6.889041e+04 1.000000e+00 1.109750e+05 1.546348e+02
0.000000e+00 0.000000e+00 2.782680e-03 8.681193e-07 1.592059e-01 5.182390e+02 2.238088e-01 0.000000e+00 7.057756e+03 2.491263e+02 1.056218e-05 1.374275e-02 2.801416e-03 3.162524e+00 0.000000e+00 1.212876e+03 6.895093e+04 1.000000e+00 1.108287e+05 1.544308e+02
0.000000e+00 0.000000e+00 2.782680e-03 8.681421e-07 1.589944e-01 5.177821e+02 2.221352e-01 0.000000e+00 7.057688e+03 2.492907e+02 1.057498e-05 1.376194e-02 2.800803e-03 3.161832e+00 0.000000e+00 1.213157e+03 6.889041e+04 1.000000e+00 1.109750e+05 1.546348e+02
0.000000e+00 0.000000e+00 2.782680e-03 8.681193e-07 1.592059e-01 5.182390e+02 2.238088e-01 0.000000e+00 7.057756e+03 2.491263e+02 1.056218e-05 1.374275e-02 2.801416e-03 3.162524e+00 0.000000e+00 1.212876e+03 6.895093e+04 1.000000e+00 1.108287e+05 1.544308e+02
0.000000e+00 0.000000e+00 2.782680e-03 8.681421e-07 1.589944e-01 5.177821e+02 2.221352e-01 0.000000e+00 7.057688e+03 2.492907e+02 1.057498e-05 1.376194e-02 2.800803e-03 3.161832e+00 0.000000e+00 1.213157e+03 6.889041e+04 1.000000e+00 1.109750e+05 1.546348e+02
0.000000e+00 0.000000e+00 2.782680e-03 8.681193e-07 1.592059e-01 5.182390e+02 2.238088e-01 0.000000e+00 7.057756e+03 2.491263e+02 1.056218e-05 1.374275e-02 2.801416e-03 3.162524e+00 0.000000e+00 1.212876e+03 6.895093e+04 1.000000e+00 1.108287e+05 1.544308e+02
0.000000e+00 0.000000e+00 2.782680e-03 8.681421e-07 1.589944e-01 5.177821e+02 2.221352e-01 0.000000e+00 7.057688e+03 2.492907e+02 1.057498e-05 1.376194e-02 2.800803e-03 3.161832e+00 0.000000e+00 1.213157e+03 6.889041e+04 1.000000e+00 1.109750e+05 1.546348e+02
0.000000e+00 0.000000e+00 2.782680e-03 8.681193e-07 1.592059e-01 5.182390e+02 2.238088e-01 0.000000e+00 7.057756e+03 2.491263e+02 1.056218e-05 1.374275e-02 2.801416e-03 3.162524e+00 0.000000e+00 1.212876e+03 6.895093e+04 1.000000e+00 1.108287e+05 1.544308e+02
0.000000e+00 0.000000e+00 3.077985e-03 9.532154e-07 1.617291e-01 5.233573e+02 2.536292e-01 0.000000e+00 7.057617e+03 2.471729e+02 1.041028e-05 1.351559e-02 3.076830e-03 3.473439e+00 0.000000e+00 1.193855e+03 6.277385e+04 1.000000e+00 1.090975e+05 1.520186e+02
0.000000e+00 0.000000e+00 3.077985e-03 9.531903e-07 1.619535e-01 5.238184e+02 2.554260e-01 0.000000e+00 7.057696e+03 2.470030e+02 1.039708e-05 1.349589e-02 3.076955e-03 3.473580e+00 0.000000e+00 1.193403e+03 6.283447e+04 1.000000e+00 1.089476e+05 1.518097e+02
0.000000e+00 0.000000e+00 3.077985e-03 9.532154e-07 1.617291e-01 5.233573e+02 2.536292e-01 0.000000e+00 7.057617e+03 2.471729e+02 1.041028e-05 1.351559e-02 3.076830e-03 3.473439e+00 0.000000e+00 1.193855e+03 6.277385e+04 1.000000e+00 1.090975e+05 1.520186e+02
0.000000e+00 0.000000e+00 3.077985e-03 9.531903e-07 1.619535e-01 5.238184e+02 2.554260e-01 0.000000e+00 7.057696e+03 2.470030e+02 1.039708e-05 1.349589e-02 3.076955e-03 3.473580e+00 0.000000e+00 1.193403e+03 6.283447e+04 1.000000e+00 1.089476e+05 1.518097e+02
0.000000e+00 0.000000e+00 3.077985e-03 9.532154e-07 1.617291e-01 5.233573e+02 2.536292e-01 0.000000e+00 7.057617e+03 2.471729e+02 1.041028e-05 1.351559e-02 3.076830e-03 3.473439e+00 0.000000e+00 1.193855e+03 6.277385e+04 1.000000e+00 1.090975e+05 1.520186e+02
0.000000e+00 0.000000e+00 3.077985e-03 9.531903e-07 1.619535e-01 5.238184e+02 2.554260e-01 0.000000e+00 7.057696e+03 2.470030e+02 1.039708e-05 1.349589e-02 3.076955e-03 3.473580e+00 0.000000e+00 1.193403e+03 6.283447e+04 1.000000e+00 1.089476e+05 1.518097e+02
0.000000e+00 0.000000e+00 3.077985e-03 9.532154e-07 1.617291e-01 5.233573e+02 2.536292e-01 0.000000e+00 7.057617e+03 2.471729e+02 1.041028e-05 1.351559e-02 3.076830e-03 3.473439e+00 0.000000e+00 1.193855e+03 6.277385e+04 1.000000e+00 1.090975e+05 1.520186e+02
0.000000e+00 0.000000e+00 3.077985e-03 9.531903e-07 1.619535e-01 5.238184e+02 2.554260e-01 0.000000e+00 7.057696e+03 2.470030e+02 1.039708e-05 1.349589e-02 3.076955e-03 3.473580e+00 0.000000e+00 1.193403e+03 6.283447e+04 1.000000e+00 1.089476e+05 1.518097e+02
0.000000e+00 0.000000e+00 3.077985e-03 9.532154e-07 1.617291e-01 5.233573e+02 2.536292e-01 0.000000e+00 7.057617e+03 2.471729e+02 1.041028e-05 1.351559e-02 3.076830e-03 3.473439e+00 0.000000e+00 1.193855e+03 6.277385e+04 1.000000e+00 1.090975e+05 1.520186e+02
0.000000e+00 0.000000e+00 3.077985e-03 9.531903e-07 1.619535e-01 5.238184e+02 2.554260e-01 0.000000e+00 7.057696e+03 2.470030e+02 1.039708e-05 1.349589e-02 3.076955e-03 3.473580e+00 0.000000e+00 1.193403e+03 6.283447e+04 1.000000e+00 1.089476e+05 1.518097e+02
0.000000e+00 0.000000e+00 3.402962e-03 1.046643e-06 1.645435e-01 5.290909e+02 2.895802e-01 0.000000e+00 7.057045e+03 2.450401e+02 1.024486e-05 1.326891e-02 3.073459e-03 3.814753e+00 0.000000e+00 1.178883e+03 5.742410e+04 1.000000e+00 1.072229e+05 1.494065e+02
0.000000e+00 0.000000e+00 3.402962e-03 1.046615e-06 1.647810e-01 5.295634e+02 2.917372e-01 0.000000e+00 7.057133e+03 2.448650e+02 1.023130e-05 1.324872e-02 3.069391e-03 3.814383e+00 0.000000e+00 1.178231e+03 5.748071e+04 1.000000e+00 1.070698e+05 1.491931e+02
0.000000e+00 0.000000e+00 3.402962e-03 1.046643e-06 1.645435e-01 5.290909e+02 2.895802e-01 0.000000e+00 7.057045e+03 2.450401e+02 1.024486e-05 1.326891e-02 3.073459e-03 3.814753e+00 0.000000e+00 1.178883e+03 5.742410e+04 1.000000e+00 1.072229e+05 1.494065e+02
0.000000e+00 0.000000e+00 3.402962e-03 1.046615e-06 1.647810e-01 5.295634e+02 2.917372e-01 0.000000e+00 7.057133e+03 2.448650e+02 1.023130e-05 1.324872e-02 3.069391e-03 3.814383e+00 0.000000e+00 1.178231e+03 5.748071e+04 1.000000e+00 1.070698e+05 1.491931e+02
0.000000e+00 0.000000e+00 3.402962e-03 1.046643e-06 1.645435e-01 5.290909e+02 2.895802e-01 0.000000e+00 7.057045e+03 2.450401e+02 1.024486e-05 1.326891e-02 3.073459e-03 3.814753e+00 0.000000e+00 1.178883e+03 5.742410e+04 1.000000e+00 1.072229e+05 1.494065e+02
0.000000e+00 0.000000e+00 3.402962e-03 1.046615e-06 1.647810e-01 5.295634e+02 2.917372e-01 0.000000e+00 7.057133e+03 2.448650e+02 1.023130e-05 1.324872e-02 3.069391e-03 3.814383e+00 0.000000e+00 1.178231e+03 5.748071e+04 1.000000e+00 1.070698e+05 1.491931e+02
0.000000e+00 0.000000e+00 3.402962e-03 1.046643e-06 1.645435e-01 5.290909e+02 2.895802e-01 0.000000e+00 7.057045e+03 2.450401e+02 1.024486e-05 1.326891e-02 3.073459e-03 3.814753e+00 0.000000e+00 1.178883e+03 5.742410e+04 1.000000e+00 1.072229e+05 1.494065e+02
0.000000e+00 0.000000e+00 3.402962e-03 1.046615e-06 1.647810e-01 5.295634e+02 2.917372e-01 0.000000e+00 7.057133e+03 2.448650e+02 1.023130e-05 1.324872e-02 3.069391e-03 3.814383e+00 0.000000e+00 1.178231e+03 5.748071e+04 1.000000e+00 1.070698e+05 1.491931e+02
0.000000e+00 0.000000e+00 3.402962e-03 1.046643e-06 1.645435e-01 5.290909e+02 2.895802e-01 0.000000e+00 7.057045e+03 2.450401e+02 1.024486e-05 1.326891e-02 3.073459e-03 3.814753e+00 0.000000e+00 1.178883e+03 5.742410e+04 1.000000e+00 1.072229e+05 1.494065e+02
0.000000e+00 0.000000e+00 3.402962e-03 1.046615e-06 1.647810e-01 5.295634e+02 2.917372e-01 0.000000e+00 7.057133e+03 2.448650e+02 1.023130e-05 1.324872e-02 3.069391e-03 3.814383e+00 0.000000e+00 1.178231e+03 5.748071e+04 1.000000e+00 1.070698e+05 1.491931e+02
0.000000e+00 0.000000e+00 3.760517e-03 1.149201e-06 1.675193e-01 5.353389e+02 3.309725e-01 0.000000e+00 7.056088e+03 2.428377e+02 1.007453e-05 1.301567e-02 3.022360e-03 3.904703e+00 0.000000e+00 1.166704e+03 5.251441e+04 1.000000e+00 1.053042e+05 1.467330e+02
0.000000e+00 0.000000e+00 3.760517e-03 1.149171e-06 1.677749e-01 5.358257e+02 3.335868e-01 0.000000e+00 7.056183e+03 2.426543e+02 1.006037e-05 1.299466e-02 3.018113e-03 3.898398e+00 0.000000e+00 1.165798e+03 5.256650e+04 1.000000e+00 1.051452e+05 1.465114e+02
0.000000e+00 0.000000e+00 3.760517e-03 1.149201e-06 1.675193e-01 5.353389e+02 3.309725e-01 0.000000e+00 7.056088e+03 2.428377e+02 1.007453e-05 1.301567e-02 3.022360e-03 3.904703e+00 0.000000e+00 1.166704e+03 5.251441e+04 1.000000e+00 1.053042e+05 1.467330e+02
0.000000e+00 0.000000e+00 3.760517e-03 1.149171e-06 1.677749e-01 5.358257e+02 3.335868e-01 0.000000e+00 7.056183e+03 2.426543e+02 1.006037e-05 1.299466e-02 3.018113e-03 3.898398e+00 0.000000e+00 1.165798e+03 5.256650e+04 1.000000e+00 1.051452e+05 1.465114e+02
0.000000e+00 0.000000e+00 3.760517e-03 1.149201e-06 1.675193e-01 5.353389e+02 3.309725e-01 0.000000e+00 7.056088e+03 2.428377e+02 1.007453e-05 1.301567e-02 3.022360e-03 3.904703e+00 0.000000e+00 1.166704e+03 5.251441e+04 1.000000e+00 1.053042e+05 1.467330e+02
0.000000e+00 0.000000e+00 3.760517e-03 1.149171e-06 1.677749e-01 5.358257e+02 3.335868e-01 0.000000e+00 7.056183e+03 2.426543e+02 1.006037e-05 1.299466e-02 3.018113e-03 3.898398e+00 0.000000e+00 1.165798e+03 5.256650e+04 1.000000e+00 1.051452e+05 1.465114e+02
0.000000e+00 0.000000e+00 3.760517e-03 1.149201e-06 1.675193e-01 5.353389e+02 3.309725e-01 0.000000e+00 7.056088e+03 2.428377e+02 1.007453e-05 1.301567e-02 3.022360e-03 3.904703e+00 0.000000e+00 1.166704e+03 5.251441e+04 1.000000e+00 1.053042e+05 1.467330e+02
0.000000e+00 0.000000e+00 3.760517e-03 1.149171e-06 1.677749e-01 5.358257e+02 3.335868e-01 0.000000e+00 7.056183e+03 2.426543e+02 1.006037e-05 1.299466e-02 3.018113e-03 3.898398e+00 0.000000e+00 1.165798e+03 5.256650e+04 1.000000e+00 1.051452e+05 1.465114e+02
0.000000e+00 0.000000e+00 3.760517e-03 1.149201e-06 1.675193e-01 5.353389e+02 3.309725e-01 0.000000e+00 7.056088e+03 2.428377e+02 1.007453e-05 1.301567e-02 3.022360e-03 3.904703e+00 0.000000e+00 1.166704e+03 5.251441e+04 1.000000e+00 1.053042e+05 1.467330e+02
0.000000e+00 0.000000e+00 3.760517e-03 1.149171e-06 1.677749e-01 5.358257e+02 3.335868e-01 0.000000e+00 7.056183e+03 2.426543e+02 1.006037e-05 1.299466e-02 3.018113e-03 3.898398e+00 0.000000e+00 1.165798e+03 5.256650e+04 1.000000e+00 1.051452e+05 1.465114e+02
0.000000e+00 0.000000e+00 4.153827e-03 1.261731e-06 1.709062e-01 5.421584e+02 3.785325e-01 0.000000e+00 7.054825e+03 2.403984e+02 9.886494e-06 1.273703e-02 2.965949e-03 3.821109e+00 0.000000e+00 1.154893e+03 4.800577e+04 1.000000e+00 1.031994e+05 1.438001e+02
0.000000e+00 0.000000e+00 4.153827e-03 1.261697e-06 1.711847e-01 5.426596e+02 3.813529e-01 0.000000e+00 7.054933e+03 2.402046e+02 9.871584e-06 1.271498e-02 2.961475e-03 3.814493e+00 0.000000e+00 1.153651e+03 4.805447e+04 1.000000e+00 1.030332e+05 1.435684e+02
0.000000e+00 0.000000e+00 4.153827e-03 1.261731e-06 1.709062e-01 5.421584e+02 3.785325e-01 0.000000e+00 7.054825e+03 2.403984e+02 9.886494e-06 1.273703e-02 2.965949e-03 3.821109e+00 0.000000e+00 1.154893e+03 4.800577e+04 1.000000e+00 1.031994e+05 1.438001e+02
0.000000e+00 0.000000e+00 4.153827e-03 1.261697e-06 1.711847e-01 5.426596e+02 3.813529e-01 0.000000e+00 7.054933e+03 2.402046e+02 9.871584e-06 1.271498e-02 2.961475e-03 3.814493e+00 0.000000e+00 1.153651e+03 4.805447e+04 1.000000e+00 1.030332e+05 1.435684e+02
0.000000e+00 0.000000e+00 4.153827e-03 1.261731e-06 1.709062e-01 5.421584e+02 3.785325e-01 0.000000e+00 7.054825e+03 2.403984e+02 9.886494e-06 1.273703e-02 2.965949e-03 3.821109e+00 0.000000e+00 1.154893e+03 4.800577e+04 1.000000e+00 1.031994e+05 1.438001e+02
0.000000e+00 0.000000e+00 4.153827e-03 1.261697e-06 1.711847e-01 5.426596e+02 3.813529e-01 0.000000e+00 7.054933e+03 2.402046e+02 9.871584e-06 1.271498e-02 2.961475e-03 3.814493e+00 0.000000e+00 1.153651e+03 4.805447e+04 1.000000e+00 1.030332e+05 1.435684e+02
0.000000e+00 0.000000e+00 4.153827e-03 1.261731e-06 1.709062e-01 5.421584e+02 3.785325e-01 0.000000e+00 7.054825e+03 2.403984e+02 9.886494e-06 1.273703e-02 2.965949e-03 3.821109e+00 0.000000e+00 1.154893e+03 4.800577e+04 1.000000e+00 1.031994e+05 1.438001e+02
0.000000e+00 0.000000e+00 4.153827e-03 1.261697e-06 1.711847e-01 5.426596e+02 3.813529e-01 0.000000e+00 7.054933e+03 2.402046e+02 9.871584e-06 1.271498e-02 2.961475e-03 3.814493e+00 0.000000e+00 1.153651e+03 4.805447e+04 1.000000e+00 1.030332e+05 1.435684e+02
0.000000e+00 0.000000e+00 4.153827e-03 1.261731e-06 1.709062e-01 5.421584e+02 3.785325e-01 0.000000e+00 7.054825e+03 2.403984e+02 9.886494e-06 1.273703e-02 2.965949e-03 3.821109e+00 0.000000e+00 1.154893e+03 4.800577e+04 1.000000e+00 1.031994e+05 1.438001e+02
0.000000e+00 0.000000e+00 4.153827e-03 1.261697e-06 1.711847e-01 5.426596e+02 3.813529e-01 0.000000e+00 7.054933e+03 2.402046e+02 9.871584e-06 1.271498e-02 2.961475e-03 3.814493e+00 0.000000e+00 1.153651e+03 4.805447e+04 1.000000e+00 1.030332e+05 1.435684e+02
0.000000e+00 0.000000e+00 4.586356e-03 1.385136e-06 1.748373e-01 5.495846e+02 4.332764e-01 0.000000e+00 7.053507e+03 2.376587e+02 9.676090e-06 1.242641e-02 2.902827e-03 3.727924e+00 0.000000e+00 1.140453e+03 4.387432e+04 1.000000e+00 1.008609e+05 1.405415e+02
0.000000e+00 0.000000e+00 4.586356e-03 1.385100e-06 1.751430e-01 5.501006e+02 4.363063e-01 0.000000e+00 7.053642e+03 2.374536e+02 9.660366e-06 1.240325e-02 2.898110e-03 3.720975e+00 0.000000e+00 1.138771e+03 4.392029e+04 1.000000e+00 1.006868e+05 1.402990e+02
0.000000e+00 0.000000e+00 4.586356e-03 1.385136e-06 1.748373e-01 5.495846e+02 4.332764e-01 0.000000e+00 7.053507e+03 2.376587e+02 9.676090e-06 1.242641e-02 2.902827e-03 3.727924e+00 0.000000e+00 1.140453e+03 4.387432e+04 1.000000e+00 1.008609e+05 1.405415e+02
0.000000e+00 0.000000e+00 4.586356e-03 1.385100e-06 1.751430e-01 5.501006e+02 4.363063e-01 0.000000e+00 7.053642e+03 2.374536e+02 9.660366e-06 1.240325e-02 2.898110e-03 3.720975e+00 0.000000e+00 1.138771e+03 4.392029e+04 1.000000e+00 1.006868e+05 1.402990e+02
0.000000e+00 0.000000e+00 4.586356e-03 1.385136e-06 1.748373e-01 5.495846e+02 4.332764e-01 0.000000e+00 7.053507e+03 2.376587e+02 9.676090e-06 1.242641e-02 2.902827e-03 3.727924e+00 0.000000e+00 1.140453e+03 4.387432e+04 1.000000e+00 1.008609e+05 1.405415e+02
0.000000e+00 0.000000e+00 4.586356e-03 1.385100e-06 1.751430e-01 5.501006e+02 4.363063e-01 0.000000e+00 7.053642e+03 2.374536e+02 9.660366e-06 1.240325e-02 2.898110e-03 3.720975e+00 0.000000e+00 1.138771e+03 4.392029e+04 1.000000e+00 1.006868e+05 1.402990e+02
0.000000e+00 0.000000e+00 4.586356e-03 1.385136e-06 1.748373e-01 5.495846e+02 4.332764e-01 0.000000e+00 7.053507e+03 2.376587e+02 9.676090e-06 1.242641e-02 2.902827e-03 3.727924e+00 0.000000e+00 1.140453e+03 4.387432e+04 1.000000e+00 1.008609e+05 1.405415e+02
0.000000e+00 0.000000e+00 4.586356e-03 1.385100e-06 1.751430e-01 5.501006e+02 4.363063e-01 0.000000e+00 7.053642e+03 2.374536e+02 9.660366e-06 1.240325e-02 2.898110e-03 3.720975e+00 0.000000e+00 1.138771e+03 4.392029e+04 1.000000e+00 1.006868e+05 1.402990e+02
0.000000e+00 0.000000e+00 4.586356e-03 1.385136e-06 1.748373e-01 5.495846e+02 4.332764e-01 0.000000e+00 7.053507e+03 2.376587e+02 9.676090e-06 1.242641e-02 2.902827e-03 3.727924e+00 0.000000e+00 1.140453e+03 4.387432e+04 1.000000e+00 1.008609e+05 1.405415e+02
0.000000e+00 0.000000e+00 4.586356e-03 1.385100e-06 1.751430e-01 5.501006e+02 4.363063e-01 0.000000e+00 7.053642e+03 2.374536e+02 9.660366e-06 1.240325e-02 2.898110e-03 3.720975e+00 0.000000e+00 1.138771e+03 4.392029e+04 1.000000e+00 1.006868e+05 1.402990e+02
0.000000e+00 0.000000e+00 5.061884e-03 1.520395e-06 1.794309e-01 5.576485e+02 4.964044e-01 0.000000e+00 7.052503e+03 2.345810e+02 9.440750e-06 1.208047e-02 2.832225e-03 3.624142e+00 0.000000e+00 1.119875e+03 4.009433e+04 1.000000e+00 9.826557e+04 1.369252e+02
0.000000e+00 0.000000e+00 5.061884e-03 1.520355e-06 1.797693e-01 5.581794e+02 4.997228e-01 0.000000e+00 7.052680e+03 2.343630e+02 9.424130e-06 1.205610e-02 2.827239e-03 3.616830e+00 0.000000e+00 1.117641e+03 4.013814e+04 1.000000e+00 9.808309e+04 1.366709e+02
0.000000e+00 0.000000e+00 5.061884e-03 1.520395e-06 1.794309e-01 5.576485e+02 4.964044e-01 0.000000e+00 7.052503e+03 2.345810e+02 9.440750e-06 1.208047e-02 2.832225e-03 3.624142e+00 0.000000e+00 1.119875e+03 4.009433e+04 1.000000e+00 9.826557e+04 1.369252e+02
0.000000e+00 0.000000e+00 5.061884e-03 1.520355e-06 1.797693e-01 5.581794e+02 4.997228e-01 0.000000e+00 7.052680e+03 2.343630e+02 9.424130e-06 1.205610e-02 2.827239e-03 3.616830e+00 0.000000e+00 1.117641e+03 4.013814e+04 1.000000e+00 9.808309e+04 1.366709e+02
0.000000e+00 0.000000e+00 5.061884e-03 1.520395e-06 1.794309e-01 5.576485e+02 4.964044e-01 0.000000e+00 7.052503e+03 2.345810e+02 9.440750e-06 1.208047e-02 2.832225e-03 3.624142e+00 0.000000e+00 1.119875e+03 4.009433e+04 1.000000e+00 9.826557e+04 1.369252e+02
0.000000e+00 0.000000e+00 5.061884e-03 1.520355e-06 1.797693e-01 5.581794e+02 4.997228e-01 0.000000e+00 7.052680e+03 2.343630e+02 9.424130e-06 1.205610e-02 2.827239e-03 3.616830e+00 0.000000e+00 1.117641e+03 4.013814e+04 1.000000e+00 9.808309e+04 1.366709e+02
0.000000e+00 0.000000e+00 5.061884e-03 1.520395e-06 1.794309e-01 5.576485e+02 4.964044e-01 0.000000e+00 7.052503e+03 2.345810e+02 9.440750e-06 1.208047e-02 2.832225e-03 3.624142e+00 0.000000e+00 1.119875e+03 4.009433e+04 1.000000e+00 9.826557e+04 1.369252e+02
0.000000e+00 0.000000e+00 5.061884e-03 1.520355e-06 1.797693e-01 5.581794e+02 4.997228e-01 0.000000e+00 7.052680e+03 2.343630e+02 9.424130e-06 1.205610e-02 2.827239e-03 3.616830e+00 0.000000e+00 1.117641e+03 4.013814e+04 1.000000e+00 9.808309e+04 1.366709e+02
0.000000e+00 0.000000e+00 5.061884e-03 1.520395e-06 1.794309e-01 5.576485e+02 4.964044e-01 0.000000e+00 7.052503e+03 2.345810e+02 9.440750e-06 1.208047e-02 2.832225e-03 3.624142e+00 0.000000e+00 1.119875e+03 4.009433e+04 1.000000e+00 9.826557e+04 1.369252e+02
0.000000e+00 0.000000e+00 5.061884e-03 1.520355e-06 1.797693e-01 5.581794e+02 4.997228e-01 0.000000e+00 7.052680e+03 2.343630e+02 9.424130e-06 1.205610e-02 2.827239e-03 3.616830e+00 0.000000e+00 1.117641e+03 4.013814e+04 1.000000e+00 9.808309e+04 1.366709e+02
0.000000e+00 0.000000e+00 5.584525e-03 1.668551e-06 1.848354e-01 5.663727e+02 5.693359e-01 0.000000e+00 7.052274e+03 2.311232e+02 9.177732e-06 1.169574e-02 2.753320e-03 3.508721e+00 0.000000e+00 1.089223e+03 3.663740e+04 1.000000e+00 9.539024e+04 1.329186e+02
0.000000e+00 0.000000e+00 5.584525e-03 1.668507e-06 1.852135e-01 5.669180e+02 5.730451e-01 0.000000e+00 7.052512e+03 2.308911e+02 9.160133e-06 1.167006e-02 2.748040e-03 3.501020e+00 0.000000e+00 1.086319e+03 3.667941e+04 1.000000e+00 9.519878e+04 1.326519e+02
0.000000e+00 0.000000e+00 5.584525e-03 1.668551e-06 1.848354e-01 5.663727e+02 5.693359e-01 0.000000e+00 7.052274e+03 2.311232e+02 9.177732e-06 1.169574e-02 2.753320e-03 3.508721e+00 0.000000e+00 1.089223e+03 3.663740e+04 1.000000e+00 9.539024e+04 1.329186e+02
0.000000e+00 0.000000e+00 5.584525e-03 1.668507e-06 1.852135e-01 5.669180e+02 5.730451e-01 0.000000e+00 7.052512e+03 2.308911e+02 9.160133e-06 1.167006e-02 2.748040e-03 3.501020e+00 0.000000e+00 1.086319e+03 3.667941e+04 1.000000e+00 9.519878e+04 1.326519e+02
0.000000e+00 0.000000e+00 5.584525e-03 1.668551e-06 1.848354e-01 5.663727e+02 5.693359e-01 0.000000e+00 7.052274e+03 2.311232e+02 9.177732e-06 1.169574e-02 2.753320e-03 3.508721e+00 0.000000e+00 1.089223e+03 3.663740e+04 1.000000e+00 9.539024e+04 1.329186e+02
0.000000e+00 0.000000e+00 5.584525e-03 1.668507e-06 1.852135e-01 5.669180e+02 5.730451e-01 0.000000e+00 7.052512e+03 2.308911e+02 9.160133e-06 1.167006e-02 2.748040e-03 3.501020e+00 0.000000e+00 1.086319e+03 3.667941e+04 1.000000e+00 9.519878e+04 1.326519e+02
0.000000e+00 0.000000e+00 5.584525e-03 1.668551e-06 1.848354e-01 5.663727e+02 5.693359e-01 0.000000e+00 7.052274e+03 2.311232e+02 9.177732e-06 1.169574e-02 2.753320e-03 3.508721e+00 0.000000e+00 1.089223e+03 3.663740e+04 1.000000e+00 9.539024e+04 1.329186e+02
0.000000e+00 0.000000e+00 5.584525e-03 1.668507e-06 1.852135e-01 5.669180e+02 5.730451e-01 0.000000e+00 7.052512e+03 2.308911e+02 9.160133e-06 1.167006e-02 2.748040e-03 3.501020e+00 0.000000e+00 1.086319e+03 3.667941e+04 1.000000e+00 9.519878e+04 1.326519e+02
0.000000e+00 0.000000e+00 5.584525e-03 1.668551e-06 1.848354e-01 5.663727e+02 5.693359e-01 0.000000e+00 7.052274e+03 2.311232e+02 9.177732e-06 1.169574e-02 2.753320e-03 3.508721e+00 0.000000e+00 1.089223e+03 3.663740e+04 1.000000e+00 9.539024e+04 1.329186e+02
0.000000e+00 0.000000e+00 5.584525e-03 1.668507e-06 1.852135e-01 5.669180e+02 5.730451e-01 0.000000e+00 7.052512e+03 2.308911e+02 9.160133e-06 1.167006e-02 2.748040e-03 3.501020e+00 0.000000e+00 1.086319e+03 3.667941e+04 1.000000e+00 9.519878e+04 1.326519e+02
