# pos.x pos.y pos.z volume rho vel.x vel.y vel.z p a mu k[0] mu_t k_t S tke omega massf[0] e[0] T[0] 
0.000000e+00 0.000000e+00 1.602722e-02 4.518502e-06 3.516811e-01 6.709831e+02 2.261799e+00 0.000000e+00 7.186984e+03 1.691506e+02 4.816583e-06 5.651951e-03 1.417862e-04 1.600627e-01 0.000000e+00 3.176960e+00 6.422685e+03 1.000000e+00 5.109357e+04 7.119478e+01
0.000000e+00 0.000000e+00 1.602722e-02 4.518383e-06 3.521547e-01 6.710777e+02 2.269074e+00 0.000000e+00 7.187044e+03 1.690366e+02 4.809374e-06 5.642551e-03 1.203198e-04 1.358292e-01 0.000000e+00 2.659630e+00 6.383185e+03 1.000000e+00 5.102459e+04 7.109866e+01
0.000000e+00 0.000000e+00 1.602722e-02 4.518502e-06 3.516811e-01 6.709831e+02 2.261799e+00 0.000000e+00 7.186984e+03 1.691506e+02 4.816583e-06 5.651951e-03 1.417862e-04 1.600627e-01 0.000000e+00 3.176960e+00 6.422685e+03 1.000000e+00 5.109357e+04 7.119478e+01
0.000000e+00 0.000000e+00 1.602722e-02 4.518383e-06 3.521547e-01 6.710777e+02 2.269074e+00 0.000000e+00 7.187044e+03 1.690366e+02 4.809374e-06 5.642551e-03 1.203198e-04 1.358292e-01 0.000000e+00 2.659630e+00 6.383185e+03 1.000000e+00 5.102459e+04 7.109866e+01
0.000000e+00 0.000000e+00 1.602722e-02 4.518502e-06 3.516811e-01 6.709831e+02 2.261799e+00 0.000000e+00 7.186984e+03 1.691506e+02 4.816583e-06 5.651951e-03 1.417862e-04 1.600627e-01 0.000000e+00 3.176960e+00 6.422685e+03 1.000000e+00 5.109357e+04 7.119478e+01
0.000000e+00 0.000000e+00 1.602722e-02 4.518383e-06 3.521547e-01 6.710777e+02 2.269074e+00 0.000000e+00 7.187044e+03 1.690366e+02 4.809374e-06 5.642551e-03 1.203198e-04 1.358292e-01 0.000000e+00 2.659630e+00 6.383185e+03 1.000000e+00 5.102459e+04 7.109866e+01
0.000000e+00 0.000000e+00 1.602722e-02 4.518502e-06 3.516811e-01 6.709831e+02 2.261799e+00 0.000000e+00 7.186984e+03 1.691506e+02 4.816583e-06 5.651951e-03 1.417862e-04 1.600627e-01 0.000000e+00 3.176960e+00 6.422685e+03 1.000000e+00 5.109357e+04 7.119478e+01
0.000000e+00 0.000000e+00 1.602722e-02 4.518383e-06 3.521547e-01 6.710777e+02 2.269074e+00 0.000000e+00 7.187044e+03 1.690366e+02 4.809374e-06 5.642551e-03 1.203198e-04 1.358292e-01 0.000000e+00 2.659630e+00 6.383185e+03 1.000000e+00 5.102459e+04 7.109866e+01
0.000000e+00 0.000000e+00 1.602722e-02 4.518502e-06 3.516811e-01 6.709831e+02 2.261799e+00 0.000000e+00 7.186984e+03 1.691506e+02 4.816583e-06 5.651951e-03 1.417862e-04 1.600627e-01 0.000000e+00 3.176960e+00 6.422685e+03 1.000000e+00 5.109357e+04 7.119478e+01
0.000000e+00 0.000000e+00 1.602722e-02 4.518383e-06 3.521547e-01 6.710777e+02 2.269074e+00 0.000000e+00 7.187044e+03 1.690366e+02 4.809374e-06 5.642551e-03 1.203198e-04 1.358292e-01 0.000000e+00 2.659630e+00 6.383185e+03 1.000000e+00 5.102459e+04 7.109866e+01
0.000000e+00 0.000000e+00 1.758997e-02 4.926929e-06 3.548226e-01 6.715970e+02 2.285623e+00 0.000000e+00 7.187250e+03 1.683991e+02 4.769124e-06 5.590129e-03 3.888098e-06 4.389280e-03 0.000000e+00 6.506902e-02 5.924678e+03 1.000000e+00 5.063974e+04 7.056240e+01
0.000000e+00 0.000000e+00 1.758997e-02 4.926800e-06 3.548359e-01 6.715992e+02 2.288267e+00 0.000000e+00 7.187262e+03 1.683961e+02 4.768936e-06 5.589884e-03 3.262468e-06 3.683006e-03 0.000000e+00 5.488226e-02 5.958763e+03 1.000000e+00 5.063794e+04 7.055990e+01
0.000000e+00 0.000000e+00 1.758997e-02 4.926929e-06 3.548226e-01 6.715970e+02 2.285623e+00 0.000000e+00 7.187250e+03 1.683991e+02 4.769124e-06 5.590129e-03 3.888098e-06 4.389280e-03 0.000000e+00 6.506902e-02 5.924678e+03 1.000000e+00 5.063974e+04 7.056240e+01
0.000000e+00 0.000000e+00 1.758997e-02 4.926800e-06 3.548359e-01 6.715992e+02 2.288267e+00 0.000000e+00 7.187262e+03 1.683961e+02 4.768936e-06 5.589884e-03 3.262468e-06 3.683006e-03 0.000000e+00 5.488226e-02 5.958763e+03 1.000000e+00 5.063794e+04 7.055990e+01
0.000000e+00 0.000000e+00 1.758997e-02 4.926929e-06 3.548226e-01 6.715970e+02 2.285623e+00 0.000000e+00 7.187250e+03 1.683991e+02 4.769124e-06 5.590129e-03 3.888098e-06 4.389280e-03 0.000000e+00 6.506902e-02 5.924678e+03 1.000000e+00 5.063974e+04 7.056240e+01
0.000000e+00 0.000000e+00 1.758997e-02 4.926800e-06 3.548359e-01 6.715992e+02 2.288267e+00 0.000000e+00 7.187262e+03 1.683961e+02 4.768936e-06 5.589884e-03 3.262468e-06 3.683006e-03 0.000000e+00 5.488226e-02 5.958763e+03 1.000000e+00 5.063794e+04 7.055990e+01
0.000000e+00 0.000000e+00 1.758997e-02 4.926929e-06 3.548226e-01 6.715970e+02 2.285623e+00 0.000000e+00 7.187250e+03 1.683991e+02 4.769124e-06 5.590129e-03 3.888098e-06 4.389280e-03 0.000000e+00 6.506902e-02 5.924678e+03 1.000000e+00 5.063974e+04 7.056240e+01
0.000000e+00 0.000000e+00 1.758997e-02 4.926800e-06 3.548359e-01 6.715992e+02 2.288267e+00 0.000000e+00 7.187262e+03 1.683961e+02 4.768936e-06 5.589884e-03 3.262468e-06 3.683006e-03 0.000000e+00 5.488226e-02 5.958763e+03 1.000000e+00 5.063794e+04 7.055990e+01
0.000000e+00 0.000000e+00 1.758997e-02 4.926929e-06 3.548226e-01 6.715970e+02 2.285623e+00 0.000000e+00 7.187250e+03 1.683991e+02 4.769124e-06 5.590129e-03 3.888098e-06 4.389280e-03 0.000000e+00 6.506902e-02 5.924678e+03 1.000000e+00 5.063974e+04 7.056240e+01
0.000000e+00 0.000000e+00 1.758997e-02 4.926800e-06 3.548359e-01 6.715992e+02 2.288267e+00 0.000000e+00 7.187262e+03 1.683961e+02 4.768936e-06 5.589884e-03 3.262468e-06 3.683006e-03 0.000000e+00 5.488226e-02 5.958763e+03 1.000000e+00 5.063794e+04 7.055990e+01
0.000000e+00 0.000000e+00 1.929376e-02 5.366855e-06 3.548933e-01 6.716094e+02 2.285854e+00 0.000000e+00 7.187360e+03 1.683836e+02 4.768149e-06 5.588861e-03 8.079055e-07 9.120460e-04 0.000000e+00 1.346789e-02 5.916111e+03 1.000000e+00 5.063043e+04 7.054941e+01
0.000000e+00 0.000000e+00 1.929376e-02 5.366714e-06 3.548938e-01 6.716093e+02 2.288017e+00 0.000000e+00 7.187366e+03 1.683836e+02 4.768148e-06 5.588859e-03 8.019566e-07 9.053303e-04 0.000000e+00 1.344963e-02 5.951922e+03 1.000000e+00 5.063041e+04 7.054940e+01
0.000000e+00 0.000000e+00 1.929376e-02 5.366855e-06 3.548933e-01 6.716094e+02 2.285854e+00 0.000000e+00 7.187360e+03 1.683836e+02 4.768149e-06 5.588861e-03 8.079055e-07 9.120460e-04 0.000000e+00 1.346789e-02 5.916111e+03 1.000000e+00 5.063043e+04 7.054941e+01
0.000000e+00 0.000000e+00 1.929376e-02 5.366714e-06 3.548938e-01 6.716093e+02 2.288017e+00 0.000000e+00 7.187366e+03 1.683836e+02 4.768148e-06 5.588859e-03 8.019566e-07 9.053303e-04 0.000000e+00 1.344963e-02 5.951922e+03 1.000000e+00 5.063041e+04 7.054940e+01
0.000000e+00 0.000000e+00 1.929376e-02 5.366855e-06 3.548933e-01 6.716094e+02 2.285854e+00 0.000000e+00 7.187360e+03 1.683836e+02 4.768149e-06 5.588861e-03 8.079055e-07 9.120460e-04 0.000000e+00 1.346789e-02 5.916111e+03 1.000000e+00 5.063043e+04 7.054941e+01
0.000000e+00 0.000000e+00 1.929376e-02 5.366714e-06 3.548938e-01 6.716093e+02 2.288017e+00 0.000000e+00 7.187366e+03 1.683836e+02 4.768148e-06 5.588859e-03 8.019566e-07 9.053303e-04 0.000000e+00 1.344963e-02 5.951922e+03 1.000000e+00 5.063041e+04 7.054940e+01
0.000000e+00 0.000000e+00 1.929376e-02 5.366855e-06 3.548933e-01 6.716094e+02 2.285854e+00 0.000000e+00 7.187360e+03 1.683836e+02 4.768149e-06 5.588861e-03 8.079055e-07 9.120460e-04 0.000000e+00 1.346789e-02 5.916111e+03 1.000000e+00 5.063043e+04 7.054941e+01
0.000000e+00 0.000000e+00 1.929376e-02 5.366714e-06 3.548938e-01 6.716093e+02 2.288017e+00 0.000000e+00 7.187366e+03 1.683836e+02 4.768148e-06 5.588859e-03 8.019566e-07 9.053303e-04 0.000000e+00 1.344963e-02 5.951922e+03 1.000000e+00 5.063041e+04 7.054940e+01
0.000000e+00 0.000000e+00 1.929376e-02 5.366855e-06 3.548933e-01 6.716094e+02 2.285854e+00 0.000000e+00 7.187360e+03 1.683836e+02 4.768149e-06 5.588861e-03 8.079055e-07 9.120460e-04 0.000000e+00 1.346789e-02 5.916111e+03 1.000000e+00 5.063043e+04 7.054941e+01
0.000000e+00 0.000000e+00 1.929376e-02 5.366714e-06 3.548938e-01 6.716093e+02 2.288017e+00 0.000000e+00 7.187366e+03 1.683836e+02 4.768148e-06 5.588859e-03 8.019566e-07 9.053303e-04 0.000000e+00 1.344963e-02 5.951922e+03 1.000000e+00 5.063041e+04 7.054940e+01
0.000000e+00 0.000000e+00 2.114929e-02 5.839604e-06 3.548998e-01 6.716100e+02 2.285854e+00 0.000000e+00 7.187454e+03 1.683832e+02 4.768122e-06 5.588825e-03 7.746771e-07 8.745344e-04 0.000000e+00 1.291401e-02 5.916245e+03 1.000000e+00 5.063016e+04 7.054905e+01
0.000000e+00 0.000000e+00 2.114929e-02 5.839450e-06 3.548997e-01 6.716100e+02 2.287743e+00 0.000000e+00 7.187450e+03 1.683831e+02 4.768120e-06 5.588823e-03 7.758805e-07 8.758929e-04 0.000000e+00 1.301241e-02 5.952079e+03 1.000000e+00 5.063015e+04 7.054903e+01
0.000000e+00 0.000000e+00 2.114929e-02 5.839604e-06 3.548998e-01 6.716100e+02 2.285854e+00 0.000000e+00 7.187454e+03 1.683832e+02 4.768122e-06 5.588825e-03 7.746771e-07 8.745344e-04 0.000000e+00 1.291401e-02 5.916245e+03 1.000000e+00 5.063016e+04 7.054905e+01
0.000000e+00 0.000000e+00 2.114929e-02 5.839450e-06 3.548997e-01 6.716100e+02 2.287743e+00 0.000000e+00 7.187450e+03 1.683831e+02 4.768120e-06 5.588823e-03 7.758805e-07 8.758929e-04 0.000000e+00 1.301241e-02 5.952079e+03 1.000000e+00 5.063015e+04 7.054903e+01
0.000000e+00 0.000000e+00 2.114929e-02 5.839604e-06 3.548998e-01 6.716100e+02 2.285854e+00 0.000000e+00 7.187454e+03 1.683832e+02 4.768122e-06 5.588825e-03 7.746771e-07 8.745344e-04 0.000000e+00 1.291401e-02 5.916245e+03 1.000000e+00 5.063016e+04 7.054905e+01
0.000000e+00 0.000000e+00 2.114929e-02 5.839450e-06 3.548997e-01 6.716100e+02 2.287743e+00 0.000000e+00 7.187450e+03 1.683831e+02 4.768120e-06 5.588823e-03 7.758805e-07 8.758929e-04 0.000000e+00 1.301241e-02 5.952079e+03 1.000000e+00 5.063015e+04 7.054903e+01
0.000000e+00 0.000000e+00 2.114929e-02 5.839604e-06 3.548998e-01 6.716100e+02 2.285854e+00 0.000000e+00 7.187454e+03 1.683832e+02 4.768122e-06 5.588825e-03 7.746771e-07 8.745344e-04 0.000000e+00 1.291401e-02 5.916245e+03 1.000000e+00 5.063016e+04 7.054905e+01
0.000000e+00 0.000000e+00 2.114929e-02 5.839450e-06 3.548997e-01 6.716100e+02 2.287743e+00 0.000000e+00 7.187450e+03 1.683831e+02 4.768120e-06 5.588823e-03 7.758805e-07 8.758929e-04 0.000000e+00 1.301241e-02 5.952079e+03 1.000000e+00 5.063015e+04 7.054903e+01
0.000000e+00 0.000000e+00 2.114929e-02 5.839604e-06 3.548998e-01 6.716100e+02 2.285854e+00 0.000000e+00 7.187454e+03 1.683832e+02 4.768122e-06 5.588825e-03 7.746771e-07 8.745344e-04 0.000000e+00 1.291401e-02 5.916245e+03 1.000000e+00 5.063016e+04 7.054905e+01
0.000000e+00 0.000000e+00 2.114929e-02 5.839450e-06 3.548997e-01 6.716100e+02 2.287743e+00 0.000000e+00 7.187450e+03 1.683831e+02 4.768120e-06 5.588823e-03 7.758805e-07 8.758929e-04 0.000000e+00 1.301241e-02 5.952079e+03 1.000000e+00 5.063015e+04 7.054903e+01
0.000000e+00 0.000000e+00 2.316766e-02 6.346312e-06 3.549049e-01 6.716100e+02 2.285627e+00 0.000000e+00 7.187548e+03 1.683831e+02 4.768115e-06 5.588816e-03 7.743955e-07 8.742165e-04 0.000000e+00 1.290967e-02 5.916490e+03 1.000000e+00 5.063010e+04 7.054896e+01
0.000000e+00 0.000000e+00 2.316766e-02 6.346145e-06 3.549044e-01 6.716100e+02 2.287435e+00 0.000000e+00 7.187535e+03 1.683830e+02 4.768112e-06 5.588812e-03 7.756607e-07 8.756448e-04 0.000000e+00 1.300909e-02 5.952326e+03 1.000000e+00 5.063007e+04 7.054892e+01
0.000000e+00 0.000000e+00 2.316766e-02 6.346312e-06 3.549049e-01 6.716100e+02 2.285627e+00 0.000000e+00 7.187548e+03 1.683831e+02 4.768115e-06 5.588816e-03 7.743955e-07 8.742165e-04 0.000000e+00 1.290967e-02 5.916490e+03 1.000000e+00 5.063010e+04 7.054896e+01
0.000000e+00 0.000000e+00 2.316766e-02 6.346145e-06 3.549044e-01 6.716100e+02 2.287435e+00 0.000000e+00 7.187535e+03 1.683830e+02 4.768112e-06 5.588812e-03 7.756607e-07 8.756448e-04 0.000000e+00 1.300909e-02 5.952326e+03 1.000000e+00 5.063007e+04 7.054892e+01
0.000000e+00 0.000000e+00 2.316766e-02 6.346312e-06 3.549049e-01 6.716100e+02 2.285627e+00 0.000000e+00 7.187548e+03 1.683831e+02 4.768115e-06 5.588816e-03 7.743955e-07 8.742165e-04 0.000000e+00 1.290967e-02 5.916490e+03 1.000000e+00 5.063010e+04 7.054896e+01
0.000000e+00 0.000000e+00 2.316766e-02 6.346145e-06 3.549044e-01 6.716100e+02 2.287435e+00 0.000000e+00 7.187535e+03 1.683830e+02 4.768112e-06 5.588812e-03 7.756607e-07 8.756448e-04 0.000000e+00 1.300909e-02 5.952326e+03 1.000000e+00 5.063007e+04 7.054892e+01
0.000000e+00 0.000000e+00 2.316766e-02 6.346312e-06 3.549049e-01 6.716100e+02 2.285627e+00 0.000000e+00 7.187548e+03 1.683831e+02 4.768115e-06 5.588816e-03 7.743955e-07 8.742165e-04 0.000000e+00 1.290967e-02 5.916490e+03 1.000000e+00 5.063010e+04 7.054896e+01
0.000000e+00 0.000000e+00 2.316766e-02 6.346145e-06 3.549044e-01 6.716100e+02 2.287435e+00 0.000000e+00 7.187535e+03 1.683830e+02 4.768112e-06 5.588812e-03 7.756607e-07 8.756448e-04 0.000000e+00 1.300909e-02 5.952326e+03 1.000000e+00 5.063007e+04 7.054892e+01
0.000000e+00 0.000000e+00 2.316766e-02 6.346312e-06 3.549049e-01 6.716100e+02 2.285627e+00 0.000000e+00 7.187548e+03 1.683831e+02 4.768115e-06 5.588816e-03 7.743955e-07 8.742165e-04 0.000000e+00 1.290967e-02 5.916490e+03 1.000000e+00 5.063010e+04 7.054896e+01
0.000000e+00 0.000000e+00 2.316766e-02 6.346145e-06 3.549044e-01 6.716100e+02 2.287435e+00 0.000000e+00 7.187535e+03 1.683830e+02 4.768112e-06 5.588812e-03 7.756607e-07 8.756448e-04 0.000000e+00 1.300909e-02 5.952326e+03 1.000000e+00 5.063007e+04 7.054892e+01
0.000000e+00 0.000000e+00 2.536032e-02 6.887883e-06 3.549096e-01 6.716098e+02 2.285431e+00 0.000000e+00 7.187644e+03 1.683831e+02 4.768116e-06 5.588817e-03 7.743812e-07 8.742003e-04 0.000000e+00 1.290980e-02 5.916743e+03 1.000000e+00 5.063010e+04 7.054897e+01
0.000000e+00 0.000000e+00 2.536032e-02 6.887702e-06 3.549094e-01 6.716100e+02 2.287338e+00 0.000000e+00 7.187637e+03 1.683831e+02 4.768115e-06 5.588816e-03 7.756477e-07 8.756302e-04 0.000000e+00 1.300926e-02 5.952583e+03 1.000000e+00 5.063009e+04 7.054896e+01
0.000000e+00 0.000000e+00 2.536032e-02 6.887883e-06 3.549096e-01 6.716098e+02 2.285431e+00 0.000000e+00 7.187644e+03 1.683831e+02 4.768116e-06 5.588817e-03 7.743812e-07 8.742003e-04 0.000000e+00 1.290980e-02 5.916743e+03 1.000000e+00 5.063010e+04 7.054897e+01
0.000000e+00 0.000000e+00 2.536032e-02 6.887702e-06 3.549094e-01 6.716100e+02 2.287338e+00 0.000000e+00 7.187637e+03 1.683831e+02 4.768115e-06 5.588816e-03 7.756477e-07 8.756302e-04 0.000000e+00 1.300926e-02 5.952583e+03 1.000000e+00 5.063009e+04 7.054896e+01
0.000000e+00 0.000000e+00 2.536032e-02 6.887883e-06 3.549096e-01 6.716098e+02 2.285431e+00 0.000000e+00 7.187644e+03 1.683831e+02 4.768116e-06 5.588817e-03 7.743812e-07 8.742003e-04 0.000000e+00 1.290980e-02 5.916743e+03 1.000000e+00 5.063010e+04 7.054897e+01
0.000000e+00 0.000000e+00 2.536032e-02 6.887702e-06 3.549094e-01 6.716100e+02 2.287338e+00 0.000000e+00 7.187637e+03 1.683831e+02 4.768115e-06 5.588816e-03 7.756477e-07 8.756302e-04 0.000000e+00 1.300926e-02 5.952583e+03 1.000000e+00 5.063009e+04 7.054896e+01
0.000000e+00 0.000000e+00 2.536032e-02 6.887883e-06 3.549096e-01 6.716098e+02 2.285431e+00 0.000000e+00 7.187644e+03 1.683831e+02 4.768116e-06 5.588817e-03 7.743812e-07 8.742003e-04 0.000000e+00 1.290980e-02 5.916743e+03 1.000000e+00 5.063010e+04 7.054897e+01
0.000000e+00 0.000000e+00 2.536032e-02 6.887702e-06 3.549094e-01 6.716100e+02 2.287338e+00 0.000000e+00 7.187637e+03 1.683831e+02 4.768115e-06 5.588816e-03 7.756477e-07 8.756302e-04 0.000000e+00 1.300926e-02 5.952583e+03 1.000000e+00 5.063009e+04 7.054896e+01
0.000000e+00 0.000000e+00 2.536032e-02 6.887883e-06 3.549096e-01 6.716098e+02 2.285431e+00 0.000000e+00 7.187644e+03 1.683831e+02 4.768116e-06 5.588817e-03 7.743812e-07 8.742003e-04 0.000000e+00 1.290980e-02 5.916743e+03 1.000000e+00 5.063010e+04 7.054897e+01
0.000000e+00 0.000000e+00 2.536032e-02 6.887702e-06 3.549094e-01 6.716100e+02 2.287338e+00 0.000000e+00 7.187637e+03 1.683831e+02 4.768115e-06 5.588816e-03 7.756477e-07 8.756302e-04 0.000000e+00 1.300926e-02 5.952583e+03 1.000000e+00 5.063009e+04 7.054896e+01
0.000000e+00 0.000000e+00 2.773897e-02 7.464924e-06 3.549143e-01 6.716095e+02 2.285349e+00 0.000000e+00 7.187750e+03 1.683832e+02 4.768124e-06 5.588828e-03 7.743742e-07 8.741924e-04 0.000000e+00 1.291012e-02 5.917022e+03 1.000000e+00 5.063019e+04 7.054908e+01
0.000000e+00 0.000000e+00 2.773897e-02 7.464728e-06 3.549139e-01 6.716097e+02 2.287189e+00 0.000000e+00 7.187742e+03 1.683832e+02 4.768124e-06 5.588829e-03 7.756386e-07 8.756198e-04 0.000000e+00 1.300955e-02 5.952864e+03 1.000000e+00 5.063019e+04 7.054909e+01
0.000000e+00 0.000000e+00 2.773897e-02 7.464924e-06 3.549143e-01 6.716095e+02 2.285349e+00 0.000000e+00 7.187750e+03 1.683832e+02 4.768124e-06 5.588828e-03 7.743742e-07 8.741924e-04 0.000000e+00 1.291012e-02 5.917022e+03 1.000000e+00 5.063019e+04 7.054908e+01
0.000000e+00 0.000000e+00 2.773897e-02 7.464728e-06 3.549139e-01 6.716097e+02 2.287189e+00 0.000000e+00 7.187742e+03 1.683832e+02 4.768124e-06 5.588829e-03 7.756386e-07 8.756198e-04 0.000000e+00 1.300955e-02 5.952864e+03 1.000000e+00 5.063019e+04 7.054909e+01
0.000000e+00 0.000000e+00 2.773897e-02 7.464924e-06 3.549143e-01 6.716095e+02 2.285349e+00 0.000000e+00 7.187750e+03 1.683832e+02 4.768124e-06 5.588828e-03 7.743742e-07 8.741924e-04 0.000000e+00 1.291012e-02 5.917022e+03 1.000000e+00 5.063019e+04 7.054908e+01
0.000000e+00 0.000000e+00 2.773897e-02 7.464728e-06 3.549139e-01 6.716097e+02 2.287189e+00 0.000000e+00 7.187742e+03 1.683832e+02 4.768124e-06 5.588829e-03 7.756386e-07 8.756198e-04 0.000000e+00 1.300955e-02 5.952864e+03 1.000000e+00 5.063019e+04 7.054909e+01
0.000000e+00 0.000000e+00 2.773897e-02 7.464924e-06 3.549143e-01 6.716095e+02 2.285349e+00 0.000000e+00 7.187750e+03 1.683832e+02 4.768124e-06 5.588828e-03 7.743742e-07 8.741924e-04 0.000000e+00 1.291012e-02 5.917022e+03 1.000000e+00 5.063019e+04 7.054908e+01
0.000000e+00 0.000000e+00 2.773897e-02 7.464728e-06 3.549139e-01 6.716097e+02 2.287189e+00 0.000000e+00 7.187742e+03 1.683832e+02 4.768124e-06 5.588829e-03 7.756386e-07 8.756198e-04 0.000000e+00 1.300955e-02 5.952864e+03 1.000000e+00 5.063019e+04 7.054909e+01
0.000000e+00 0.000000e+00 2.773897e-02 7.464924e-06 3.549143e-01 6.716095e+02 2.285349e+00 0.000000e+00 7.187750e+03 1.683832e+02 4.768124e-06 5.588828e-03 7.743742e-07 8.741924e-04 0.000000e+00 1.291012e-02 5.917022e+03 1.000000e+00 5.063019e+04 7.054908e+01
0.000000e+00 0.000000e+00 2.773897e-02 7.464728e-06 3.549139e-01 6.716097e+02 2.287189e+00 0.000000e+00 7.187742e+03 1.683832e+02 4.768124e-06 5.588829e-03 7.756386e-07 8.756198e-04 0.000000e+00 1.300955e-02 5.952864e+03 1.000000e+00 5.063019e+04 7.054909e+01
0.000000e+00 0.000000e+00 3.031543e-02 8.077659e-06 3.549189e-01 6.716090e+02 2.285059e+00 0.000000e+00 7.187861e+03 1.683834e+02 4.768138e-06 5.588846e-03 7.743633e-07 8.741801e-04 0.000000e+00 1.291042e-02 5.917316e+03 1.000000e+00 5.063032e+04 7.054927e+01
0.000000e+00 0.000000e+00 3.031543e-02 8.077447e-06 3.549178e-01 6.716093e+02 2.286665e+00 0.000000e+00 7.187832e+03 1.683834e+02 4.768134e-06 5.588841e-03 7.756243e-07 8.756037e-04 0.000000e+00 1.300982e-02 5.953160e+03 1.000000e+00 5.063028e+04 7.054921e+01
0.000000e+00 0.000000e+00 3.031543e-02 8.077659e-06 3.549189e-01 6.716090e+02 2.285059e+00 0.000000e+00 7.187861e+03 1.683834e+02 4.768138e-06 5.588846e-03 7.743633e-07 8.741801e-04 0.000000e+00 1.291042e-02 5.917316e+03 1.000000e+00 5.063032e+04 7.054927e+01
0.000000e+00 0.000000e+00 3.031543e-02 8.077447e-06 3.549178e-01 6.716093e+02 2.286665e+00 0.000000e+00 7.187832e+03 1.683834e+02 4.768134e-06 5.588841e-03 7.756243e-07 8.756037e-04 0.000000e+00 1.300982e-02 5.953160e+03 1.000000e+00 5.063028e+04 7.054921e+01
0.000000e+00 0.000000e+00 3.031543e-02 8.077659e-06 3.549189e-01 6.716090e+02 2.285059e+00 0.000000e+00 7.187861e+03 1.683834e+02 4.768138e-06 5.588846e-03 7.743633e-07 8.741801e-04 0.000000e+00 1.291042e-02 5.917316e+03 1.000000e+00 5.063032e+04 7.054927e+01
0.000000e+00 0.000000e+00 3.031543e-02 8.077447e-06 3.549178e-01 6.716093e+02 2.286665e+00 0.000000e+00 7.187832e+03 1.683834e+02 4.768134e-06 5.588841e-03 7.756243e-07 8.756037e-04 0.000000e+00 1.300982e-02 5.953160e+03 1.000000e+00 5.063028e+04 7.054921e+01
0.000000e+00 0.000000e+00 3.031543e-02 8.077659e-06 3.549189e-01 6.716090e+02 2.285059e+00 0.000000e+00 7.187861e+03 1.683834e+02 4.768138e-06 5.588846e-03 7.743633e-07 8.741801e-04 0.000000e+00 1.291042e-02 5.917316e+03 1.000000e+00 5.063032e+04 7.054927e+01
0.000000e+00 0.000000e+00 3.031543e-02 8.077447e-06 3.549178e-01 6.716093e+02 2.286665e+00 0.000000e+00 7.187832e+03 1.683834e+02 4.768134e-06 5.588841e-03 7.756243e-07 8.756037e-04 0.000000e+00 1.300982e-02 5.953160e+03 1.000000e+00 5.063028e+04 7.054921e+01
0.000000e+00 0.000000e+00 3.031543e-02 8.077659e-06 3.549189e-01 6.716090e+02 2.285059e+00 0.000000e+00 7.187861e+03 1.683834e+02 4.768138e-06 5.588846e-03 7.743633e-07 8.741801e-04 0.000000e+00 1.291042e-02 5.917316e+03 1.000000e+00 5.063032e+04 7.054927e+01
0.000000e+00 0.000000e+00 3.031543e-02 8.077447e-06 3.549178e-01 6.716093e+02 2.286665e+00 0.000000e+00 7.187832e+03 1.683834e+02 4.768134e-06 5.588841e-03 7.756243e-07 8.756037e-04 0.000000e+00 1.300982e-02 5.953160e+03 1.000000e+00 5.063028e+04 7.054921e+01
0.000000e+00 0.000000e+00 3.310155e-02 8.725852e-06 3.549231e-01 6.716085e+02 2.284098e+00 0.000000e+00 7.187969e+03 1.683837e+02 4.768154e-06 5.588867e-03 7.743596e-07 8.741759e-04 0.000000e+00 1.291092e-02 5.917646e+03 1.000000e+00 5.063047e+04 7.054948e+01
0.000000e+00 0.000000e+00 3.310155e-02 8.725623e-06 3.549217e-01 6.716088e+02 2.285914e+00 0.000000e+00 7.187931e+03 1.683836e+02 4.768147e-06 5.588858e-03 7.756194e-07 8.755982e-04 0.000000e+00 1.301032e-02 5.953493e+03 1.000000e+00 5.063040e+04 7.054939e+01
0.000000e+00 0.000000e+00 3.310155e-02 8.725852e-06 3.549231e-01 6.716085e+02 2.284098e+00 0.000000e+00 7.187969e+03 1.683837e+02 4.768154e-06 5.588867e-03 7.743596e-07 8.741759e-04 0.000000e+00 1.291092e-02 5.917646e+03 1.000000e+00 5.063047e+04 7.054948e+01
0.000000e+00 0.000000e+00 3.310155e-02 8.725623e-06 3.549217e-01 6.716088e+02 2.285914e+00 0.000000e+00 7.187931e+03 1.683836e+02 4.768147e-06 5.588858e-03 7.756194e-07 8.755982e-04 0.000000e+00 1.301032e-02 5.953493e+03 1.000000e+00 5.063040e+04 7.054939e+01
0.000000e+00 0.000000e+00 3.310155e-02 8.725852e-06 3.549231e-01 6.716085e+02 2.284098e+00 0.000000e+00 7.187969e+03 1.683837e+02 4.768154e-06 5.588867e-03 7.743596e-07 8.741759e-04 0.000000e+00 1.291092e-02 5.917646e+03 1.000000e+00 5.063047e+04 7.054948e+01
0.000000e+00 0.000000e+00 3.310155e-02 8.725623e-06 3.549217e-01 6.716088e+02 2.285914e+00 0.000000e+00 7.187931e+03 1.683836e+02 4.768147e-06 5.588858e-03 7.756194e-07 8.755982e-04 0.000000e+00 1.301032e-02 5.953493e+03 1.000000e+00 5.063040e+04 7.054939e+01
0.000000e+00 0.000000e+00 3.310155e-02 8.725852e-06 3.549231e-01 6.716085e+02 2.284098e+00 0.000000e+00 7.187969e+03 1.683837e+02 4.768154e-06 5.588867e-03 7.743596e-07 8.741759e-04 0.000000e+00 1.291092e-02 5.917646e+03 1.000000e+00 5.063047e+04 7.054948e+01
0.000000e+00 0.000000e+00 3.310155e-02 8.725623e-06 3.549217e-01 6.716088e+02 2.285914e+00 0.000000e+00 7.187931e+03 1.683836e+02 4.768147e-06 5.588858e-03 7.756194e-07 8.755982e-04 0.000000e+00 1.301032e-02 5.953493e+03 1.000000e+00 5.063040e+04 7.054939e+01
0.000000e+00 0.000000e+00 3.310155e-02 8.725852e-06 3.549231e-01 6.716085e+02 2.284098e+00 0.000000e+00 7.187969e+03 1.683837e+02 4.768154e-06 5.588867e-03 7.743596e-07 8.741759e-04 0.000000e+00 1.291092e-02 5.917646e+03 1.000000e+00 5.063047e+04 7.054948e+01
0.000000e+00 0.000000e+00 3.310155e-02 8.725623e-06 3.549217e-01 6.716088e+02 2.285914e+00 0.000000e+00 7.187931e+03 1.683836e+02 4.768147e-06 5.588858e-03 7.756194e-07 8.755982e-04 0.000000e+00 1.301032e-02 5.953493e+03 1.000000e+00 5.063040e+04 7.054939e+01
0.000000e+00 0.000000e+00 3.610900e-02 9.408684e-06 3.549291e-01 6.716076e+02 2.282857e+00 0.000000e+00 7.188124e+03 1.683841e+02 4.768179e-06 5.588899e-03 7.743708e-07 8.741885e-04 0.000000e+00 1.291172e-02 5.918023e+03 1.000000e+00 5.063071e+04 7.054981e+01
0.000000e+00 0.000000e+00 3.610900e-02 9.408436e-06 3.549276e-01 6.716078e+02 2.285304e+00 0.000000e+00 7.188082e+03 1.683839e+02 4.768170e-06 5.588889e-03 7.756279e-07 8.756077e-04 0.000000e+00 1.301107e-02 5.953870e+03 1.000000e+00 5.063062e+04 7.054971e+01
0.000000e+00 0.000000e+00 3.610900e-02 9.408684e-06 3.549291e-01 6.716076e+02 2.282857e+00 0.000000e+00 7.188124e+03 1.683841e+02 4.768179e-06 5.588899e-03 7.743708e-07 8.741885e-04 0.000000e+00 1.291172e-02 5.918023e+03 1.000000e+00 5.063071e+04 7.054981e+01
0.000000e+00 0.000000e+00 3.610900e-02 9.408436e-06 3.549276e-01 6.716078e+02 2.285304e+00 0.000000e+00 7.188082e+03 1.683839e+02 4.768170e-06 5.588889e-03 7.756279e-07 8.756077e-04 0.000000e+00 1.301107e-02 5.953870e+03 1.000000e+00 5.063062e+04 7.054971e+01
0.000000e+00 0.000000e+00 3.610900e-02 9.408684e-06 3.549291e-01 6.716076e+02 2.282857e+00 0.000000e+00 7.188124e+03 1.683841e+02 4.768179e-06 5.588899e-03 7.743708e-07 8.741885e-04 0.000000e+00 1.291172e-02 5.918023e+03 1.000000e+00 5.063071e+04 7.054981e+01
0.000000e+00 0.000000e+00 3.610900e-02 9.408436e-06 3.549276e-01 6.716078e+02 2.285304e+00 0.000000e+00 7.188082e+03 1.683839e+02 4.768170e-06 5.588889e-03 7.756279e-07 8.756077e-04 0.000000e+00 1.301107e-02 5.953870e+03 1.000000e+00 5.063062e+04 7.054971e+01
0.000000e+00 0.000000e+00 3.610900e-02 9.408684e-06 3.549291e-01 6.716076e+02 2.282857e+00 0.000000e+00 7.188124e+03 1.683841e+02 4.768179e-06 5.588899e-03 7.743708e-07 8.741885e-04 0.000000e+00 1.291172e-02 5.918023e+03 1.000000e+00 5.063071e+04 7.054981e+01
0.000000e+00 0.000000e+00 3.610900e-02 9.408436e-06 3.549276e-01 6.716078e+02 2.285304e+00 0.000000e+00 7.188082e+03 1.683839e+02 4.768170e-06 5.588889e-03 7.756279e-07 8.756077e-04 0.000000e+00 1.301107e-02 5.953870e+03 1.000000e+00 5.063062e+04 7.054971e+01
0.000000e+00 0.000000e+00 3.610900e-02 9.408684e-06 3.549291e-01 6.716076e+02 2.282857e+00 0.000000e+00 7.188124e+03 1.683841e+02 4.768179e-06 5.588899e-03 7.743708e-07 8.741885e-04 0.000000e+00 1.291172e-02 5.918023e+03 1.000000e+00 5.063071e+04 7.054981e+01
0.000000e+00 0.000000e+00 3.610900e-02 9.408436e-06 3.549276e-01 6.716078e+02 2.285304e+00 0.000000e+00 7.188082e+03 1.683839e+02 4.768170e-06 5.588889e-03 7.756279e-07 8.756077e-04 0.000000e+00 1.301107e-02 5.953870e+03 1.000000e+00 5.063062e+04 7.054971e+01
