=================================================================================================
      i NZ NE iSLP iLV iCONF                 E(RYD)      TE(RYD)   gi         QD     EQN    RL(NS)
 =================================================================================================
      1  7  6  100   1 2s2 2p2         -1.86165E+00  3.16100E-01  1.0  0.000E+00  1.4658  1.00E+30
      2  7  6  100   2 2s2 2p 3p       -5.45655E-01  1.63210E+00  1.0  2.925E-01  2.7075  4.65E+00
      3  7  6  100   3 2s2 2p 4p       -2.89207E-01  1.88854E+00  1.0  2.810E-01  3.7190  1.04E+01
      4  7  6  100   4 2s2 2p 5p       -1.79260E-01  1.99849E+00  1.0  2.762E-01  4.7238  1.87E+01
      5  7  6  100   5 2s2 2p 6p       -1.21993E-01  2.05576E+00  1.0  2.739E-01  5.7261  3.05E+01
      6  7  6  100   6 2s2 2p 7p       -8.83801E-02  2.08937E+00  1.0  2.725E-01  6.7275  4.66E+01
      7  7  6  100   7 2s2 2p 8p       -6.69716E-02  2.11078E+00  1.0  2.717E-01  7.7283  6.77E+01
      8  7  6  100   8 2s2 2p 9p       -5.24982E-02  2.12525E+00  1.0  2.711E-01  8.7289  9.47E+01
      9  7  6  100   9 2s2 2p10p       -4.22573E-02  2.13549E+00  1.0  2.708E-01  9.7292  1.28E+02
     10  7  6  101   1 2s2p2(2PE) 3p    6.70115E-01  2.84787E+00  1.0  5.774E-01  2.4226  1.52E-01
     11  7  6  101   2 2s2p2(2PE) 4p    1.01710E+00  3.19485E+00  1.0  5.423E-01  3.4577  1.66E-01
     12  7  6  101   3 2s2p2(2PE) 5p    1.15109E+00  3.32884E+00  1.0  5.343E-01  4.4657  1.69E-01
     13  7  6  101   4 2s2p2(2PE) 6p    1.21792E+00  3.39567E+00  1.0  5.313E-01  5.4687  1.70E-01
     14  7  6  101   5 2s2p2(2PE) 7p    1.25611E+00  3.43386E+00  1.0  5.302E-01  6.4698  1.70E-01
     15  7  6  101   6 2s2p2(2PE) 8p    1.27999E+00  3.45774E+00  1.0  5.298E-01  7.4702  1.70E-01
     16  7  6  101   7 2s2p2(2PE) 9p    1.29591E+00  3.47366E+00  1.0  5.303E-01  8.4697  1.70E-01
     17  7  6  101   8 2s2p2(2PE)10p    1.30706E+00  3.48481E+00  1.0  5.308E-01  9.4692  1.70E-01
     18  7  6  110   1 2s2 2p 3p       -6.73009E-01  1.50474E+00  3.0  5.621E-01  2.4379  3.07E+01
     19  7  6  110   2 2s2 2p 4p       -3.32679E-01  1.84507E+00  3.0  5.325E-01  3.4675  1.02E+01
     20  7  6  110   3 2s2 2p 5p       -1.99697E-01  1.97805E+00  3.0  5.245E-01  4.4755  1.38E+01
     21  7  6  110   4 2s2 2p 6p       -1.33243E-01  2.04451E+00  3.0  5.209E-01  5.4791  2.06E+01
     22  7  6  110   5 2s2 2p 7p       -9.52304E-02  2.08252E+00  3.0  5.190E-01  6.4810  3.03E+01
     23  7  6  110   6 2s2 2p 8p       -7.14506E-02  2.10630E+00  3.0  5.178E-01  7.4822  4.34E+01
     24  7  6  110   7 2s2 2p 9p       -5.55866E-02  2.12216E+00  3.0  5.171E-01  8.4829  6.03E+01
     25  7  6  110   8 2s2 2p10p       -4.44763E-02  2.13327E+00  3.0  5.166E-01  9.4834  8.15E+01
     26  7  6  111   1 2s2 2p 3s       -8.09748E-01  1.36800E+00  3.0  7.774E-01  2.2226  2.53E-01
     27  7  6  111   2 2s 2p3          -6.27380E-01  1.55037E+00  3.0  0.000E+00  2.5250  1.98E-01
     28  7  6  111   3 2s2 2p 3d       -4.38997E-01  1.73875E+00  3.0 -1.856E-02  3.0186  4.25E-01
     29  7  6  111   4 2s2 2p 4s       -3.71034E-01  1.80672E+00  3.0  7.166E-01  3.2834  1.23E+00
     30  7  6  111   5 2s2 2p 4d       -2.49029E-01  1.92872E+00  3.0 -7.791E-03  4.0078  8.70E-01
     31  7  6  111   6 2s2 2p 5s       -2.18148E-01  1.95960E+00  3.0  7.179E-01  4.2821  2.29E+00
     32  7  6  111   7 2s2 2p 5d       -1.59700E-01  2.01805E+00  3.0 -4.694E-03  5.0047  1.60E+00
     33  7  6  111   8 2s2 2p 6s       -1.43343E-01  2.03441E+00  3.0  7.175E-01  5.2825  4.00E+00
     34  7  6  111   9 2s2 2p 6d       -1.10987E-01  2.06676E+00  3.0 -3.354E-03  6.0034  2.68E+00
     35  7  6  111  10 2s2 2p 7s       -1.01331E-01  2.07642E+00  3.0  7.171E-01  6.2829  6.46E+00
     36  7  6  111  11 2s2 2p 7d       -8.15712E-02  2.09618E+00  3.0 -2.636E-03  7.0026  4.17E+00
     37  7  6  111  12 2s2 2p 8s       -7.54094E-02  2.10234E+00  3.0  7.169E-01  7.2831  9.83E+00
     38  7  6  111  13 2s2 2p 8d       -6.24658E-02  2.11528E+00  3.0 -2.190E-03  8.0022  6.15E+00
     39  7  6  111  14 2s2 2p 9s       -5.82984E-02  2.11945E+00  3.0  7.167E-01  8.2833  1.42E+01
     40  7  6  111  15 2s2 2p 9d       -4.93620E-02  2.12839E+00  3.0 -1.888E-03  9.0019  8.66E+00
     41  7  6  111  16 2s2 2p10s       -4.64139E-02  2.13134E+00  3.0  7.166E-01  9.2834  1.98E+01
     42  7  6  120   1 2s2 2p2         -2.03337E+00  1.44380E-01  5.0  0.000E+00  1.4026  1.00E+30
     43  7  6  120   2 2s2 2p 3p       -5.83814E-01  1.59394E+00  5.0  3.825E-01  2.6175  7.08E+00
     44  7  6  120   3 2s2 2p 4p       -3.03523E-01  1.87423E+00  5.0  3.698E-01  3.6302  1.54E+01
     45  7  6  120   4 2s2 2p 4f       -2.49693E-01  1.92806E+00  5.0 -2.458E-03  4.0025  4.56E+00
     46  7  6  120   5 2s2 2p 5p       -1.86319E-01  1.99143E+00  5.0  3.666E-01  4.6334  2.51E+01
     47  7  6  120   6 2s2 2p 5f       -1.59844E-01  2.01791E+00  5.0 -2.439E-03  5.0024  8.76E+00
     48  7  6  120   7 2s2 2p 6p       -1.26009E-01  2.05174E+00  5.0  3.658E-01  5.6342  3.71E+01
     49  7  6  120   8 2s2 2p 6f       -1.11040E-01  2.06671E+00  5.0 -1.921E-03  6.0019  1.50E+01
     50  7  6  120   9 2s2 2p 7p       -9.09111E-02  2.08684E+00  5.0  3.668E-01  6.6332  3.84E+01
     51  7  6  120  10 2s2 2p 7f       -8.16584E-02  2.09609E+00  5.0  1.104E-03  6.9989  1.43E+01
     52  7  6  120  11 2p4             -7.94931E-02  2.09826E+00  5.0  0.000E+00  7.0936  8.54E-01
     53  7  6  120  12 2s2 2p 8p       -6.85950E-02  2.10916E+00  5.0  3.637E-01  7.6363  8.87E+01
     54  7  6  120  13 2s2 2p 8f       -6.24710E-02  2.11528E+00  5.0 -1.857E-03  8.0019  3.30E+01
     55  7  6  120  14 2s2 2p 9p       -5.36425E-02  2.12411E+00  5.0  3.647E-01  8.6353  1.29E+02
     56  7  6  120  15 2s2 2p 9f       -4.93662E-02  2.12838E+00  5.0 -1.506E-03  9.0015  4.76E+01
     57  7  6  120  16 2s2 2p10p       -4.30887E-02  2.13466E+00  5.0  3.651E-01  9.6349  1.72E+02
     58  7  6  121   1 2s 2p3          -8.46089E-01  1.33166E+00  5.0  0.000E+00  2.1743  3.22E-01
     59  7  6  121   2 2s2 2p 3d       -4.66844E-01  1.71091E+00  5.0  7.286E-02  2.9271  3.31E-01
     60  7  6  121   3 2s2 2p 4d       -2.61859E-01  1.91589E+00  5.0  9.162E-02  3.9084  7.81E-01
     61  7  6  121   4 2s2 2p 5d       -1.66526E-01  2.01122E+00  5.0  9.895E-02  4.9010  1.51E+00
     62  7  6  121   5 2s2 2p 6d       -1.15014E-01  2.06274E+00  5.0  1.027E-01  5.8973  2.58E+00
     63  7  6  121   6 2s2 2p 7d       -8.41343E-02  2.09362E+00  5.0  1.049E-01  6.8951  4.09E+00
     64  7  6  121   7 2s2 2p 8d       -6.41939E-02  2.11356E+00  5.0  1.063E-01  7.8937  6.07E+00
     65  7  6  121   8 2s2 2p 9d       -5.05805E-02  2.12717E+00  5.0  1.072E-01  8.8928  8.61E+00
     66  7  6  121   9 2s2 2p10d       -4.08772E-02  2.13687E+00  5.0  1.079E-01  9.8921  1.18E+01
     67  7  6  130   1 2s2 2p 4f       -2.51901E-01  1.92585E+00  7.0  1.512E-02  3.9849  3.91E+00
     68  7  6  130   2 2s2 2p 5f       -1.61270E-01  2.01648E+00  7.0  1.973E-02  4.9803  7.27E+00
     69  7  6  130   3 2s2 2p 6f       -1.11930E-01  2.06582E+00  7.0  2.199E-02  5.9780  1.22E+01
     70  7  6  130   4 2s2 2p 7f       -8.21784E-02  2.09557E+00  7.0  2.328E-02  6.9767  1.90E+01
     71  7  6  130   5 2s2 2p 8f       -6.28784E-02  2.11487E+00  7.0  2.411E-02  7.9759  2.79E+01
     72  7  6  130   6 2s2 2p 9f       -4.96545E-02  2.12810E+00  7.0  2.466E-02  8.9753  3.93E+01
     73  7  6  130   7 2s2 2p10f       -4.02012E-02  2.13755E+00  7.0  2.506E-02  9.9749  5.35E+01
     74  7  6  131   1 2s2 2p 3d       -4.47028E-01  1.73072E+00  7.0  8.682E-03  2.9913  2.66E-01
     75  7  6  131   2 2s2 2p 4d       -2.51507E-01  1.92624E+00  7.0  1.200E-02  3.9880  5.25E-01
     76  7  6  131   3 2s2 2p 5d       -1.60889E-01  2.01686E+00  7.0  1.383E-02  4.9862  9.94E-01
     77  7  6  131   4 2s2 2p 5g       -1.59948E-01  2.01780E+00  7.0 -8.126E-04  5.0008  9.30E+00
     78  7  6  131   5 2s2 2p 6d       -1.11655E-01  2.06610E+00  7.0  1.463E-02  5.9854  1.67E+00
     79  7  6  131   6 2s2 2p 6g       -1.11069E-01  2.06668E+00  7.0 -1.137E-03  6.0011  1.47E+01
     80  7  6  131   7 2s2 2p 7d       -8.19852E-02  2.09576E+00  7.0  1.507E-02  6.9849  2.60E+00
     81  7  6  131   8 2s2 2p 7g       -8.16018E-02  2.09615E+00  7.0 -1.323E-03  7.0013  2.26E+01
     82  7  6  131   9 2s2 2p 8d       -6.27405E-02  2.11501E+00  7.0  1.535E-02  7.9847  3.83E+00
     83  7  6  131  10 2s2 2p 8g       -6.24778E-02  2.11527E+00  7.0 -1.421E-03  8.0014  3.32E+01
     84  7  6  131  11 2s2 2p 9d       -4.95538E-02  2.12820E+00  7.0  1.555E-02  8.9845  5.40E+00
     85  7  6  131  12 2s2 2p 9g       -4.93664E-02  2.12838E+00  7.0 -1.487E-03  9.0015  4.69E+01
     86  7  6  131  13 2s2 2p10d       -4.01258E-02  2.13762E+00  7.0  1.569E-02  9.9843  7.36E+00
     87  7  6  140   1 2s2 2p 4f       -2.50152E-01  1.92760E+00  9.0  1.215E-03  3.9988  4.53E+00
     88  7  6  140   2 2s2 2p 5f       -1.60119E-01  2.01763E+00  9.0  1.858E-03  4.9981  8.77E+00
     89  7  6  140   3 2s2 2p 6f       -1.11209E-01  2.06654E+00  9.0  2.641E-03  5.9974  1.57E+01
     90  7  6  140   4 2s2 2p 6h       -1.11104E-01  2.06665E+00  9.0 -1.921E-04  6.0002  3.40E+01
     91  7  6  140   5 2s2 2p 7f       -8.17070E-02  2.09604E+00  9.0  3.185E-03  6.9968  2.52E+01
     92  7  6  140   6 2s2 2p 7h       -8.16248E-02  2.09613E+00  9.0 -3.368E-04  7.0003  5.18E+01
     93  7  6  140   7 2s2 2p 8f       -6.25557E-02  2.11519E+00  9.0  3.562E-03  7.9964  3.76E+01
     94  7  6  140   8 2s2 2p 8h       -6.24934E-02  2.11526E+00  9.0 -4.225E-04  8.0004  7.56E+01
     95  7  6  140   9 2s2 2p 9f       -4.94248E-02  2.12833E+00  9.0  3.833E-03  8.9962  5.35E+01
     96  7  6  140  10 2s2 2p 9h       -4.93774E-02  2.12837E+00  9.0 -4.844E-04  9.0005  1.06E+02
     97  7  6  140  11 2s2 2p10f       -4.00322E-02  2.13772E+00  9.0  4.023E-03  9.9960  7.32E+01
     98  7  6  141   1 2s2 2p 5g       -1.60087E-01  2.01766E+00  9.0  1.359E-03  4.9986  1.44E+01
     99  7  6  141   2 2s2 2p 6g       -1.11194E-01  2.06656E+00  9.0  2.237E-03  5.9978  2.45E+01
    100  7  6  141   3 2s2 2p 7g       -8.16974E-02  2.09605E+00  9.0  2.774E-03  6.9972  3.82E+01
    101  7  6  141   4 2s2 2p 8g       -6.25490E-02  2.11520E+00  9.0  3.134E-03  7.9969  5.63E+01
    102  7  6  141   5 2s2 2p 9g       -4.94199E-02  2.12833E+00  9.0  3.386E-03  8.9966  7.93E+01
    103  7  6  141   6 2s2 2p10g       -4.00286E-02  2.13772E+00  9.0  3.573E-03  9.9964  1.08E+02
    104  7  6  150   1 2s2 2p 6h       -1.11114E-01  2.06664E+00 11.0  0.000E+00  5.9999  3.78E+01
    105  7  6  150   2 2s2 2p 7h       -8.16367E-02  2.09611E+00 11.0  1.734E-04  6.9998  5.99E+01
    106  7  6  150   3 2s2 2p 8h       -6.25037E-02  2.11525E+00 11.0  2.370E-04  7.9998  8.95E+01
    107  7  6  150   4 2s2 2p 9h       -4.93859E-02  2.12836E+00 11.0  2.903E-04  8.9997  1.27E+02
    108  7  6  150   5 2s2 2p10h       -4.00026E-02  2.13775E+00 11.0  3.249E-04  9.9997  1.72E+02
    109  7  6  151   1 2s2 2p 5g       -1.60005E-01  2.01775E+00 11.0  0.000E+00  4.9999  1.47E+01
    110  7  6  151   2 2s2 2p 6g       -1.11115E-01  2.06664E+00 11.0  1.050E-04  5.9999  2.52E+01
    111  7  6  151   3 2s2 2p 7i       -8.16322E-02  2.09612E+00 11.0  0.000E+00  7.0000  6.94E+01
    112  7  6  151   4 2s2 2p 7g       -8.16322E-02  2.09612E+00 11.0  0.000E+00  7.0000  6.99E+01
    113  7  6  151   5 2s2 2p 8i       -6.24994E-02  2.11525E+00 11.0  0.000E+00  8.0000  8.85E+01
    114  7  6  151   6 2s2 2p 8g       -6.24994E-02  2.11525E+00 11.0  0.000E+00  8.0000  9.07E+01
    115  7  6  151   7 2s2 2p 9g       -4.93822E-02  2.12837E+00 11.0  0.000E+00  9.0000  1.14E+02
    116  7  6  151   8 2s2 2p 9i       -4.93821E-02  2.12837E+00 11.0  0.000E+00  9.0001  1.19E+02
    117  7  6  151   9 2s2 2p10g       -3.99995E-02  2.13775E+00 11.0  0.000E+00 10.0001  1.48E+02
    118  7  6  160   1 2s2 2p 6h       -1.11112E-01  2.06664E+00 13.0  0.000E+00  6.0000  3.80E+01
    119  7  6  160   2 2s2 2p 7h       -8.16341E-02  2.09612E+00 13.0  0.000E+00  6.9999  5.99E+01
    120  7  6  160   3 2s2 2p 8h       -6.25013E-02  2.11525E+00 13.0  0.000E+00  7.9999  1.09E+02
    121  7  6  160   4 2s2 2p 9h       -4.93838E-02  2.12837E+00 13.0  0.000E+00  8.9999  1.60E+02
    122  7  6  160   5 2s2 2p10h       -4.00009E-02  2.13775E+00 13.0  1.126E-04  9.9999  2.15E+02
    123  7  6  161   1 2s2 2p 7i       -8.16327E-02  2.09612E+00 13.0  0.000E+00  7.0000  8.42E+01
    124  7  6  161   2 2s2 2p 8i       -6.25000E-02  2.11525E+00 13.0  0.000E+00  8.0000  1.25E+02
    125  7  6  161   3 2s2 2p 9i       -4.93828E-02  2.12837E+00 13.0  0.000E+00  9.0000  1.78E+02
    126  7  6  161   4 2s2 2p10i       -4.00001E-02  2.13775E+00 13.0  0.000E+00 10.0000  2.43E+02
    127  7  6  300   1 2s2 2p 3p       -6.32672E-01  1.54508E+00  3.0  4.856E-01  2.5144  6.80E+00
    128  7  6  300   2 2s2 2p 4p       -3.21918E-01  1.85583E+00  3.0  4.750E-01  3.5250  1.08E+01
    129  7  6  300   3 2s2 2p 5p       -1.94830E-01  1.98292E+00  3.0  4.689E-01  4.5311  1.68E+01
    130  7  6  300   4 2s2 2p 6p       -1.30608E-01  2.04714E+00  3.0  4.659E-01  5.5341  2.59E+01
    131  7  6  300   5 2s2 2p 7p       -9.36422E-02  2.08411E+00  3.0  4.643E-01  6.5357  3.87E+01
    132  7  6  300   6 2s2 2p 8p       -7.04197E-02  2.10733E+00  3.0  4.633E-01  7.5367  5.60E+01
    133  7  6  300   7 2s2 2p 9p       -5.48795E-02  2.12287E+00  3.0  4.626E-01  8.5374  7.84E+01
    134  7  6  300   8 2s2 2p10p       -4.39704E-02  2.13378E+00  3.0  4.622E-01  9.5378  1.06E+02
    135  7  6  301   1 2s 2p3          -7.40646E-01  1.43710E+00  3.0  0.000E+00  2.3239  8.82E-02
    136  7  6  301   2 2s2p2(4PE) 3p   -1.56175E-01  2.02158E+00  3.0  5.350E-01  2.4650  3.46E+00
    137  7  6  301   3 2s2p2(4PE) 4p    1.71729E-01  2.34948E+00  3.0  5.204E-01  3.4796  2.75E+00
    138  7  6  301   4 2s2p2(4PE) 5p    3.03046E-01  2.48080E+00  3.0  5.173E-01  4.4827  4.74E+00
    139  7  6  301   5 2s2p2(4PE) 6p    3.69099E-01  2.54685E+00  3.0  5.160E-01  5.4840  7.94E+00
    140  7  6  301   6 2s2p2(4PE) 7p    4.06980E-01  2.58473E+00  3.0  5.154E-01  6.4846  1.25E+01
    141  7  6  301   7 2s2p2(4PE) 8p    4.30708E-01  2.60846E+00  3.0  5.150E-01  7.4850  1.87E+01
    142  7  6  301   8 2s2p2(4PE) 9p    4.46548E-01  2.62430E+00  3.0  5.148E-01  8.4852  2.67E+01
    143  7  6  301   9 2s2p2(4PE)10p    4.57646E-01  2.63540E+00  3.0  5.146E-01  9.4854  3.68E+01
    144  7  6  310   1 2s2 2p2         -2.17775E+00  0.00000E+00  9.0  0.000E+00  1.3553  1.00E+30
    145  7  6  310   2 2s2 2p 3p       -6.18166E-01  1.55958E+00  9.0  4.562E-01  2.5438  5.88E+00
    146  7  6  310   3 2s2 2p 4p       -3.24615E-01  1.85314E+00  9.0  4.897E-01  3.5103  2.38E+00
    147  7  6  310   4 2s2p2(4PE) 3s   -2.52024E-01  1.92573E+00  9.0  6.969E-01  2.3031  5.40E-01
    148  7  6  310   5 2s2 2p 5p       -1.88040E-01  1.98971E+00  9.0  3.878E-01  4.6122  2.40E+00
    149  7  6  310   6 2p4             -1.66523E-01  2.01123E+00  9.0  0.000E+00  4.9011  7.00E-01
    150  7  6  310   7 2s2 2p 6p       -1.26550E-01  2.05120E+00  9.0  3.779E-01  5.6221  2.63E+01
    151  7  6  310   8 2s2 2p 7p       -9.15698E-02  2.08618E+00  9.0  3.907E-01  6.6093  5.47E+01
    152  7  6  310   9 2s2 2p 8p       -6.91733E-02  2.10858E+00  9.0  3.957E-01  7.6043  8.35E+01
    153  7  6  310  10 2s2 2p 9p       -5.40633E-02  2.12369E+00  9.0  3.984E-01  8.6016  1.18E+02
    154  7  6  310  11 2s2 2p10p       -4.34042E-02  2.13435E+00  9.0  4.002E-01  9.5998  1.60E+02
    155  7  6  311   1 2s 2p3          -1.17259E+00  1.00516E+00  9.0  0.000E+00  1.8470  7.60E-01
    156  7  6  311   2 2s2 2p 3s       -8.13816E-01  1.36393E+00  9.0  7.830E-01  2.2170  8.69E-01
    157  7  6  311   3 2s2 2p 3d       -4.51391E-01  1.72636E+00  9.0  2.317E-02  2.9768  3.86E-01
    158  7  6  311   4 2s2 2p 4s       -3.83282E-01  1.79447E+00  9.0  7.695E-01  3.2305  2.04E+00
    159  7  6  311   5 2s2 2p 4d       -2.55383E-01  1.92237E+00  9.0  4.238E-02  3.9576  7.51E-01
    160  7  6  311   6 2s2 2p 5s       -2.23128E-01  1.95462E+00  9.0  7.660E-01  4.2340  3.99E+00
    161  7  6  311   7 2s2 2p 5d       -1.63311E-01  2.01444E+00  9.0  5.095E-02  4.9491  1.33E+00
    162  7  6  311   8 2s2 2p 6s       -1.46025E-01  2.03173E+00  9.0  7.662E-01  5.2338  7.33E+00
    163  7  6  311   9 2s2 2p 6d       -1.13330E-01  2.06442E+00  9.0  5.903E-02  5.9410  2.06E+00
    164  7  6  311  10 2s2 2p 7s       -1.03063E-01  2.07469E+00  9.0  7.701E-01  6.2299  1.32E+01
    165  7  6  311  11 2s2 2p 7d       -8.35062E-02  2.09424E+00  9.0  7.897E-02  6.9210  2.50E+00
    166  7  6  311  12 2s2 2p 8s       -7.69554E-02  2.10079E+00  9.0  7.904E-01  7.2096  2.73E+01
    167  7  6  311  13 2s2p2(4PE) 3p   -6.79676E-02  2.10978E+00  9.0  3.511E-01  2.6489  1.80E+00
    168  7  6  311  14 2s2 2p 8d       -6.21962E-02  2.11555E+00  9.0 -1.951E-02  8.0195  2.48E+01
    169  7  6  311  15 2s2 2p 9s       -5.83170E-02  2.11943E+00  9.0  7.181E-01  8.2819  9.22E+00
    170  7  6  311  16 2s2 2p 9d       -4.96971E-02  2.12805E+00  9.0  2.851E-02  8.9715  1.27E+01
    171  7  6  311  17 2s2 2p10s       -4.66769E-02  2.13107E+00  9.0  7.428E-01  9.2572  2.14E+01
    172  7  6  311  18 2s2 2p10d       -4.02994E-02  2.13745E+00  9.0  3.722E-02  9.9628  1.46E+01
    173  7  6  320   1 2s2 2p 3p       -6.54210E-01  1.52354E+00 15.0  5.273E-01  2.4727  1.25E+01
    174  7  6  320   2 2s2 2p 4p       -3.27678E-01  1.85007E+00 15.0  5.061E-01  3.4939  1.26E+01
    175  7  6  320   3 2s2 2p 4f       -2.49833E-01  1.92792E+00 15.0 -1.337E-03  4.0013  4.33E+00
    176  7  6  320   4 2s2 2p 5p       -1.97496E-01  1.98025E+00 15.0  4.996E-01  4.5004  1.72E+01
    177  7  6  320   5 2s2 2p 5f       -1.59953E-01  2.01780E+00 15.0 -7.346E-04  5.0007  8.04E+00
    178  7  6  320   6 2s2 2p 6p       -1.32093E-01  2.04566E+00 15.0  4.971E-01  5.5029  2.48E+01
    179  7  6  320   7 2s2 2p 6f       -1.11111E-01  2.06664E+00 15.0  0.000E+00  6.0000  1.35E+01
    180  7  6  320   8 2s2 2p 7p       -9.45611E-02  2.08319E+00 15.0  4.961E-01  6.5039  3.55E+01
    181  7  6  320   9 2s2 2p 7f       -8.16463E-02  2.09610E+00 15.0  5.851E-04  6.9994  2.09E+01
    182  7  6  320  10 2s2 2p 8p       -7.10294E-02  2.10672E+00 15.0  4.957E-01  7.5043  4.95E+01
    183  7  6  320  11 2s2 2p 8f       -6.25157E-02  2.11523E+00 15.0  1.005E-03  7.9990  3.07E+01
    184  7  6  320  12 2s2 2p 9p       -5.53053E-02  2.12244E+00 15.0  4.955E-01  8.5045  6.72E+01
    185  7  6  320  13 2s2 2p 9f       -4.93971E-02  2.12835E+00 15.0  1.310E-03  8.9987  4.31E+01
    186  7  6  320  14 2s2 2p10p       -4.42796E-02  2.13347E+00 15.0  4.955E-01  9.5045  8.90E+01
    187  7  6  320  15 2s2 2p10f       -4.00123E-02  2.13774E+00 15.0  1.537E-03  9.9985  5.85E+01
    188  7  6  321   1 2s 2p3          -1.33697E+00  8.40780E-01 15.0  0.000E+00  1.7297  2.70E+00
    189  7  6  321   2 2s2 2p 3d       -4.64413E-01  1.71334E+00 15.0  6.520E-02  2.9348  2.31E-01
    190  7  6  321   3 2s2 2p 4d       -2.58810E-01  1.91894E+00 15.0  6.867E-02  3.9313  4.64E-01
    191  7  6  321   4 2s2 2p 5d       -1.64899E-01  2.01285E+00 15.0  7.483E-02  4.9252  7.94E-01
    192  7  6  321   5 2s2 2p 6d       -1.14697E-01  2.06305E+00 15.0  9.454E-02  5.9055  1.02E+00
    193  7  6  321   6 2s2p2(4PE) 3p   -9.47991E-02  2.08295E+00 15.0  4.113E-01  2.5887  1.10E+00
    194  7  6  321   7 2s2 2p 7d       -8.22520E-02  2.09550E+00 15.0  2.640E-02  6.9736  7.39E+00
    195  7  6  321   8 2s2 2p 8d       -6.33355E-02  2.11441E+00 15.0  5.294E-02  7.9471  5.13E+00
    196  7  6  321   9 2s2 2p 9d       -5.00297E-02  2.12772E+00 15.0  5.838E-02  8.9416  6.44E+00
    197  7  6  321  10 2s2 2p10d       -4.04904E-02  2.13726E+00 15.0  6.074E-02  9.9393  8.38E+00
    198  7  6  330   1 2s2 2p 4f       -2.51833E-01  1.92592E+00 21.0  1.458E-02  3.9854  3.98E+00
    199  7  6  330   2 2s2 2p 5f       -1.61217E-01  2.01653E+00 21.0  1.891E-02  4.9811  7.42E+00
    200  7  6  330   3 2s2 2p 6f       -1.11893E-01  2.06586E+00 21.0  2.100E-02  5.9790  1.25E+01
    201  7  6  330   4 2s2 2p 7f       -8.21528E-02  2.09560E+00 21.0  2.220E-02  6.9778  1.94E+01
    202  7  6  330   5 2s2 2p 8f       -6.28603E-02  2.11489E+00 21.0  2.296E-02  7.9770  2.86E+01
    203  7  6  330   6 2s2 2p 9f       -4.96414E-02  2.12811E+00 21.0  2.348E-02  8.9765  4.01E+01
    204  7  6  330   7 2s2 2p10f       -4.01914E-02  2.13756E+00 21.0  2.384E-02  9.9762  5.45E+01
    205  7  6  331   1 2s2 2p 3d       -4.72515E-01  1.70524E+00 21.0  9.047E-02  2.9095  8.70E+00
    206  7  6  331   2 2s2 2p 4d       -2.64200E-01  1.91355E+00 21.0  1.090E-01  3.8910  2.46E+01
    207  7  6  331   3 2s2 2p 5d       -1.67627E-01  2.01012E+00 21.0  1.151E-01  4.8849  3.14E+01
    208  7  6  331   4 2s2 2p 5g       -1.59985E-01  2.01777E+00 21.0 -2.343E-04  5.0002  1.47E+01
    209  7  6  331   5 2s2 2p 6d       -1.15609E-01  2.06214E+00 21.0  1.179E-01  5.8821  4.24E+01
    210  7  6  331   6 2s2 2p 6g       -1.11097E-01  2.06665E+00 21.0 -3.810E-04  6.0004  2.52E+01
    211  7  6  331   7 2s2 2p 7d       -8.44917E-02  2.09326E+00 21.0  1.195E-01  6.8805  5.83E+01
    212  7  6  331   8 2s2 2p 7g       -8.16214E-02  2.09613E+00 21.0 -4.825E-04  7.0005  3.97E+01
    213  7  6  331   9 2s2 2p 8d       -6.44251E-02  2.11333E+00 21.0  1.204E-01  7.8796  7.95E+01
    214  7  6  331  10 2s2 2p 8g       -6.24915E-02  2.11526E+00 21.0 -5.441E-04  8.0005  5.89E+01
    215  7  6  331  11 2s2 2p 9d       -5.07388E-02  2.12701E+00 21.0  1.211E-01  8.8789  1.06E+02
    216  7  6  331  12 2s2 2p 9g       -4.93763E-02  2.12837E+00 21.0 -5.846E-04  9.0006  8.30E+01
    217  7  6  331  13 2s2 2p10d       -4.09903E-02  2.13676E+00 21.0  1.215E-01  9.8785  1.40E+02
    218  7  6  340   1 2s2 2p 4f       -2.50393E-01  1.92736E+00 27.0  3.140E-03  3.9969  4.10E+00
    219  7  6  340   2 2s2 2p 5f       -1.60316E-01  2.01743E+00 27.0  4.930E-03  4.9951  7.56E+00
    220  7  6  340   3 2s2 2p 6f       -1.11344E-01  2.06641E+00 27.0  6.278E-03  5.9937  1.27E+01
    221  7  6  340   4 2s2 2p 6h       -1.11109E-01  2.06664E+00 27.0  0.000E+00  6.0001  3.70E+01
    222  7  6  340   5 2s2 2p 7f       -8.18005E-02  2.09595E+00 27.0  7.185E-03  6.9928  1.98E+01
    223  7  6  340   6 2s2 2p 7h       -8.16299E-02  2.09612E+00 27.0 -1.179E-04  7.0001  5.76E+01
    224  7  6  340   7 2s2 2p 8f       -6.26223E-02  2.11513E+00 27.0  7.816E-03  7.9922  2.91E+01
    225  7  6  340   8 2s2 2p 8h       -6.24976E-02  2.11525E+00 27.0 -1.535E-04  8.0002  8.45E+01
    226  7  6  340   9 2s2 2p 9f       -4.94735E-02  2.12828E+00 27.0  8.261E-03  8.9917  4.10E+01
    227  7  6  340  10 2s2 2p 9h       -4.93808E-02  2.12837E+00 27.0 -1.745E-04  9.0002  1.19E+02
    228  7  6  340  11 2s2 2p10f       -4.00688E-02  2.13768E+00 27.0  8.589E-03  9.9914  5.59E+01
    229  7  6  341   1 2s2 2p 5g       -1.60086E-01  2.01766E+00 27.0  1.343E-03  4.9987  1.44E+01
    230  7  6  341   2 2s2 2p 6g       -1.11193E-01  2.06656E+00 27.0  2.210E-03  5.9978  2.45E+01
    231  7  6  341   3 2s2 2p 7g       -8.16971E-02  2.09605E+00 27.0  2.761E-03  6.9972  3.83E+01
    232  7  6  341   4 2s2 2p 8g       -6.25488E-02  2.11520E+00 27.0  3.121E-03  7.9969  5.65E+01
    233  7  6  341   5 2s2 2p 9g       -4.94197E-02  2.12833E+00 27.0  3.368E-03  8.9966  7.96E+01
    234  7  6  341   6 2s2 2p10g       -4.00284E-02  2.13772E+00 27.0  3.548E-03  9.9965  1.08E+02
    235  7  6  350   1 2s2 2p 6h       -1.11114E-01  2.06664E+00 33.0  0.000E+00  5.9999  3.79E+01
    236  7  6  350   2 2s2 2p 7h       -8.16367E-02  2.09611E+00 33.0  1.734E-04  6.9998  5.98E+01
    237  7  6  350   3 2s2 2p 8h       -6.25037E-02  2.11525E+00 33.0  2.370E-04  7.9998  8.96E+01
    238  7  6  350   4 2s2 2p 9h       -4.93859E-02  2.12836E+00 33.0  2.903E-04  8.9997  1.27E+02
    239  7  6  350   5 2s2 2p10h       -4.00026E-02  2.13775E+00 33.0  3.249E-04  9.9997  1.73E+02
    240  7  6  351   1 2s2 2p 5g       -1.60006E-01  2.01774E+00 33.0  0.000E+00  4.9999  1.46E+01
    241  7  6  351   2 2s2 2p 6g       -1.11116E-01  2.06663E+00 33.0  1.320E-04  5.9999  2.51E+01
    242  7  6  351   3 2s2 2p 7i       -8.16323E-02  2.09612E+00 33.0  0.000E+00  7.0000  7.64E+01
    243  7  6  351   4 2s2 2p 7g       -8.16323E-02  2.09612E+00 33.0  0.000E+00  7.0000  7.66E+01
    244  7  6  351   5 2s2 2p 8i       -6.24995E-02  2.11525E+00 33.0  0.000E+00  8.0000  1.04E+02
    245  7  6  351   6 2s2 2p 8g       -6.24995E-02  2.11525E+00 33.0  0.000E+00  8.0000  1.05E+02
    246  7  6  351   7 2s2 2p 9i       -4.93822E-02  2.12837E+00 33.0  0.000E+00  9.0000  1.37E+02
    247  7  6  351   8 2s2 2p 9g       -4.93822E-02  2.12837E+00 33.0  0.000E+00  9.0000  1.40E+02
    248  7  6  351   9 2s2 2p10i       -3.99996E-02  2.13775E+00 33.0  0.000E+00 10.0000  1.79E+02
    249  7  6  360   1 2s2 2p 6h       -1.11112E-01  2.06664E+00 39.0  0.000E+00  6.0000  3.80E+01
    250  7  6  360   2 2s2 2p 7h       -8.16342E-02  2.09612E+00 39.0  0.000E+00  6.9999  6.00E+01
    251  7  6  360   3 2s2 2p 8h       -6.25013E-02  2.11525E+00 39.0  0.000E+00  7.9999  1.18E+02
    252  7  6  360   4 2s2 2p 9h       -4.93838E-02  2.12837E+00 39.0  0.000E+00  8.9999  1.88E+02
    253  7  6  360   5 2s2 2p10h       -4.00009E-02  2.13775E+00 39.0  1.126E-04  9.9999  2.68E+02
    254  7  6  361   1 2s2 2p 7i       -8.16327E-02  2.09612E+00 39.0  0.000E+00  7.0000  8.43E+01
    255  7  6  361   2 2s2 2p 8i       -6.25000E-02  2.11525E+00 39.0  0.000E+00  8.0000  1.25E+02
    256  7  6  361   3 2s2 2p 9i       -4.93828E-02  2.12837E+00 39.0  0.000E+00  9.0000  1.78E+02
    257  7  6  361   4 2s2 2p10i       -4.00001E-02  2.13775E+00 39.0  0.000E+00 10.0000  2.43E+02
    258  7  6  501   1 2s 2p3          -1.76772E+00  4.10030E-01  5.0  0.000E+00  1.3275  1.00E+30
    259  7  6  501   2 2s2p2(4PE) 3p   -9.66745E-02  2.08108E+00  5.0  4.154E-01  2.5846  6.56E+00
    260  7  6  501   3 2s2p2(4PE) 4p    1.95804E-01  2.37355E+00  5.0  3.863E-01  3.6137  1.96E+01
    261  7  6  501   4 2s2p2(4PE) 5p    3.14772E-01  2.49252E+00  5.0  3.791E-01  4.6209  3.48E+01
    262  7  6  501   5 2s2p2(4PE) 6p    3.75633E-01  2.55338E+00  5.0  3.761E-01  5.6239  5.52E+01
    263  7  6  501   6 2s2p2(4PE) 7p    4.10980E-01  2.58873E+00  5.0  3.746E-01  6.6254  8.27E+01
    264  7  6  501   7 2s2p2(4PE) 8p    4.33330E-01  2.61108E+00  5.0  3.736E-01  7.6264  1.18E+02
    265  7  6  501   8 2s2p2(4PE) 9p    4.48358E-01  2.62611E+00  5.0  3.731E-01  8.6269  1.64E+02
    266  7  6  501   9 2s2p2(4PE)10p    4.58948E-01  2.63670E+00  5.0  3.726E-01  9.6274  2.21E+02
    267  7  6  510   1 2s2p2(4PE) 3s   -3.14023E-01  1.86373E+00 15.0  7.861E-01  2.2139  8.91E-01
    268  7  6  510   2 2s2p2(4PE) 3d    3.76677E-02  2.21542E+00 15.0  6.528E-02  2.9347  2.16E-01
    269  7  6  510   3 2s2p2(4PE) 4s    1.19676E-01  2.29743E+00 15.0  7.659E-01  3.2341  2.39E+00
    270  7  6  510   4 2s2p2(4PE) 4d    2.43473E-01  2.42122E+00 15.0  6.731E-02  3.9327  4.43E-01
    271  7  6  510   5 2s2p2(4PE) 5s    2.79678E-01  2.45743E+00 15.0  7.593E-01  4.2407  4.54E+00
    272  7  6  510   6 2s2p2(4PE) 5d    3.37583E-01  2.51533E+00 15.0  6.918E-02  4.9308  8.18E-01
    273  7  6  510   7 2s2p2(4PE) 6s    3.56623E-01  2.53437E+00 15.0  7.564E-01  5.2436  7.89E+00
    274  7  6  510   8 2s2p2(4PE) 6d    3.88344E-01  2.56609E+00 15.0  7.027E-02  5.9297  1.38E+00
    275  7  6  510   9 2s2p2(4PE) 7s    3.99543E-01  2.57729E+00 15.0  7.549E-01  6.2451  1.27E+01
    276  7  6  510  10 2s2p2(4PE) 7d    4.18791E-01  2.59654E+00 15.0  7.095E-02  6.9290  2.15E+00
    277  7  6  510  11 2s2p2(4PE) 8s    4.25920E-01  2.60367E+00 15.0  7.540E-01  7.2460  1.92E+01
    278  7  6  510  12 2s2p2(4PE) 8d    4.38473E-01  2.61622E+00 15.0  7.142E-02  7.9286  3.19E+00
    279  7  6  510  13 2s2p2(4PE) 9s    4.43285E-01  2.62104E+00 15.0  7.535E-01  8.2465  2.77E+01
    280  7  6  510  14 2s2p2(4PE) 9d    4.51924E-01  2.62967E+00 15.0  7.178E-02  8.9282  4.53E+00
    281  7  6  510  15 2s2p2(4PE)10s    4.55324E-01  2.63307E+00 15.0  7.530E-01  9.2470  3.85E+01
    282  7  6  510  16 2s2p2(4PE)10d    4.61522E-01  2.63927E+00 15.0  7.196E-02  9.9280  6.20E+00
    283  7  6  511   1 2s2p2(4PE) 3p   -1.32260E-01  2.04549E+00 15.0  4.889E-01  2.5111  1.29E+01
    284  7  6  511   2 2s2p2(4PE) 4p    1.80388E-01  2.35814E+00 15.0  4.739E-01  3.5261  1.68E+01
    285  7  6  511   3 2s2p2(4PE) 5p    3.07462E-01  2.48521E+00 15.0  4.667E-01  4.5333  2.41E+01
    286  7  6  511   4 2s2p2(4PE) 6p    3.71627E-01  2.54938E+00 15.0  4.631E-01  5.5369  3.59E+01
    287  7  6  511   5 2s2p2(4PE) 7p    4.08552E-01  2.58630E+00 15.0  4.611E-01  6.5389  5.26E+01
    288  7  6  511   6 2s2p2(4PE) 8p    4.31748E-01  2.60950E+00 15.0  4.599E-01  7.5401  7.49E+01
    289  7  6  511   7 2s2p2(4PE) 9p    4.47270E-01  2.62502E+00 15.0  4.591E-01  8.5409  1.03E+02
    290  7  6  511   8 2s2p2(4PE)10p    4.58168E-01  2.63592E+00 15.0  4.584E-01  9.5416  1.39E+02
    291  7  6  520   1 2s2p2(4PE) 3d    4.18817E-02  2.21963E+00 25.0  5.187E-02  2.9481  8.33E+00
    292  7  6  520   2 2s2p2(4PE) 4d    2.41804E-01  2.41955E+00 25.0  7.994E-02  3.9201  2.94E+01
    293  7  6  520   3 2s2p2(4PE) 5d    3.36257E-01  2.51401E+00 25.0  8.893E-02  4.9111  3.86E+01
    294  7  6  520   4 2s2p2(4PE) 6d    3.87467E-01  2.56522E+00 25.0  9.299E-02  5.9070  5.12E+01
    295  7  6  520   5 2s2p2(4PE) 7d    4.18204E-01  2.59595E+00 25.0  9.523E-02  6.9048  6.94E+01
    296  7  6  520   6 2s2p2(4PE) 8d    4.38067E-01  2.61582E+00 25.0  9.659E-02  7.9034  9.36E+01
    297  7  6  520   7 2s2p2(4PE) 9d    4.51634E-01  2.62938E+00 25.0  9.747E-02  8.9025  1.24E+02
    298  7  6  520   8 2s2p2(4PE)10d    4.61307E-01  2.63906E+00 25.0  9.816E-02  9.9018  1.62E+02
    299  7  6  521   1 2s2p2(4PE) 3p   -1.50672E-01  2.02708E+00 25.0  5.246E-01  2.4754  1.69E+01
    300  7  6  521   2 2s2p2(4PE) 4p    1.75478E-01  2.35323E+00 25.0  5.005E-01  3.4995  1.59E+01
    301  7  6  521   3 2s2p2(4PE) 4f    2.50767E-01  2.42852E+00 25.0  1.065E-02  3.9893  4.16E+00
    302  7  6  521   4 2s2p2(4PE) 5p    3.05257E-01  2.48301E+00 25.0  4.922E-01  4.5078  2.19E+01
    303  7  6  521   5 2s2p2(4PE) 5f    3.41219E-01  2.51897E+00 25.0  1.377E-02  4.9862  7.85E+00
    304  7  6  521   6 2s2p2(4PE) 6p    3.70435E-01  2.54819E+00 25.0  4.883E-01  5.5117  3.24E+01
    305  7  6  521   7 2s2p2(4PE) 6f    3.90423E-01  2.56817E+00 25.0  1.533E-02  5.9847  1.33E+01
    306  7  6  521   8 2s2p2(4PE) 7p    4.07833E-01  2.58558E+00 25.0  4.861E-01  6.5139  4.73E+01
    307  7  6  521   9 2s2p2(4PE) 7f    4.20091E-01  2.59784E+00 25.0  1.625E-02  6.9838  2.08E+01
    308  7  6  521  10 2s2p2(4PE) 8p    4.31281E-01  2.60903E+00 25.0  4.848E-01  7.5152  6.74E+01
    309  7  6  521  11 2s2p2(4PE) 8f    4.39340E-01  2.61709E+00 25.0  1.684E-02  7.9832  3.07E+01
    310  7  6  521  12 2s2p2(4PE) 9p    4.46950E-01  2.62470E+00 25.0  4.839E-01  8.5161  9.30E+01
    311  7  6  521  13 2s2p2(4PE) 9f    4.52532E-01  2.63028E+00 25.0  1.720E-02  8.9828  4.33E+01
    312  7  6  521  14 2s2p2(4PE)10p    4.57938E-01  2.63569E+00 25.0  4.833E-01  9.5167  1.25E+02
    313  7  6  521  15 2s2p2(4PE)10f    4.61964E-01  2.63971E+00 25.0  1.745E-02  9.9825  5.90E+01
    314  7  6  530   1 2s2p2(4PE) 3d    2.45941E-02  2.20234E+00 35.0  1.057E-01  2.8943  9.46E+00
    315  7  6  530   2 2s2p2(4PE) 4d    2.35939E-01  2.41369E+00 35.0  1.234E-01  3.8766  2.34E+01
    316  7  6  530   3 2s2p2(4PE) 5d    3.33476E-01  2.51123E+00 35.0  1.296E-01  4.8704  2.86E+01
    317  7  6  530   4 2s2p2(4PE) 5g    3.42044E-01  2.51979E+00 35.0  9.371E-04  4.9991  1.45E+01
    318  7  6  530   5 2s2p2(4PE) 6d    3.85917E-01  2.56367E+00 35.0  1.325E-01  5.8675  3.84E+01
    319  7  6  530   6 2s2p2(4PE) 6g    3.90935E-01  2.56869E+00 35.0  1.562E-03  5.9984  2.47E+01
    320  7  6  530   7 2s2p2(4PE) 7d    4.17250E-01  2.59500E+00 35.0  1.342E-01  6.8658  5.27E+01
    321  7  6  530   8 2s2p2(4PE) 7g    4.20426E-01  2.59818E+00 35.0  1.942E-03  6.9981  3.86E+01
    322  7  6  530   9 2s2p2(4PE) 8d    4.37437E-01  2.61519E+00 35.0  1.352E-01  7.8648  7.19E+01
    323  7  6  530  10 2s2p2(4PE) 8g    4.39570E-01  2.61732E+00 35.0  2.173E-03  7.9978  5.71E+01
    324  7  6  530  11 2s2p2(4PE) 9d    4.51196E-01  2.62895E+00 35.0  1.358E-01  8.8642  9.62E+01
    325  7  6  530  12 2s2p2(4PE) 9g    4.52695E-01  2.63045E+00 35.0  2.392E-03  8.9976  8.05E+01
    326  7  6  530  13 2s2p2(4PE)10d    4.60990E-01  2.63874E+00 35.0  1.364E-01  9.8636  1.26E+02
    327  7  6  530  14 2s2p2(4PE)10g    4.62084E-01  2.63983E+00 35.0  2.498E-03  9.9975  1.10E+02
    328  7  6  531   1 2s2p2(4PE) 4f    2.53021E-01  2.43077E+00 35.0 -7.356E-03  4.0074  4.30E+00
    329  7  6  531   2 2s2p2(4PE) 5f    3.42663E-01  2.52041E+00 35.0 -8.757E-03  5.0088  7.85E+00
    330  7  6  531   3 2s2p2(4PE) 6f    3.91324E-01  2.56907E+00 35.0 -8.961E-03  6.0090  1.30E+01
    331  7  6  531   4 2s2p2(4PE) 7f    4.20678E-01  2.59843E+00 35.0 -8.877E-03  7.0089  1.99E+01
    332  7  6  531   5 2s2p2(4PE) 8f    4.39741E-01  2.61749E+00 35.0 -8.783E-03  8.0088  2.91E+01
    333  7  6  531   6 2s2p2(4PE) 9f    4.52817E-01  2.63057E+00 35.0 -8.736E-03  9.0087  4.08E+01
    334  7  6  540   1 2s2p2(4PE) 5g    3.42158E-01  2.51991E+00 45.0 -8.440E-04  5.0008  1.48E+01
    335  7  6  540   2 2s2p2(4PE) 6g    3.91047E-01  2.56880E+00 45.0 -1.462E-03  6.0015  2.56E+01
    336  7  6  540   3 2s2p2(4PE) 7g    4.20514E-01  2.59826E+00 45.0 -1.830E-03  7.0018  4.05E+01
    337  7  6  540   4 2s2p2(4PE) 8g    4.39637E-01  2.61739E+00 45.0 -2.114E-03  8.0021  6.03E+01
    338  7  6  540   5 2s2p2(4PE) 9g    4.52746E-01  2.63050E+00 45.0 -2.255E-03  9.0023  8.53E+01
    339  7  6  541   1 2s2p2(4PE) 4f    2.51334E-01  2.42908E+00 45.0  6.146E-03  3.9939  3.99E+00
    340  7  6  541   2 2s2p2(4PE) 5f    3.41587E-01  2.51934E+00 45.0  8.058E-03  4.9919  7.27E+00
    341  7  6  541   3 2s2p2(4PE) 6f    3.90650E-01  2.56840E+00 45.0  9.236E-03  5.9908  1.21E+01
    342  7  6  541   4 2s2p2(4PE) 6h    3.90993E-01  2.56874E+00 45.0  0.000E+00  6.0000  3.72E+01
    343  7  6  541   5 2s2p2(4PE) 7f    4.20238E-01  2.59799E+00 45.0  9.983E-03  6.9900  1.87E+01
    344  7  6  541   6 2s2p2(4PE) 7h    4.20472E-01  2.59822E+00 45.0  0.000E+00  7.0000  5.78E+01
    345  7  6  541   7 2s2p2(4PE) 8f    4.39440E-01  2.61719E+00 45.0  1.047E-02  7.9895  2.77E+01
    346  7  6  541   8 2s2p2(4PE) 8h    4.39604E-01  2.61735E+00 45.0  0.000E+00  8.0000  8.47E+01
    347  7  6  541   9 2s2p2(4PE) 9f    4.52602E-01  2.63035E+00 45.0  1.085E-02  8.9892  3.90E+01
    348  7  6  541  10 2s2p2(4PE) 9h    4.52722E-01  2.63047E+00 45.0  0.000E+00  9.0001  1.19E+02
    349  7  6  541  11 2s2p2(4PE)10f    4.62015E-01  2.63977E+00 45.0  1.110E-02  9.9889  5.31E+01
    350  7  6  550   1 2s2p2(4PE) 5g    3.42067E-01  2.51982E+00 55.0  5.777E-04  4.9994  1.46E+01
    351  7  6  550   2 2s2p2(4PE) 6g    3.90958E-01  2.56871E+00 55.0  9.411E-04  5.9991  2.49E+01
    352  7  6  550   3 2s2p2(4PE) 7i    4.20471E-01  2.59822E+00 55.0  0.000E+00  7.0000  8.69E+01
    353  7  6  550   4 2s2p2(4PE) 7g    4.20471E-01  2.59822E+00 55.0  0.000E+00  7.0000  8.69E+01
    354  7  6  550   5 2s2p2(4PE) 8i    4.39604E-01  2.61735E+00 55.0  0.000E+00  8.0000  1.29E+02
    355  7  6  550   6 2s2p2(4PE) 8g    4.39604E-01  2.61735E+00 55.0  0.000E+00  8.0000  1.29E+02
    356  7  6  550   7 2s2p2(4PE) 9i    4.52721E-01  2.63047E+00 55.0  0.000E+00  9.0000  1.82E+02
    357  7  6  550   8 2s2p2(4PE) 9g    4.52721E-01  2.63047E+00 55.0  0.000E+00  9.0000  1.82E+02
    358  7  6  550   9 2s2p2(4PE)10i    4.62104E-01  2.63985E+00 55.0  0.000E+00 10.0000  2.48E+02
 =================================================================================================