=================================================================================================
      i NZ NE iSLP iLV iCONF                 E(RYD)      TE(RYD)   gi         QD     EQN    RL(NS)
 =================================================================================================
      1  8  7  200   1 2s 2p4          -7.84349E-01  1.82002E+00  2.0  0.000E+00  2.0337  1.89E-01
      2  8  7  200   2 2p2(1SE) 3s     -4.39964E-01  2.16441E+00  2.0  8.068E-01  2.1932  7.57E-01
      3  8  7  200   3 2p2(1DE) 3d     -2.47039E-01  2.35733E+00  2.0 -5.054E-02  3.0505  5.04E-01
      4  8  7  200   4 2p2(1DE) 4d     -6.62558E-02  2.53811E+00  2.0 -7.575E-03  4.0076  6.95E-01
      5  8  7  200   5 2p2(1SE) 4s     -3.18671E-03  2.60118E+00  2.0  8.169E-01  3.1831  1.26E+00
      6  8  7  200   6 2p2(1DE) 5d      2.55923E-02  2.62996E+00  2.0 -4.421E-02  5.0442  2.57E+00
      7  8  7  200   7 2p2(1DE) 6d      7.23873E-02  2.67676E+00  2.0 -1.895E-02  6.0189  2.75E+00
      8  8  7  200   8 2p2(1DE) 7d      1.01430E-01  2.70580E+00  2.0 -1.129E-02  7.0113  3.87E+00
      9  8  7  200   9 2p2(1DE) 8d      1.20389E-01  2.72476E+00  2.0 -5.702E-03  8.0057  5.32E+00
     10  8  7  200  10 2p2(1DE) 9d      1.33418E-01  2.73779E+00  2.0  0.000E+00  9.0001  7.02E+00
     11  8  7  200  11 2p2(1DE)10d      1.42747E-01  2.74712E+00  2.0  6.618E-03  9.9934  8.82E+00
     12  8  7  201   1 2p2(3PE) 3p     -7.21037E-01  1.88333E+00  2.0  6.447E-01  2.3553  3.88E+01
     13  8  7  201   2 2p2(3PE) 4p     -3.48873E-01  2.25550E+00  2.0  6.139E-01  3.3861  1.00E+01
     14  8  7  201   3 2p2(3PE) 5p     -2.07072E-01  2.39730E+00  2.0  6.049E-01  4.3951  1.42E+01
     15  8  7  201   4 2p2(3PE) 6p     -1.37162E-01  2.46721E+00  2.0  5.998E-01  5.4002  2.17E+01
     16  8  7  201   5 2p2(3PE) 7p     -9.75601E-02  2.50681E+00  2.0  5.968E-01  6.4032  3.28E+01
     17  8  7  201   6 2p2(3PE) 8p     -7.29488E-02  2.53142E+00  2.0  5.951E-01  7.4049  4.74E+01
     18  8  7  201   7 2p2(3PE) 9p     -5.66072E-02  2.54776E+00  2.0  5.939E-01  8.4061  6.64E+01
     19  8  7  201   8 2p2(3PE)10p     -4.52030E-02  2.55917E+00  2.0  5.931E-01  9.4069  9.02E+01
     20  8  7  210   1 2p2(3PE) 3s     -8.53531E-01  1.75084E+00  6.0  8.352E-01  2.1648  2.47E-01
     21  8  7  210   2 2s 2p4          -6.32123E-01  1.97225E+00  6.0  0.000E+00  2.5155  1.33E-01
     22  8  7  210   3 2p2(3PE) 3d     -4.50742E-01  2.15363E+00  6.0  2.103E-02  2.9790  2.14E-01
     23  8  7  210   4 2p2(3PE) 4s     -3.89280E-01  2.21509E+00  6.0  7.945E-01  3.2055  8.54E-01
     24  8  7  210   5 2p2(1DE) 3d     -2.64650E-01  2.33972E+00  6.0  1.009E-02  2.9899  4.97E-01
     25  8  7  210   6 2p2(3PE) 4d     -2.55124E-01  2.34925E+00  6.0  4.037E-02  3.9596  5.46E-01
     26  8  7  210   7 2p2(3PE) 5s     -2.26160E-01  2.37821E+00  6.0  7.945E-01  4.2055  1.75E+00
     27  8  7  210   8 2p2(3PE) 5d     -1.63854E-01  2.44052E+00  6.0  5.915E-02  4.9408  1.23E+00
     28  8  7  210   9 2p2(3PE) 6s     -1.47547E-01  2.45682E+00  6.0  7.933E-01  5.2067  3.25E+00
     29  8  7  210  10 2p2(3PE) 6d     -1.13547E-01  2.49082E+00  6.0  6.471E-02  5.9353  2.17E+00
     30  8  7  210  11 2p2(3PE) 7s     -1.03809E-01  2.50056E+00  6.0  7.926E-01  6.2074  5.47E+00
     31  8  7  210  12 2p2(3PE) 7d     -8.33055E-02  2.52106E+00  6.0  7.064E-02  6.9294  3.58E+00
     32  8  7  210  13 2p2(3PE) 8s     -7.69930E-02  2.52738E+00  6.0  7.922E-01  7.2078  9.08E+00
     33  8  7  210  14 2p2(1DE) 4d     -6.93707E-02  2.53500E+00  6.0  1.725E-02  3.9827  9.51E-01
     34  8  7  210  15 2p2(3PE) 8d     -6.33795E-02  2.54099E+00  6.0  5.570E-02  7.9443  3.95E+00
     35  8  7  210  16 2p2(3PE) 9s     -5.93676E-02  2.54500E+00  6.0  7.917E-01  8.2083  1.12E+01
     36  8  7  210  17 2p2(3PE) 9d     -5.01030E-02  2.55427E+00  6.0  6.493E-02  8.9351  6.91E+00
     37  8  7  210  18 2p2(3PE)10s     -4.71717E-02  2.55720E+00  6.0  7.915E-01  9.2085  1.64E+01
     38  8  7  210  19 2p2(3PE)10d     -4.05409E-02  2.56383E+00  6.0  6.693E-02  9.9331  9.70E+00
     39  8  7  211   1 2s2 2p3         -2.21657E+00  3.87800E-01  6.0  0.000E+00  1.3434  1.00E+30
     40  8  7  211   2 2p2(3PE) 3p     -6.24172E-01  1.98020E+00  6.0  4.685E-01  2.5315  7.36E+00
     41  8  7  211   3 2p2(1DE) 3p     -4.54269E-01  2.15010E+00  6.0  4.943E-01  2.5057  4.95E+00
     42  8  7  211   4 2p2(3PE) 4p     -3.15060E-01  2.28931E+00  6.0  4.369E-01  3.5631  1.22E+01
     43  8  7  211   5 2p2(1SE) 3p     -2.61778E-01  2.34259E+00  6.0  5.257E-01  2.4743  7.56E+00
     44  8  7  211   6 2p2(3PE) 5p     -1.91323E-01  2.41305E+00  6.0  4.276E-01  4.5724  2.02E+01
     45  8  7  211   7 2p2(1DE) 4p     -1.43044E-01  2.46133E+00  6.0  4.963E-01  3.5037  1.19E+01
     46  8  7  211   8 2p2(3PE) 6p     -1.25257E-01  2.47911E+00  6.0  3.490E-01  5.6510  2.33E+01
     47  8  7  211   9 2p2(3PE) 7p     -9.18607E-02  2.51251E+00  6.0  4.012E-01  6.5988  4.88E+01
     48  8  7  211  10 2p2(3PE) 8p     -6.94923E-02  2.53488E+00  6.0  4.131E-01  7.5869  7.21E+01
     49  8  7  211  11 2p2(1DE) 4f     -6.53645E-02  2.53901E+00  6.0 -1.477E-02  4.0148  4.65E+00
     50  8  7  211  12 2p2(3PE) 9p     -5.43453E-02  2.55002E+00  6.0  4.208E-01  8.5792  1.02E+02
     51  8  7  211  13 2p2(3PE)10p     -4.36566E-02  2.56071E+00  6.0  4.279E-01  9.5721  1.37E+02
     52  8  7  220   1 2s 2p4          -1.07511E+00  1.52926E+00 10.0  0.000E+00  1.9289  4.47E-01
     53  8  7  220   2 2p2(1DE) 3s     -6.75127E-01  1.92924E+00 10.0  8.407E-01  2.1593  5.98E-01
     54  8  7  220   3 2p2(3PE) 3d     -4.42035E-01  2.16234E+00 10.0 -8.165E-03  3.0082  3.79E-01
     55  8  7  220   4 2p2(1DE) 3d     -2.72290E-01  2.33208E+00 10.0  3.530E-02  2.9647  2.60E-01
     56  8  7  220   5 2p2(3PE) 4d     -2.49749E-01  2.35462E+00 10.0 -2.009E-03  4.0020  7.99E-01
     57  8  7  220   6 2p2(1DE) 4s     -2.15832E-01  2.38854E+00 10.0  8.323E-01  3.1677  1.30E+00
     58  8  7  220   7 2p2(3PE) 5d     -1.59980E-01  2.44439E+00 10.0 -3.125E-04  5.0003  1.42E+00
     59  8  7  220   8 2p2(3PE) 6d     -1.11179E-01  2.49319E+00 10.0  1.832E-03  5.9982  2.54E+00
     60  8  7  220   9 2p2(3PE) 7d     -8.18377E-02  2.52253E+00 10.0  8.775E-03  6.9912  4.33E+00
     61  8  7  220  10 2p2(1DE) 4d     -7.47217E-02  2.52965E+00 10.0  5.885E-02  3.9412  3.96E-01
     62  8  7  220  11 2p2(3PE) 8d     -6.33082E-02  2.54106E+00 10.0  5.123E-02  7.9488  9.41E+00
     63  8  7  220  12 2p2(1SE) 3d     -6.10559E-02  2.54331E+00 10.0  2.734E-02  2.9727  9.03E-01
     64  8  7  220  13 2p2(3PE) 9d     -4.93047E-02  2.55507E+00 10.0 -7.118E-03  9.0071  5.07E+00
     65  8  7  220  14 2p2(1DE) 5s     -4.66160E-02  2.55775E+00 10.0  8.244E-01  4.1756  3.79E+00
     66  8  7  221   1 2s2 2p3         -2.34948E+00  2.54890E-01 10.0  0.000E+00  1.3048  1.00E+30
     67  8  7  221   2 2p2(3PE) 3p     -6.48946E-01  1.95542E+00 10.0  5.173E-01  2.4827  1.08E+01
     68  8  7  221   3 2p2(1DE) 3p     -4.78154E-01  2.12622E+00 10.0  5.399E-01  2.4601  7.47E+00
     69  8  7  221   4 2p2(3PE) 4p     -3.20037E-01  2.28433E+00 10.0  4.647E-01  3.5353  1.37E+01
     70  8  7  221   5 2p2(3PE) 4f     -2.51582E-01  2.35279E+00 10.0  1.260E-02  3.9874  4.16E+00
     71  8  7  221   6 2p2(3PE) 5p     -1.96660E-01  2.40771E+00 10.0  4.900E-01  4.5100  2.10E+01
     72  8  7  221   7 2p2(3PE) 5f     -1.60889E-01  2.44348E+00 10.0  1.383E-02  4.9862  7.88E+00
     73  8  7  221   8 2p2(1DE) 4p     -1.50402E-01  2.45397E+00 10.0  5.352E-01  3.4648  1.31E+01
     74  8  7  221   9 2p2(3PE) 6p     -1.28203E-01  2.47617E+00 10.0  4.143E-01  5.5857  3.55E+01
     75  8  7  221  10 2p2(3PE) 6f     -1.11633E-01  2.49274E+00 10.0  1.404E-02  5.9860  1.33E+01
     76  8  7  221  11 2p2(3PE) 7p     -9.32856E-02  2.51108E+00 10.0  4.518E-01  6.5482  5.62E+01
     77  8  7  221  12 2p2(3PE) 7f     -8.19638E-02  2.52241E+00 10.0  1.415E-02  6.9858  2.08E+01
     78  8  7  221  13 2p2(3PE) 8p     -7.03875E-02  2.53398E+00 10.0  4.615E-01  7.5385  7.77E+01
     79  8  7  221  14 2p2(1DE) 4f     -6.71414E-02  2.53723E+00 10.0 -4.689E-04  4.0005  4.40E+00
     80  8  7  221  15 2p2(3PE) 8f     -6.27229E-02  2.54165E+00 10.0  1.423E-02  7.9858  3.07E+01
     81  8  7  221  16 2p2(3PE) 9p     -5.49529E-02  2.54942E+00 10.0  4.683E-01  8.5317  1.05E+02
     82  8  7  221  17 2p2(3PE) 9f     -4.95400E-02  2.55483E+00 10.0  1.430E-02  8.9857  4.33E+01
     83  8  7  221  18 2p2(3PE)10p     -4.40930E-02  2.56028E+00 10.0  4.754E-01  9.5246  1.35E+02
     84  8  7  221  19 2p2(3PE)10f     -4.01151E-02  2.56425E+00 10.0  1.436E-02  9.9856  5.89E+01
     85  8  7  230   1 2p2(3PE) 3d     -4.56706E-01  2.14766E+00 14.0  4.055E-02  2.9595  3.75E-01
     86  8  7  230   2 2p2(1DE) 3d     -2.88479E-01  2.31589E+00 14.0  8.666E-02  2.9133  6.17E-01
     87  8  7  230   3 2p2(3PE) 4d     -2.53999E-01  2.35037E+00 14.0  3.161E-02  3.9684  4.74E-01
     88  8  7  230   4 2p2(3PE) 5d     -1.62963E-01  2.44141E+00 14.0  4.566E-02  4.9543  1.27E+00
     89  8  7  230   5 2p2(3PE) 5g     -1.60169E-01  2.44420E+00 14.0  2.639E-03  4.9974  1.41E+01
     90  8  7  230   6 2p2(3PE) 6d     -1.13096E-01  2.49127E+00 14.0  5.288E-02  5.9471  2.71E+00
     91  8  7  230   7 2p2(3PE) 6g     -1.11238E-01  2.49313E+00 14.0  3.423E-03  5.9966  2.45E+01
     92  8  7  230   8 2p2(3PE) 7d     -8.38009E-02  2.52057E+00 14.0  9.115E-02  6.9088  5.12E+01
     93  8  7  230   9 2p2(3PE) 7g     -8.17226E-02  2.52265E+00 14.0  3.853E-03  6.9961  3.87E+01
     94  8  7  230  10 2p2(1DE) 4d     -7.75122E-02  2.52686E+00 14.0  8.003E-02  3.9200  7.77E-01
     95  8  7  230  11 2p2(3PE) 8d     -6.30333E-02  2.54134E+00 14.0  3.391E-02  7.9661  3.06E+00
     96  8  7  230  12 2p2(3PE) 8g     -6.25640E-02  2.54181E+00 14.0  4.093E-03  7.9959  5.53E+01
     97  8  7  230  13 2p2(3PE) 9d     -4.98483E-02  2.55452E+00 14.0  4.213E-02  8.9579  5.49E+00
     98  8  7  230  14 2p2(3PE) 9g     -4.94295E-02  2.55494E+00 14.0  4.260E-03  8.9957  8.00E+01
     99  8  7  230  15 2p2(3PE)10d     -4.03631E-02  2.56401E+00 14.0  4.508E-02  9.9549  8.19E+00
    100  8  7  230  16 2p2(3PE)10g     -4.00350E-02  2.56434E+00 14.0  4.372E-03  9.9956  1.09E+02
    101  8  7  231   1 2p2(1DE) 3p     -4.89182E-01  2.11519E+00 14.0  5.602E-01  2.4398  1.05E+01
    102  8  7  231   2 2p2(3PE) 4f     -2.49139E-01  2.35523E+00 14.0 -6.906E-03  4.0069  4.61E+00
    103  8  7  231   3 2p2(3PE) 5f     -1.59575E-01  2.44480E+00 14.0 -6.654E-03  5.0067  8.88E+00
    104  8  7  231   4 2p2(1DE) 4p     -1.50967E-01  2.45340E+00 14.0  5.381E-01  3.4619  1.45E+01
    105  8  7  231   5 2p2(3PE) 6f     -1.10884E-01  2.49349E+00 14.0 -6.141E-03  6.0061  1.51E+01
    106  8  7  231   6 2p2(3PE) 7f     -8.14980E-02  2.52287E+00 14.0 -5.781E-03  7.0058  2.37E+01
    107  8  7  231   7 2p2(1DE) 4f     -6.87745E-02  2.53560E+00 14.0  1.254E-02  3.9875  4.14E+00
    108  8  7  231   8 2p2(3PE) 8f     -6.24134E-02  2.54196E+00 14.0 -5.548E-03  8.0055  3.50E+01
    109  8  7  231   9 2p2(3PE) 9f     -4.93235E-02  2.55505E+00 14.0 -5.401E-03  9.0054  4.96E+01
    110  8  7  240   1 2p2(1DE) 3d     -2.74807E-01  2.32956E+00 18.0  4.346E-02  2.9565  5.28E+00
    111  8  7  240   2 2p2(3PE) 5g     -1.59844E-01  2.44453E+00 18.0 -2.439E-03  5.0024  1.49E+01
    112  8  7  240   3 2p2(3PE) 6g     -1.11005E-01  2.49337E+00 18.0 -2.867E-03  6.0029  2.55E+01
    113  8  7  240   4 2p2(3PE) 7g     -8.15609E-02  2.52281E+00 18.0 -3.078E-03  7.0031  4.03E+01
    114  8  7  240   5 2p2(1DE) 4d     -7.46673E-02  2.52970E+00 18.0  5.843E-02  3.9416  2.81E+01
    115  8  7  240   6 2p2(3PE) 8g     -6.24499E-02  2.54192E+00 18.0 -3.208E-03  8.0032  5.97E+01
    116  8  7  240   7 2p2(3PE) 9g     -4.93467E-02  2.55502E+00 18.0 -3.284E-03  9.0033  8.47E+01
    117  8  7  241   1 2p2(3PE) 4f     -2.50909E-01  2.35346E+00 18.0  7.252E-03  3.9927  4.30E+00
    118  8  7  241   2 2p2(3PE) 5f     -1.60517E-01  2.44385E+00 18.0  8.059E-03  4.9919  8.24E+00
    119  8  7  241   3 2p2(3PE) 6f     -1.11419E-01  2.49295E+00 18.0  8.296E-03  5.9917  1.41E+01
    120  8  7  241   4 2p2(3PE) 6h     -1.11137E-01  2.49323E+00 18.0  6.990E-04  5.9993  3.73E+01
    121  8  7  241   5 2p2(3PE) 7f     -8.18301E-02  2.52254E+00 18.0  8.450E-03  6.9915  2.22E+01
    122  8  7  241   6 2p2(3PE) 7h     -8.16497E-02  2.52272E+00 18.0  7.307E-04  6.9993  5.86E+01
    123  8  7  241   7 2p2(1DE) 4f     -6.91204E-02  2.53525E+00 18.0  1.528E-02  3.9847  4.09E+00
    124  8  7  241   8 2p2(3PE) 8f     -6.26335E-02  2.54174E+00 18.0  8.530E-03  7.9915  3.30E+01
    125  8  7  241   9 2p2(3PE) 8h     -6.25119E-02  2.54186E+00 18.0  7.614E-04  7.9992  8.60E+01
    126  8  7  241  10 2p2(3PE) 9f     -4.94774E-02  2.55489E+00 18.0  8.616E-03  8.9914  4.66E+01
    127  8  7  241  11 2p2(3PE) 9h     -4.93914E-02  2.55498E+00 18.0  7.912E-04  8.9992  1.21E+02
    128  8  7  241  12 2p2(3PE)10f     -4.00695E-02  2.56430E+00 18.0  8.676E-03  9.9913  6.36E+01
    129  8  7  400   1 2p3(3PO) 3p      6.20305E-01  3.22468E+00  4.0  5.662E-01  2.4338  4.62E-01
    130  8  7  400   2 2p3(3PO) 4p      9.60542E-01  3.56491E+00  4.0  5.448E-01  3.4552  5.20E-01
    131  8  7  400   3 2p3(3PO) 5p      1.09474E+00  3.69911E+00  4.0  5.373E-01  4.4627  5.34E-01
    132  8  7  400   4 2p3(3PO) 6p      1.16172E+00  3.76609E+00  4.0  5.338E-01  5.4662  5.40E-01
    133  8  7  400   5 2p3(3PO) 7p      1.19998E+00  3.80435E+00  4.0  5.319E-01  6.4681  5.42E-01
    134  8  7  400   6 2p3(3PO) 8p      1.22389E+00  3.82826E+00  4.0  5.309E-01  7.4691  5.43E-01
    135  8  7  400   7 2p3(3PO) 9p      1.23984E+00  3.84421E+00  4.0  5.295E-01  8.4705  5.44E-01
    136  8  7  400   8 2p3(3PO)10p      1.25099E+00  3.85536E+00  4.0  5.297E-01  9.4703  5.44E-01
    137  8  7  401   1 2s2 2p3         -2.60437E+00  0.00000E+00  4.0  0.000E+00  1.2393  1.00E+30
    138  8  7  401   2 2p2(3PE) 3p     -6.44298E-01  1.96007E+00  4.0  5.084E-01  2.4916  4.40E+00
    139  8  7  401   3 2p2(3PE) 4p     -3.36449E-01  2.26792E+00  4.0  5.520E-01  3.4480  2.03E+00
    140  8  7  401   4 2p3(5SO) 3s     -2.55862E-01  2.34851E+00  4.0  7.690E-01  2.2310  6.43E-01
    141  8  7  401   5 2p2(3PE) 5p     -1.88013E-01  2.41636E+00  4.0  3.875E-01  4.6125  5.90E+00
    142  8  7  401   6 2p2(3PE) 6p     -1.28610E-01  2.47576E+00  4.0  4.231E-01  5.5769  2.83E+01
    143  8  7  401   7 2p2(3PE) 7p     -9.27384E-02  2.51163E+00  4.0  4.325E-01  6.5675  6.19E+01
    144  8  7  401   8 2p2(3PE) 8p     -6.99261E-02  2.53444E+00  4.0  4.367E-01  7.5633  1.05E+02
    145  8  7  401   9 2p2(3PE) 9p     -5.45786E-02  2.54979E+00  4.0  4.391E-01  8.5609  1.60E+02
    146  8  7  401  10 2p2(3PE)10p     -4.37728E-02  2.56060E+00  4.0  4.407E-01  9.5593  2.26E+02
    147  8  7  410   1 2s 2p4          -1.51503E+00  1.08934E+00 12.0  0.000E+00  1.6249  1.19E+00
    148  8  7  410   2 2p2(3PE) 3s     -8.86722E-01  1.71765E+00 12.0  8.761E-01  2.1239  9.56E-01
    149  8  7  410   3 2p2(3PE) 3d     -4.59998E-01  2.14437E+00 12.0  5.115E-02  2.9488  2.09E-01
    150  8  7  410   4 2p2(3PE) 4s     -4.05330E-01  2.19904E+00 12.0  8.586E-01  3.1414  2.24E+00
    151  8  7  410   5 2p2(3PE) 4d     -2.56938E-01  2.34743E+00 12.0  5.437E-02  3.9456  4.02E-01
    152  8  7  410   6 2p2(3PE) 5s     -2.32595E-01  2.37178E+00 12.0  8.530E-01  4.1470  4.65E+00
    153  8  7  410   7 2p2(3PE) 5d     -1.63885E-01  2.44049E+00 12.0  5.962E-02  4.9404  7.00E-01
    154  8  7  410   8 2p2(3PE) 6s     -1.50917E-01  2.45345E+00 12.0  8.517E-01  5.1483  8.49E+00
    155  8  7  410   9 2p2(3PE) 6d     -1.13646E-01  2.49072E+00 12.0  6.729E-02  5.9327  1.04E+00
    156  8  7  410  10 2p2(3PE) 7s     -1.05905E-01  2.49847E+00 12.0  8.543E-01  6.1457  1.52E+01
    157  8  7  410  11 2p2(3PE) 7d     -8.44606E-02  2.51991E+00 12.0  1.182E-01  6.8818  8.87E-01
    158  8  7  410  12 2p2(3PE) 8s     -7.93761E-02  2.52499E+00 12.0  9.012E-01  7.0988  1.39E+01
    159  8  7  410  13 2p3(5SO) 3p     -7.57316E-02  2.52864E+00 12.0  4.672E-01  2.5328  1.84E+00
    160  8  7  410  14 2p2(3PE) 8d     -6.30587E-02  2.54131E+00 12.0  3.552E-02  7.9645  5.45E+00
    161  8  7  410  15 2p2(3PE) 9s     -6.00015E-02  2.54437E+00 12.0  8.351E-01  8.1649  1.78E+01
    162  8  7  410  16 2p2(3PE) 9d     -4.98935E-02  2.55448E+00 12.0  4.619E-02  8.9538  5.72E+00
    163  8  7  410  17 2p2(3PE)10s     -4.76690E-02  2.55670E+00 12.0  8.397E-01  9.1603  3.01E+01
    164  8  7  410  18 2p2(3PE)10d     -4.03991E-02  2.56397E+00 12.0  4.952E-02  9.9505  7.20E+00
    165  8  7  411   1 2p2(3PE) 3p     -6.78698E-01  1.92567E+00 12.0  5.723E-01  2.4277  6.97E+00
    166  8  7  411   2 2p2(3PE) 4p     -3.36481E-01  2.26789E+00 12.0  5.521E-01  3.4479  1.23E+01
    167  8  7  411   3 2p2(3PE) 5p     -2.01506E-01  2.40286E+00 12.0  5.446E-01  4.4554  1.96E+01
    168  8  7  411   4 2p2(3PE) 6p     -1.34255E-01  2.47012E+00 12.0  5.416E-01  5.4584  3.04E+01
    169  8  7  411   5 2p2(3PE) 7p     -9.58521E-02  2.50852E+00 12.0  5.400E-01  6.4600  4.58E+01
    170  8  7  411   6 2p2(3PE) 8p     -7.18590E-02  2.53251E+00 12.0  5.391E-01  7.4609  6.65E+01
    171  8  7  411   7 2p2(3PE) 9p     -5.58687E-02  2.54850E+00 12.0  5.385E-01  8.4615  9.31E+01
    172  8  7  411   8 2p2(3PE)10p     -4.46792E-02  2.55969E+00 12.0  5.381E-01  9.4619  1.27E+02
    173  8  7  420   1 2p2(3PE) 3d     -4.57632E-01  2.14674E+00 20.0  4.354E-02  2.9565  4.77E+00
    174  8  7  420   2 2p2(3PE) 4d     -2.58026E-01  2.34634E+00 20.0  6.270E-02  3.9373  2.62E+01
    175  8  7  420   3 2p2(3PE) 5d     -1.64511E-01  2.43986E+00 20.0  6.903E-02  4.9310  5.78E+01
    176  8  7  420   4 2p2(3PE) 6d     -1.13839E-01  2.49053E+00 20.0  7.232E-02  5.9277  9.14E+01
    177  8  7  420   5 2p2(3PE) 7d     -8.33939E-02  2.52098E+00 20.0  7.431E-02  6.9257  1.31E+02
    178  8  7  420   6 2p2(3PE) 8d     -6.36982E-02  2.54067E+00 20.0  7.560E-02  7.9244  1.80E+02
    179  8  7  420   7 2p2(3PE) 9d     -5.02329E-02  2.55414E+00 20.0  7.649E-02  8.9235  2.41E+02
    180  8  7  420   8 2p2(3PE)10d     -4.06242E-02  2.56375E+00 20.0  7.712E-02  9.9229  3.16E+02
    181  8  7  421   1 2p2(3PE) 3p     -6.93617E-01  1.91075E+00 20.0  5.986E-01  2.4014  1.17E+01
    182  8  7  421   2 2p2(3PE) 4p     -3.40857E-01  2.26351E+00 20.0  5.743E-01  3.4257  1.48E+01
    183  8  7  421   3 2p2(3PE) 4f     -2.51589E-01  2.35278E+00 20.0  1.265E-02  3.9873  4.14E+00
    184  8  7  421   4 2p2(3PE) 5p     -2.03531E-01  2.40084E+00 20.0  5.668E-01  4.4332  2.12E+01
    185  8  7  421   5 2p2(3PE) 5f     -1.60893E-01  2.44348E+00 20.0  1.389E-02  4.9861  7.82E+00
    186  8  7  421   6 2p2(3PE) 6p     -1.35336E-01  2.46903E+00 20.0  5.635E-01  5.4365  3.18E+01
    187  8  7  421   7 2p2(3PE) 6f     -1.11636E-01  2.49273E+00 20.0  1.412E-02  5.9859  1.32E+01
    188  8  7  421   8 2p2(3PE) 7p     -9.64977E-02  2.50787E+00 20.0  5.617E-01  6.4383  4.67E+01
    189  8  7  421   9 2p2(3PE) 7f     -8.19657E-02  2.52240E+00 20.0  1.424E-02  6.9858  2.06E+01
    190  8  7  421  10 2p2(3PE) 8p     -7.22759E-02  2.53209E+00 20.0  5.607E-01  7.4393  6.66E+01
    191  8  7  421  11 2p2(3PE) 8f     -6.27244E-02  2.54165E+00 20.0  1.432E-02  7.9857  3.03E+01
    192  8  7  421  12 2p2(3PE) 9p     -5.61539E-02  2.54822E+00 20.0  5.600E-01  8.4400  9.22E+01
    193  8  7  421  13 2p2(3PE) 9f     -4.95411E-02  2.55483E+00 20.0  1.440E-02  8.9856  4.26E+01
    194  8  7  421  14 2p2(3PE)10p     -4.48830E-02  2.55949E+00 20.0  5.596E-01  9.4404  1.24E+02
    195  8  7  421  15 2p2(3PE)10f     -4.01158E-02  2.56425E+00 20.0  1.444E-02  9.9856  5.80E+01
    196  8  7  430   1 2p2(3PE) 3d     -4.69745E-01  2.13463E+00 28.0  8.191E-02  2.9181  5.00E+00
    197  8  7  430   2 2p2(3PE) 4d     -2.62433E-01  2.34194E+00 28.0  9.590E-02  3.9041  2.65E+01
    198  8  7  430   3 2p2(3PE) 5d     -1.66750E-01  2.43762E+00 28.0  1.022E-01  4.8978  5.08E+01
    199  8  7  430   4 2p2(3PE) 5g     -1.60169E-01  2.44420E+00 28.0  2.639E-03  4.9974  1.44E+01
    200  8  7  430   5 2p2(3PE) 6d     -1.15120E-01  2.48925E+00 28.0  1.054E-01  5.8946  7.53E+01
    201  8  7  430   6 2p2(3PE) 6g     -1.11238E-01  2.49313E+00 28.0  3.423E-03  5.9966  2.46E+01
    202  8  7  430   7 2p2(3PE) 7d     -8.41911E-02  2.52018E+00 28.0  1.072E-01  6.8928  1.05E+02
    203  8  7  430   8 2p2(3PE) 7g     -8.17226E-02  2.52265E+00 28.0  3.853E-03  6.9961  3.88E+01
    204  8  7  430   9 2p2(3PE) 8d     -6.42270E-02  2.54014E+00 28.0  1.083E-01  7.8917  1.44E+02
    205  8  7  430  10 2p2(3PE) 8g     -6.25642E-02  2.54181E+00 28.0  4.106E-03  7.9959  5.72E+01
    206  8  7  430  11 2p2(3PE) 9d     -5.06014E-02  2.55377E+00 28.0  1.090E-01  8.8910  1.92E+02
    207  8  7  430  12 2p2(3PE) 9g     -4.94296E-02  2.55494E+00 28.0  4.269E-03  8.9957  8.10E+01
    208  8  7  430  13 2p2(3PE)10d     -4.08911E-02  2.56348E+00 28.0  1.096E-01  9.8904  2.50E+02
    209  8  7  430  14 2p2(3PE)10g     -4.00350E-02  2.56434E+00 28.0  4.372E-03  9.9956  1.10E+02
    210  8  7  431   1 2p2(3PE) 4f     -2.49255E-01  2.35512E+00 28.0 -5.973E-03  4.0060  4.32E+00
    211  8  7  431   2 2p2(3PE) 5f     -1.59667E-01  2.44470E+00 28.0 -5.211E-03  5.0052  8.06E+00
    212  8  7  431   3 2p2(3PE) 6f     -1.10951E-01  2.49342E+00 28.0 -4.328E-03  6.0043  1.35E+01
    213  8  7  431   4 2p2(3PE) 7f     -8.15452E-02  2.52283E+00 28.0 -3.753E-03  7.0038  2.09E+01
    214  8  7  431   5 2p2(3PE) 8f     -6.24471E-02  2.54192E+00 28.0 -3.388E-03  8.0034  3.06E+01
    215  8  7  431   6 2p2(3PE) 9f     -4.93482E-02  2.55502E+00 28.0 -3.147E-03  9.0031  4.30E+01
    216  8  7  440   1 2p2(3PE) 5g     -1.59845E-01  2.44453E+00 36.0 -2.424E-03  5.0024  1.49E+01
    217  8  7  440   2 2p2(3PE) 6g     -1.11006E-01  2.49336E+00 36.0 -2.840E-03  6.0028  2.54E+01
    218  8  7  440   3 2p2(3PE) 7g     -8.15614E-02  2.52281E+00 36.0 -3.057E-03  7.0031  4.01E+01
    219  8  7  440   4 2p2(3PE) 8g     -6.24504E-02  2.54192E+00 36.0 -3.176E-03  8.0032  5.95E+01
    220  8  7  440   5 2p2(3PE) 9g     -4.93470E-02  2.55502E+00 36.0 -3.257E-03  9.0033  8.42E+01
    221  8  7  441   1 2p2(3PE) 4f     -2.51006E-01  2.35336E+00 36.0  8.024E-03  3.9920  4.11E+00
    222  8  7  441   2 2p2(3PE) 5f     -1.60597E-01  2.44377E+00 36.0  9.302E-03  4.9907  7.63E+00
    223  8  7  441   3 2p2(3PE) 6f     -1.11475E-01  2.49290E+00 36.0  9.801E-03  5.9902  1.28E+01
    224  8  7  441   4 2p2(3PE) 6h     -1.11137E-01  2.49323E+00 36.0  6.990E-04  5.9993  3.74E+01
    225  8  7  441   5 2p2(3PE) 7f     -8.18690E-02  2.52250E+00 36.0  1.011E-02  6.9899  2.00E+01
    226  8  7  441   6 2p2(3PE) 7h     -8.16500E-02  2.52272E+00 36.0  7.435E-04  6.9993  5.89E+01
    227  8  7  441   7 2p2(3PE) 8f     -6.26616E-02  2.54171E+00 36.0  1.032E-02  7.9897  2.94E+01
    228  8  7  441   8 2p2(3PE) 8h     -6.25122E-02  2.54186E+00 36.0  7.805E-04  7.9992  8.66E+01
    229  8  7  441   9 2p2(3PE) 9f     -4.94979E-02  2.55487E+00 36.0  1.048E-02  8.9895  4.15E+01
    230  8  7  441  10 2p2(3PE) 9h     -4.93916E-02  2.55498E+00 36.0  8.096E-04  8.9992  1.22E+02
    231  8  7  441  11 2p2(3PE)10f     -4.00849E-02  2.56429E+00 36.0  1.060E-02  9.9894  5.66E+01
    232  8  7  601   1 2p3(5SO) 3s     -3.46695E-01  2.25768E+00  6.0  8.853E-01  2.1147  1.00E+30
    233  8  7  601   2 2p3(5SO) 4s      1.41678E-01  2.74605E+00  6.0  8.617E-01  3.1383  3.91E+00
    234  8  7  601   3 2p3(5SO) 5s      3.15068E-01  2.91944E+00  6.0  8.543E-01  4.1457  6.22E+00
    235  8  7  601   4 2p3(5SO) 6s      3.96931E-01  3.00130E+00  6.0  8.510E-01  5.1490  1.02E+01
    236  8  7  601   5 2p3(5SO) 7s      4.42075E-01  3.04645E+00  6.0  8.492E-01  6.1508  1.61E+01
    237  8  7  601   6 2p3(5SO) 8s      4.69602E-01  3.07397E+00  6.0  8.482E-01  7.1518  2.41E+01
    238  8  7  601   7 2p3(5SO) 9s      4.87622E-01  3.09199E+00  6.0  8.475E-01  8.1525  3.45E+01
    239  8  7  601   8 2p3(5SO)10s      5.00060E-01  3.10443E+00  6.0  8.470E-01  9.1530  4.77E+01
    240  8  7  610   1 2p3(5SO) 3p     -1.39814E-01  2.46456E+00 18.0  5.881E-01  2.4119  9.84E+00
    241  8  7  610   2 2p3(5SO) 4p      2.08971E-01  2.81334E+00 18.0  5.641E-01  3.4359  1.69E+01
    242  8  7  610   3 2p3(5SO) 5p      3.45298E-01  2.94967E+00 18.0  5.556E-01  4.4444  2.52E+01
    243  8  7  610   4 2p3(5SO) 6p      4.13056E-01  3.01743E+00 18.0  5.516E-01  5.4484  3.83E+01
    244  8  7  610   5 2p3(5SO) 7p      4.51674E-01  3.05604E+00 18.0  5.495E-01  6.4505  5.70E+01
    245  8  7  610   6 2p3(5SO) 8p      4.75774E-01  3.08014E+00 18.0  5.481E-01  7.4519  8.18E+01
    246  8  7  610   7 2p3(5SO) 9p      4.91823E-01  3.09619E+00 18.0  5.472E-01  8.4528  1.14E+02
    247  8  7  610   8 2p3(5SO)10p      5.03047E-01  3.10742E+00 18.0  5.466E-01  9.4534  1.54E+02
    248  8  7  621   1 2p3(5SO) 3d      8.18189E-02  2.68619E+00 30.0  7.017E-02  2.9298  4.94E+00
    249  8  7  621   2 2p3(5SO) 4d      2.86285E-01  2.89066E+00 30.0  8.910E-02  3.9109  2.76E+01
    250  8  7  621   3 2p3(5SO) 5d      3.81448E-01  2.98582E+00 30.0  9.648E-02  4.9035  5.47E+01
    251  8  7  621   4 2p3(5SO) 6d      4.32890E-01  3.03726E+00 30.0  1.002E-01  5.8998  8.10E+01
    252  8  7  621   5 2p3(5SO) 7d      4.63734E-01  3.06810E+00 30.0  1.023E-01  6.8977  1.13E+02
    253  8  7  621   6 2p3(5SO) 8d      4.83655E-01  3.08803E+00 30.0  1.036E-01  7.8964  1.53E+02
    254  8  7  621   7 2p3(5SO) 9d      4.97256E-01  3.10163E+00 30.0  1.045E-01  8.8955  2.04E+02
    255  8  7  621   8 2p3(5SO)10d      5.06951E-01  3.11132E+00 30.0  1.052E-01  9.8948  2.65E+02
    256  8  7  630   1 2p3(5SO) 4f      2.97690E-01  2.90206E+00 42.0  9.278E-04  3.9991  4.17E+00
    257  8  7  630   2 2p3(5SO) 5f      3.87711E-01  2.99208E+00 42.0  1.484E-03  4.9985  7.68E+00
    258  8  7  630   3 2p3(5SO) 6f      4.36628E-01  3.04100E+00 42.0  1.805E-03  5.9982  1.28E+01
    259  8  7  630   4 2p3(5SO) 7f      4.66126E-01  3.07050E+00 42.0  2.030E-03  6.9980  1.98E+01
    260  8  7  630   5 2p3(5SO) 8f      4.85272E-01  3.08964E+00 42.0  2.177E-03  7.9978  2.89E+01
    261  8  7  630   6 2p3(5SO) 9f      4.98398E-01  3.10277E+00 42.0  2.305E-03  8.9977  4.06E+01
    262  8  7  630   7 2p3(5SO)10f      5.07787E-01  3.11216E+00 42.0  2.379E-03  9.9976  5.51E+01
    263  8  7  641   1 2p3(5SO) 5g      3.87805E-01  2.99218E+00 54.0  0.000E+00  5.0000  1.47E+01
    264  8  7  641   2 2p3(5SO) 6g      4.36694E-01  3.04106E+00 54.0  0.000E+00  6.0000  2.51E+01
    265  8  7  641   3 2p3(5SO) 7g      4.66173E-01  3.07054E+00 54.0  0.000E+00  7.0000  3.97E+01
    266  8  7  641   4 2p3(5SO) 8g      4.85306E-01  3.08968E+00 54.0  0.000E+00  8.0000  5.89E+01
    267  8  7  641   5 2p3(5SO) 9g      4.98423E-01  3.10279E+00 54.0  0.000E+00  9.0000  8.34E+01
    268  8  7  641   6 2p3(5SO)10g      5.07806E-01  3.11218E+00 54.0  0.000E+00 10.0000  1.14E+02
 =================================================================================================