0.707107 0.707107 0.0
0.706297 0.706482 0.0
0.705488 0.705857 0.0
0.704679 0.705232 0.0
0.703870 0.704606 0.0
0.703062 0.703980 0.0
0.702254 0.703355 0.0
0.701446 0.702729 0.0
0.700638 0.702102 0.0
0.699831 0.701476 0.0
0.699024 0.700849 0.0
0.698217 0.700223 0.0
0.697411 0.699596 0.0
0.696605 0.698969 0.0
0.695799 0.698341 0.0
0.694993 0.697714 0.0
0.694188 0.697086 0.0
0.693383 0.696458 0.0
0.692579 0.695830 0.0
0.691774 0.695202 0.0
0.690970 0.694573 0.0
0.690167 0.693945 0.0
0.689363 0.693316 0.0
0.688560 0.692687 0.0
0.687757 0.692058 0.0
0.686954 0.691428 0.0
0.686152 0.690799 0.0
0.685350 0.690169 0.0
0.684548 0.689539 0.0
0.683747 0.688909 0.0
0.682946 0.688278 0.0
0.682145 0.687648 0.0
0.681345 0.687017 0.0
0.680544 0.686386 0.0
0.679744 0.685755 0.0
0.678945 0.685124 0.0
0.678145 0.684492 0.0
0.677346 0.683861 0.0
0.676547 0.683229 0.0
0.675749 0.682597 0.0
0.674951 0.681964 0.0
0.674153 0.681332 0.0
0.673355 0.680699 0.0
0.672558 0.680066 0.0
0.671761 0.679433 0.0
0.670964 0.678800 0.0
0.670168 0.678167 0.0
0.669371 0.677533 0.0
0.668575 0.676899 0.0
0.667780 0.676265 0.0
0.666985 0.675631 0.0
0.666190 0.674997 0.0
0.665395 0.674362 0.0
0.664600 0.673728 0.0
0.663806 0.673093 0.0
0.663012 0.672457 0.0
0.662219 0.671822 0.0
0.661426 0.671187 0.0
0.660633 0.670551 0.0
0.659840 0.669915 0.0
0.659047 0.669279 0.0
0.658255 0.668643 0.0
0.657463 0.668006 0.0
0.656672 0.667370 0.0
0.655881 0.666733 0.0
0.655090 0.666096 0.0
0.654299 0.665458 0.0
0.653509 0.664821 0.0
0.652719 0.664183 0.0
0.651929 0.663545 0.0
0.651139 0.662907 0.0
0.650350 0.662269 0.0
0.649561 0.661631 0.0
0.648772 0.660992 0.0
0.647984 0.660353 0.0
0.647196 0.659714 0.0
0.646408 0.659075 0.0
0.645621 0.658436 0.0
0.644833 0.657796 0.0
0.644046 0.657156 0.0
0.643260 0.656516 0.0
0.642473 0.655876 0.0
0.641687 0.655236 0.0
0.640902 0.654595 0.0
0.640116 0.653955 0.0
0.639331 0.653314 0.0
0.638546 0.652672 0.0
0.637761 0.652031 0.0
0.636977 0.651390 0.0
0.636193 0.650748 0.0
0.635409 0.650106 0.0
0.634626 0.649464 0.0
0.633842 0.648822 0.0
0.633060 0.648179 0.0
0.632277 0.647536 0.0
0.631495 0.646893 0.0
0.630713 0.646250 0.0
0.629931 0.645607 0.0
0.629149 0.644964 0.0
0.628368 0.644320 0.0
0.627587 0.643676 0.0
0.626807 0.643032 0.0
0.626026 0.642388 0.0
0.625246 0.641743 0.0
0.624466 0.641098 0.0
0.623687 0.640454 0.0
0.622908 0.639809 0.0
0.622129 0.639163 0.0
0.621350 0.638518 0.0
0.620572 0.637872 0.0
0.619794 0.637226 0.0
0.619016 0.636580 0.0
0.618239 0.635934 0.0
0.617461 0.635288 0.0
0.616684 0.634641 0.0
0.615908 0.633994 0.0
0.615131 0.633347 0.0
0.614355 0.632700 0.0
0.613580 0.632052 0.0
0.612804 0.631405 0.0
0.612029 0.630757 0.0
0.611254 0.630109 0.0
0.610479 0.629461 0.0
0.609705 0.628812 0.0
0.608931 0.628164 0.0
0.608157 0.627515 0.0
0.607384 0.626866 0.0
0.606610 0.626217 0.0
0.605837 0.625567 0.0
0.605065 0.624918 0.0
0.604292 0.624268 0.0
0.603520 0.623618 0.0
0.602748 0.622968 0.0
0.601977 0.622317 0.0
0.601206 0.621667 0.0
0.600435 0.621016 0.0
0.599664 0.620365 0.0
0.598894 0.619714 0.0
0.598123 0.619062 0.0
0.597354 0.618411 0.0
0.596584 0.617759 0.0
0.595815 0.617107 0.0
0.595046 0.616455 0.0
0.594277 0.615802 0.0
0.593509 0.615150 0.0
0.592741 0.614497 0.0
0.591973 0.613844 0.0
0.591205 0.613191 0.0
0.590438 0.612537 0.0
0.589671 0.611884 0.0
0.588904 0.611230 0.0
0.588138 0.610576 0.0
0.587371 0.609922 0.0
0.586606 0.609268 0.0
0.585840 0.608613 0.0
0.585075 0.607958 0.0
0.584310 0.607303 0.0
0.583545 0.606648 0.0
0.582780 0.605993 0.0
0.582016 0.605337 0.0
0.581252 0.604681 0.0
0.580489 0.604025 0.0
0.579725 0.603369 0.0
0.578962 0.602713 0.0
0.578199 0.602056 0.0
0.577437 0.601400 0.0
0.576675 0.600743 0.0
0.575913 0.600085 0.0
0.575151 0.599428 0.0
0.574389 0.598770 0.0
0.573628 0.598113 0.0
0.572867 0.597455 0.0
0.572107 0.596797 0.0
0.571347 0.596138 0.0
0.570587 0.595480 0.0
0.569827 0.594821 0.0
0.569067 0.594162 0.0
0.568308 0.593503 0.0
0.567549 0.592843 0.0
0.566791 0.592184 0.0
0.566032 0.591524 0.0
0.565274 0.590864 0.0
0.564517 0.590204 0.0
0.563759 0.589544 0.0
0.563002 0.588883 0.0
0.562245 0.588222 0.0
0.561488 0.587561 0.0
0.560732 0.586900 0.0
0.559976 0.586239 0.0
0.559220 0.585577 0.0
0.558464 0.584915 0.0
0.557709 0.584253 0.0
0.556954 0.583591 0.0
0.556199 0.582929 0.0
0.555445 0.582266 0.0
0.554691 0.581603 0.0
0.553937 0.580941 0.0
0.553183 0.580277 0.0
0.552430 0.579614 0.0
0.551677 0.578950 0.0
0.550924 0.578287 0.0
0.550171 0.577623 0.0
0.549419 0.576958 0.0
0.548667 0.576294 0.0
0.547915 0.575630 0.0
0.547164 0.574965 0.0
0.546413 0.574300 0.0
0.545662 0.573635 0.0
0.544911 0.572969 0.0
0.544161 0.572304 0.0
0.543411 0.571638 0.0
0.542661 0.570972 0.0
0.541912 0.570306 0.0
0.541163 0.569639 0.0
0.540414 0.568973 0.0
0.539665 0.568306 0.0
0.538917 0.567639 0.0
0.538168 0.566972 0.0
0.537421 0.566304 0.0
0.536673 0.565637 0.0
0.535926 0.564969 0.0
0.535179 0.564301 0.0
0.534432 0.563633 0.0
0.533685 0.562964 0.0
0.532939 0.562296 0.0
0.532193 0.561627 0.0
0.531448 0.560958 0.0
0.530702 0.560289 0.0
0.529957 0.559619 0.0
0.529212 0.558950 0.0
0.528468 0.558280 0.0
0.527723 0.557610 0.0
0.526979 0.556940 0.0
0.526236 0.556269 0.0
0.525492 0.555599 0.0
0.524749 0.554928 0.0
0.524006 0.554257 0.0
0.523263 0.553586 0.0
0.522521 0.552914 0.0
0.521779 0.552243 0.0
0.521037 0.551571 0.0
0.520295 0.550899 0.0
0.519554 0.550227 0.0
0.518813 0.549554 0.0
0.518072 0.548882 0.0
0.517332 0.548209 0.0
0.516592 0.547536 0.0
0.515852 0.546863 0.0
0.515112 0.546189 0.0
0.514373 0.545516 0.0
0.513634 0.544842 0.0
0.512895 0.544168 0.0
0.512156 0.543494 0.0
0.511418 0.542819 0.0
0.510680 0.542145 0.0
0.509942 0.541470 0.0
0.509204 0.540795 0.0
0.508467 0.540120 0.0
0.507730 0.539444 0.0
0.506993 0.538769 0.0
0.506257 0.538093 0.0
0.505521 0.537417 0.0
0.504785 0.536741 0.0
0.504049 0.536064 0.0
0.503314 0.535388 0.0
0.502579 0.534711 0.0
0.501844 0.534034 0.0
0.501109 0.533357 0.0
0.500375 0.532679 0.0
0.499641 0.532002 0.0
0.498907 0.531324 0.0
0.498174 0.530646 0.0
0.497441 0.529968 0.0
0.496708 0.529289 0.0
0.495975 0.528610 0.0
0.495242 0.527932 0.0
0.494510 0.527253 0.0
0.493778 0.526573 0.0
0.493047 0.525894 0.0
0.492315 0.525214 0.0
0.491584 0.524535 0.0
0.490853 0.523855 0.0
0.490123 0.523174 0.0
0.489393 0.522494 0.0
0.488663 0.521813 0.0
0.487933 0.521133 0.0
0.487203 0.520451 0.0
0.486474 0.519770 0.0
0.485745 0.519089 0.0
0.485016 0.518407 0.0
0.484288 0.517725 0.0
0.483560 0.517043 0.0
0.482832 0.516361 0.0
0.482104 0.515679 0.0
0.481377 0.514996 0.0
0.480650 0.514313 0.0
0.479923 0.513630 0.0
0.479196 0.512947 0.0
0.478470 0.512264 0.0
0.477744 0.511580 0.0
0.477018 0.510896 0.0
0.476292 0.510212 0.0
0.475567 0.509528 0.0
0.474842 0.508844 0.0
0.474117 0.508159 0.0
0.473393 0.507474 0.0
0.472669 0.506789 0.0
0.471945 0.506104 0.0
0.471221 0.505419 0.0
0.470498 0.504733 0.0
0.469774 0.504047 0.0
0.469051 0.503361 0.0
0.468329 0.502675 0.0
0.467606 0.501989 0.0
0.466884 0.501302 0.0
0.466162 0.500615 0.0
0.465441 0.499928 0.0
0.464719 0.499241 0.0
0.463998 0.498554 0.0
0.463277 0.497866 0.0
0.462557 0.497178 0.0
0.461837 0.496490 0.0
0.461117 0.495802 0.0
0.460397 0.495114 0.0
0.459677 0.494425 0.0
0.458958 0.493736 0.0
0.458239 0.493047 0.0
0.457520 0.492358 0.0
0.456802 0.491669 0.0
0.456083 0.490979 0.0
0.455365 0.490290 0.0
0.454648 0.489600 0.0
0.453930 0.488909 0.0
0.453213 0.488219 0.0
0.452496 0.487529 0.0
0.451779 0.486838 0.0
0.451063 0.486147 0.0
0.450347 0.485456 0.0
0.449631 0.484764 0.0
0.448915 0.484073 0.0
0.448200 0.483381 0.0
0.447484 0.482689 0.0
0.446770 0.481997 0.0
0.446055 0.481305 0.0
0.445341 0.480612 0.0
0.444626 0.479919 0.0
0.443912 0.479227 0.0
0.443199 0.478533 0.0
0.442485 0.477840 0.0
0.441772 0.477147 0.0
0.441059 0.476453 0.0
0.440347 0.475759 0.0
0.439635 0.475065 0.0
0.438922 0.474371 0.0
0.438211 0.473676 0.0
0.437499 0.472981 0.0
0.436788 0.472286 0.0
0.436077 0.471591 0.0
0.435366 0.470896 0.0
0.434655 0.470201 0.0
0.433945 0.469505 0.0
0.433235 0.468809 0.0
0.432525 0.468113 0.0
0.431815 0.467417 0.0
0.431106 0.466720 0.0
0.430397 0.466024 0.0
0.429688 0.465327 0.0
0.428980 0.464630 0.0
0.428271 0.463933 0.0
0.427563 0.463235 0.0
0.426855 0.462538 0.0
0.426148 0.461840 0.0
0.425440 0.461142 0.0
0.424733 0.460443 0.0
0.424027 0.459745 0.0
0.423320 0.459046 0.0
0.422614 0.458348 0.0
0.421908 0.457649 0.0
0.421202 0.456949 0.0
0.420496 0.456250 0.0
0.419791 0.455551 0.0
0.419086 0.454851 0.0
0.418381 0.454151 0.0
0.417676 0.453451 0.0
0.416972 0.452750 0.0
0.416268 0.452050 0.0
0.415564 0.451349 0.0
0.414861 0.450648 0.0
0.414157 0.449947 0.0
0.413454 0.449246 0.0
0.412751 0.448544 0.0
0.412049 0.447842 0.0
0.411346 0.447141 0.0
0.410644 0.446438 0.0
0.409942 0.445736 0.0
0.409241 0.445034 0.0
0.408539 0.444331 0.0
0.407838 0.443628 0.0
0.407137 0.442925 0.0
0.406437 0.442222 0.0
0.405736 0.441518 0.0
0.405036 0.440815 0.0
0.404336 0.440111 0.0
0.403637 0.439407 0.0
0.402937 0.438703 0.0
0.402238 0.437998 0.0
0.401539 0.437294 0.0
0.400840 0.436589 0.0
0.400142 0.435884 0.0
0.399444 0.435179 0.0
0.398746 0.434473 0.0
0.398048 0.433768 0.0
0.397351 0.433062 0.0
0.396653 0.432356 0.0
0.395956 0.431650 0.0
0.395260 0.430944 0.0
0.394563 0.430237 0.0
0.393867 0.429530 0.0
0.393171 0.428824 0.0
0.392475 0.428116 0.0
0.391779 0.427409 0.0
0.391084 0.426702 0.0
0.390389 0.425994 0.0
0.389694 0.425286 0.0
0.389000 0.424578 0.0
0.388305 0.423870 0.0
0.387611 0.423162 0.0
0.386917 0.422453 0.0
0.386224 0.421744 0.0
0.385530 0.421035 0.0
0.384837 0.420326 0.0
0.384144 0.419617 0.0
0.383451 0.418907 0.0
0.382759 0.418197 0.0
0.382067 0.417487 0.0
0.381375 0.416777 0.0
0.380683 0.416067 0.0
0.379991 0.415356 0.0
0.379300 0.414646 0.0
0.378609 0.413935 0.0
0.377918 0.413224 0.0
0.377228 0.412513 0.0
0.376537 0.411801 0.0
0.375847 0.411089 0.0
0.375157 0.410378 0.0
0.374468 0.409666 0.0
0.373778 0.408953 0.0
0.373089 0.408241 0.0
0.372400 0.407528 0.0
0.371711 0.406816 0.0
0.371023 0.406103 0.0
0.370335 0.405390 0.0
0.369647 0.404676 0.0
0.368959 0.403963 0.0
0.368271 0.403249 0.0
0.367584 0.402535 0.0
0.366897 0.401821 0.0
0.366210 0.401107 0.0
0.365523 0.400392 0.0
0.364837 0.399678 0.0
0.364151 0.398963 0.0
0.363465 0.398248 0.0
0.362779 0.397533 0.0
0.362093 0.396817 0.0
0.361408 0.396102 0.0
0.360723 0.395386 0.0
0.360038 0.394670 0.0
0.359354 0.393954 0.0
0.358669 0.393238 0.0
0.357985 0.392521 0.0
0.357301 0.391805 0.0
0.356618 0.391088 0.0
0.355934 0.390371 0.0
0.355251 0.389654 0.0
0.354568 0.388936 0.0
0.353885 0.388219 0.0
0.353203 0.387501 0.0
0.352520 0.386783 0.0
0.351838 0.386065 0.0
0.351156 0.385346 0.0
0.350474 0.384628 0.0
0.349793 0.383909 0.0
0.349112 0.383190 0.0
0.348431 0.382471 0.0
0.347750 0.381752 0.0
0.347069 0.381033 0.0
0.346389 0.380313 0.0
0.345709 0.379593 0.0
0.345029 0.378873 0.0
0.344349 0.378153 0.0
0.343670 0.377433 0.0
0.342991 0.376712 0.0
0.342312 0.375992 0.0
0.341633 0.375271 0.0
0.340954 0.374550 0.0
0.340276 0.373828 0.0
0.339598 0.373107 0.0
0.338920 0.372385 0.0
0.338242 0.371663 0.0
0.337565 0.370942 0.0
0.336887 0.370219 0.0
0.336210 0.369497 0.0
0.335534 0.368775 0.0
0.334857 0.368052 0.0
0.334180 0.367329 0.0
0.333504 0.366606 0.0
0.332828 0.365883 0.0
0.332153 0.365159 0.0
0.331477 0.364436 0.0
0.330802 0.363712 0.0
0.330126 0.362988 0.0
0.329452 0.362264 0.0
0.328777 0.361540 0.0
0.328102 0.360815 0.0
0.327428 0.360090 0.0
0.326754 0.359366 0.0
0.326080 0.358641 0.0
0.325407 0.357915 0.0
0.324733 0.357190 0.0
0.324060 0.356464 0.0
0.323387 0.355739 0.0
0.322714 0.355013 0.0
0.322041 0.354287 0.0
0.321369 0.353560 0.0
0.320697 0.352834 0.0
0.320025 0.352107 0.0
0.319353 0.351381 0.0
0.318682 0.350654 0.0
0.318010 0.349926 0.0
0.317339 0.349199 0.0
0.316668 0.348472 0.0
0.315997 0.347744 0.0
0.315327 0.347016 0.0
0.314656 0.346288 0.0
0.313986 0.345560 0.0
0.313316 0.344831 0.0
0.312647 0.344103 0.0
0.311977 0.343374 0.0
0.311308 0.342645 0.0
0.310639 0.341916 0.0
0.309970 0.341187 0.0
0.309301 0.340458 0.0
0.308633 0.339728 0.0
0.307964 0.338998 0.0
0.307296 0.338268 0.0
0.306628 0.337538 0.0
0.305961 0.336808 0.0
0.305293 0.336077 0.0
0.304626 0.335347 0.0
0.303959 0.334616 0.0
0.303292 0.333885 0.0
0.302625 0.333154 0.0
0.301959 0.332422 0.0
0.301292 0.331691 0.0
0.300626 0.330959 0.0
0.299960 0.330227 0.0
0.299295 0.329495 0.0
0.298629 0.328763 0.0
0.297964 0.328031 0.0
0.297299 0.327298 0.0
0.296634 0.326566 0.0
0.295969 0.325833 0.0
0.295304 0.325100 0.0
0.294640 0.324367 0.0
0.293976 0.323633 0.0
0.293312 0.322900 0.0
0.292648 0.322166 0.0
0.291984 0.321432 0.0
0.291321 0.320698 0.0
0.290658 0.319964 0.0
0.289995 0.319229 0.0
0.289332 0.318495 0.0
0.288669 0.317760 0.0
0.288007 0.317025 0.0
0.287344 0.316290 0.0
0.286682 0.315555 0.0
0.286020 0.314819 0.0
0.285359 0.314084 0.0
0.284697 0.313348 0.0
0.284036 0.312612 0.0
0.283375 0.311876 0.0
0.282714 0.311140 0.0
0.282053 0.310404 0.0
0.281392 0.309667 0.0
0.280732 0.308930 0.0
0.280072 0.308193 0.0
0.279412 0.307456 0.0
0.278752 0.306719 0.0
0.278092 0.305982 0.0
0.277432 0.305244 0.0
0.276773 0.304506 0.0
0.276114 0.303768 0.0
0.275455 0.303030 0.0
0.274796 0.302292 0.0
0.274138 0.301554 0.0
0.273479 0.300815 0.0
0.272821 0.300077 0.0
0.272163 0.299338 0.0
0.271505 0.298599 0.0
0.270847 0.297859 0.0
0.270189 0.297120 0.0
0.269532 0.296381 0.0
0.268875 0.295641 0.0
0.268218 0.294901 0.0
0.267561 0.294161 0.0
0.266904 0.293421 0.0
0.266248 0.292681 0.0
0.265591 0.291940 0.0
0.264935 0.291199 0.0
0.264279 0.290459 0.0
0.263623 0.289718 0.0
0.262968 0.288977 0.0
0.262312 0.288235 0.0
0.261657 0.287494 0.0
0.261002 0.286752 0.0
0.260347 0.286010 0.0
0.259692 0.285269 0.0
0.259037 0.284526 0.0
0.258383 0.283784 0.0
0.257728 0.283042 0.0
0.257074 0.282299 0.0
0.256420 0.281557 0.0
0.255766 0.280814 0.0
0.255112 0.280071 0.0
0.254459 0.279328 0.0
0.253806 0.278584 0.0
0.253152 0.277841 0.0
0.252499 0.277097 0.0
0.251846 0.276353 0.0
0.251194 0.275609 0.0
0.250541 0.274865 0.0
0.249889 0.274121 0.0
0.249236 0.273376 0.0
0.248584 0.272632 0.0
0.247932 0.271887 0.0
0.247281 0.271142 0.0
0.246629 0.270397 0.0
0.245977 0.269652 0.0
0.245326 0.268907 0.0
0.244675 0.268161 0.0
0.244024 0.267416 0.0
0.243373 0.266670 0.0
0.242722 0.265924 0.0
0.242072 0.265178 0.0
0.241421 0.264431 0.0
0.240771 0.263685 0.0
0.240121 0.262938 0.0
0.239471 0.262192 0.0
0.238821 0.261445 0.0
0.238172 0.260698 0.0
0.237522 0.259951 0.0
0.236873 0.259203 0.0
0.236223 0.258456 0.0
0.235574 0.257708 0.0
0.234925 0.256961 0.0
0.234277 0.256213 0.0
0.233628 0.255465 0.0
0.232979 0.254716 0.0
0.232331 0.253968 0.0
0.231683 0.253220 0.0
0.231035 0.252471 0.0
0.230387 0.251722 0.0
0.229739 0.250973 0.0
0.229091 0.250224 0.0
0.228444 0.249475 0.0
0.227796 0.248726 0.0
0.227149 0.247976 0.0
0.226502 0.247226 0.0
0.225855 0.246477 0.0
0.225208 0.245727 0.0
0.224561 0.244977 0.0
0.223914 0.244226 0.0
0.223268 0.243476 0.0
0.222622 0.242726 0.0
0.221975 0.241975 0.0
0.221329 0.241224 0.0
0.220683 0.240473 0.0
0.220037 0.239722 0.0
0.219392 0.238971 0.0
0.218746 0.238219 0.0
0.218101 0.237468 0.0
0.217455 0.236716 0.0
0.216810 0.235965 0.0
0.216165 0.235213 0.0
0.215520 0.234461 0.0
0.214875 0.233708 0.0
0.214230 0.232956 0.0
0.213586 0.232204 0.0
0.212941 0.231451 0.0
0.212297 0.230698 0.0
0.211652 0.229945 0.0
0.211008 0.229192 0.0
0.210364 0.228439 0.0
0.209720 0.227686 0.0
0.209076 0.226932 0.0
0.208433 0.226179 0.0
0.207789 0.225425 0.0
0.207146 0.224671 0.0
0.206502 0.223917 0.0
0.205859 0.223163 0.0
0.205216 0.222409 0.0
0.204573 0.221655 0.0
0.203930 0.220900 0.0
0.203287 0.220146 0.0
0.202644 0.219391 0.0
0.202002 0.218636 0.0
0.201359 0.217881 0.0
0.200717 0.217126 0.0
0.200074 0.216371 0.0
0.199432 0.215615 0.0
0.198790 0.214860 0.0
0.198148 0.214104 0.0
0.197506 0.213348 0.0
0.196864 0.212592 0.0
0.196222 0.211836 0.0
0.195581 0.211080 0.0
0.194939 0.210324 0.0
0.194298 0.209567 0.0
0.193656 0.208811 0.0
0.193015 0.208054 0.0
0.192374 0.207297 0.0
0.191733 0.206540 0.0
0.191092 0.205783 0.0
0.190451 0.205026 0.0
0.189810 0.204269 0.0
0.189169 0.203512 0.0
0.188529 0.202754 0.0
0.187888 0.201996 0.0
0.187247 0.201239 0.0
0.186607 0.200481 0.0
0.185967 0.199723 0.0
0.185326 0.198965 0.0
0.184686 0.198206 0.0
0.184046 0.197448 0.0
0.183406 0.196690 0.0
0.182766 0.195931 0.0
0.182126 0.195172 0.0
0.181486 0.194413 0.0
0.180847 0.193654 0.0
0.180207 0.192895 0.0
0.179567 0.192136 0.0
0.178928 0.191377 0.0
0.178288 0.190617 0.0
0.177649 0.189858 0.0
0.177009 0.189098 0.0
0.176370 0.188339 0.0
0.175731 0.187579 0.0
0.175092 0.186819 0.0
0.174452 0.186059 0.0
0.173813 0.185299 0.0
0.173174 0.184538 0.0
0.172535 0.183778 0.0
0.171896 0.183017 0.0
0.171258 0.182257 0.0
0.170619 0.181496 0.0
0.169980 0.180735 0.0
0.169341 0.179974 0.0
0.168703 0.179213 0.0
0.168064 0.178452 0.0
0.167425 0.177691 0.0
0.166787 0.176929 0.0
0.166148 0.176168 0.0
0.165510 0.175406 0.0
0.164872 0.174645 0.0
0.164233 0.173883 0.0
0.163595 0.173121 0.0
0.162957 0.172359 0.0
0.162318 0.171597 0.0
0.161680 0.170835 0.0
0.161042 0.170073 0.0
0.160404 0.169310 0.0
0.159765 0.168548 0.0
0.159127 0.167785 0.0
0.158489 0.167023 0.0
0.157851 0.166260 0.0
0.157213 0.165497 0.0
0.156575 0.164734 0.0
0.155937 0.163971 0.0
0.155299 0.163208 0.0
0.154661 0.162445 0.0
0.154023 0.161682 0.0
0.153385 0.160919 0.0
0.152747 0.160155 0.0
0.152109 0.159392 0.0
0.151471 0.158628 0.0
0.150833 0.157864 0.0
0.150195 0.157100 0.0
0.149557 0.156337 0.0
0.148919 0.155573 0.0
0.148282 0.154809 0.0
0.147644 0.154045 0.0
0.147006 0.153280 0.0
0.146368 0.152516 0.0
0.145730 0.151752 0.0
0.145092 0.150987 0.0
0.144454 0.150223 0.0
0.143816 0.149458 0.0
0.143178 0.148694 0.0
0.142540 0.147929 0.0
0.141902 0.147164 0.0
0.141264 0.146399 0.0
0.140626 0.145634 0.0
0.139987 0.144869 0.0
0.139349 0.144104 0.0
0.138711 0.143339 0.0
0.138073 0.142574 0.0
0.137435 0.141809 0.0
0.136796 0.141043 0.0
0.136158 0.140278 0.0
0.135520 0.139512 0.0
0.134881 0.138747 0.0
0.134243 0.137981 0.0
0.133604 0.137216 0.0
0.132966 0.136450 0.0
0.132327 0.135684 0.0
0.131688 0.134918 0.0
0.131050 0.134152 0.0
0.130411 0.133386 0.0
0.129772 0.132620 0.0
0.129133 0.131854 0.0
0.128494 0.131088 0.0
0.127855 0.130322 0.0
0.127216 0.129556 0.0
0.126577 0.128790 0.0
0.125938 0.128024 0.0
0.125298 0.127257 0.0
0.124659 0.126491 0.0
0.124019 0.125724 0.0
0.123380 0.124958 0.0
0.122740 0.124192 0.0
0.122100 0.123425 0.0
0.121461 0.122659 0.0
0.120821 0.121892 0.0
0.120181 0.121125 0.0
0.119540 0.120359 0.0
0.118900 0.119592 0.0
0.118260 0.118825 0.0
0.117619 0.118059 0.0
0.116979 0.117292 0.0
0.116338 0.116525 0.0
0.115697 0.115758 0.0
0.115056 0.114992 0.0
0.114415 0.114225 0.0
0.113774 0.113458 0.0
0.113132 0.112691 0.0
0.112491 0.111924 0.0
0.111849 0.111157 0.0
0.111208 0.110390 0.0
0.110566 0.109624 0.0
0.109924 0.108857 0.0
0.109281 0.108090 0.0
0.108639 0.107323 0.0
0.107996 0.106556 0.0
0.107354 0.105789 0.0
0.106711 0.105022 0.0
0.106068 0.104255 0.0
0.105424 0.103488 0.0
0.104781 0.102722 0.0
0.104137 0.101955 0.0
0.103494 0.101188 0.0
0.102850 0.100421 0.0
0.102205 0.099654 0.0
0.101561 0.098887 0.0
0.100916 0.098121 0.0
0.100271 0.097354 0.0
0.099626 0.096587 0.0
0.098981 0.095821 0.0
0.098336 0.095054 0.0
0.097690 0.094287 0.0
0.097044 0.093521 0.0
0.096398 0.092754 0.0
0.095751 0.091988 0.0
0.095105 0.091222 0.0
0.094458 0.090455 0.0
0.093810 0.089689 0.0
0.093163 0.088923 0.0
0.092515 0.088156 0.0
0.091867 0.087390 0.0
0.091219 0.086624 0.0
0.090570 0.085858 0.0
0.089921 0.085092 0.0
0.089272 0.084327 0.0
0.088623 0.083561 0.0
0.087973 0.082795 0.0
0.087323 0.082030 0.0
0.086672 0.081264 0.0
0.086021 0.080499 0.0
0.085370 0.079734 0.0
0.084719 0.078968 0.0
0.084067 0.078203 0.0
0.083415 0.077438 0.0
0.082762 0.076674 0.0
0.082109 0.075909 0.0
0.081456 0.075144 0.0
0.080802 0.074380 0.0
0.080148 0.073615 0.0
0.079493 0.072851 0.0
0.078838 0.072087 0.0
0.078183 0.071323 0.0
0.077527 0.070560 0.0
0.076871 0.069796 0.0
0.076214 0.069033 0.0
0.075557 0.068269 0.0
0.074899 0.067506 0.0
0.074241 0.066743 0.0
0.073582 0.065981 0.0
0.072923 0.065218 0.0
0.072264 0.064456 0.0
0.071603 0.063694 0.0
0.070943 0.062932 0.0
0.070281 0.062170 0.0
0.069619 0.061409 0.0
0.068957 0.060648 0.0
0.068294 0.059887 0.0
0.067630 0.059126 0.0
0.066966 0.058366 0.0
0.066301 0.057606 0.0
0.065636 0.056846 0.0
0.064970 0.056086 0.0
0.064303 0.055327 0.0
0.063635 0.054568 0.0
0.062967 0.053809 0.0
0.062298 0.053051 0.0
0.061629 0.052293 0.0
0.060958 0.051535 0.0
0.060287 0.050778 0.0
0.059615 0.050021 0.0
0.058942 0.049264 0.0
0.058269 0.048508 0.0
0.057594 0.047752 0.0
0.056919 0.046997 0.0
0.056243 0.046242 0.0
0.055566 0.045487 0.0
0.054888 0.044733 0.0
0.054209 0.043979 0.0
0.053529 0.043226 0.0
0.052848 0.042474 0.0
0.052165 0.041722 0.0
0.051482 0.040970 0.0
0.050798 0.040219 0.0
0.050113 0.039469 0.0
0.049426 0.038719 0.0
0.048739 0.037970 0.0
0.048050 0.037221 0.0
0.047359 0.036473 0.0
0.046668 0.035726 0.0
0.045975 0.034979 0.0
0.045281 0.034234 0.0
0.044585 0.033489 0.0
0.043888 0.032744 0.0
0.043189 0.032001 0.0
0.042489 0.031258 0.0
0.041787 0.030517 0.0
0.041084 0.029776 0.0
0.040379 0.029036 0.0
0.039672 0.028297 0.0
0.038963 0.027559 0.0
0.038252 0.026823 0.0
0.037539 0.026087 0.0
0.036824 0.025353 0.0
0.036107 0.024619 0.0
0.035388 0.023887 0.0
0.034666 0.023157 0.0
0.033942 0.022428 0.0
0.033216 0.021700 0.0
0.032486 0.020974 0.0
0.031754 0.020249 0.0
0.031020 0.019526 0.0
0.030282 0.018805 0.0
0.029541 0.018086 0.0
0.028796 0.017368 0.0
0.028048 0.016653 0.0
0.027297 0.015940 0.0
0.026541 0.015230 0.0
0.025782 0.014521 0.0
0.025018 0.013816 0.0
0.024249 0.013113 0.0
0.023475 0.012413 0.0
0.022697 0.011717 0.0
0.021912 0.011024 0.0
0.021121 0.010335 0.0
0.020324 0.009650 0.0
0.019520 0.008969 0.0
0.018708 0.008293 0.0
0.017888 0.007622 0.0
0.017059 0.006957 0.0
0.016220 0.006298 0.0
0.015369 0.005647 0.0
0.014506 0.005003 0.0
0.013629 0.004369 0.0
0.012735 0.003745 0.0
0.011823 0.003132 0.0
0.010890 0.002534 0.0
0.009930 0.001953 0.0
0.008938 0.001393 0.0
0.007906 0.000858 0.0
0.006820 0.000359 0.0
0.005660 -0.000091 0.0
0.004383 -0.000464 0.0
0.004245 -0.000495 0.0
0.004106 -0.000525 0.0
0.003964 -0.000553 0.0
0.003820 -0.000579 0.0
0.003672 -0.000604 0.0
0.003522 -0.000626 0.0
0.003367 -0.000646 0.0
0.003209 -0.000663 0.0
0.003047 -0.000677 0.0
0.002879 -0.000688 0.0
0.002705 -0.000695 0.0
0.002525 -0.000697 0.0
0.002336 -0.000694 0.0
0.002137 -0.000685 0.0
0.001925 -0.000666 0.0
0.001697 -0.000637 0.0
0.001445 -0.000592 0.0
0.001156 -0.000523 0.0
0.000795 -0.000406 0.0
0.000000 0.000000 0.0
-0.000682 0.000576 0.0
-0.000930 0.000863 0.0
-0.001106 0.001102 0.0
-0.001246 0.001317 0.0
-0.001361 0.001516 0.0
-0.001460 0.001704 0.0
-0.001546 0.001884 0.0
-0.001622 0.002057 0.0
-0.001689 0.002225 0.0
-0.001750 0.002388 0.0
-0.001805 0.002547 0.0
-0.001855 0.002702 0.0
-0.001900 0.002855 0.0
-0.001941 0.003005 0.0
-0.001979 0.003153 0.0
-0.002013 0.003298 0.0
-0.002045 0.003442 0.0
-0.002074 0.003584 0.0
-0.002100 0.003724 0.0
-0.002124 0.003863 0.0
-0.002272 0.005188 0.0
-0.002302 0.006436 0.0
-0.002256 0.007634 0.0
-0.002156 0.008796 0.0
-0.002016 0.009932 0.0
-0.001842 0.011046 0.0
-0.001643 0.012143 0.0
-0.001421 0.013225 0.0
-0.001179 0.014294 0.0
-0.000921 0.015353 0.0
-0.000648 0.016402 0.0
-0.000362 0.017442 0.0
-0.000064 0.018475 0.0
0.000244 0.019501 0.0
0.000562 0.020520 0.0
0.000889 0.021533 0.0
0.001225 0.022542 0.0
0.001568 0.023545 0.0
0.001918 0.024543 0.0
0.002274 0.025537 0.0
0.002637 0.026528 0.0
0.003006 0.027514 0.0
0.003381 0.028497 0.0
0.003760 0.029476 0.0
0.004145 0.030452 0.0
0.004534 0.031425 0.0
0.004928 0.032395 0.0
0.005326 0.033362 0.0
0.005728 0.034327 0.0
0.006134 0.035289 0.0
0.006544 0.036248 0.0
0.006958 0.037205 0.0
0.007375 0.038160 0.0
0.007795 0.039113 0.0
0.008219 0.040063 0.0
0.008645 0.041012 0.0
0.009075 0.041958 0.0
0.009508 0.042903 0.0
0.009943 0.043846 0.0
0.010381 0.044787 0.0
0.010822 0.045726 0.0
0.011266 0.046663 0.0
0.011712 0.047599 0.0
0.012160 0.048533 0.0
0.012611 0.049466 0.0
0.013064 0.050397 0.0
0.013519 0.051326 0.0
0.013977 0.052254 0.0
0.014436 0.053181 0.0
0.014898 0.054106 0.0
0.015362 0.055030 0.0
0.015828 0.055953 0.0
0.016296 0.056874 0.0
0.016766 0.057794 0.0
0.017237 0.058712 0.0
0.017711 0.059630 0.0
0.018186 0.060546 0.0
0.018664 0.061461 0.0
0.019142 0.062374 0.0
0.019623 0.063287 0.0
0.020105 0.064199 0.0
0.020589 0.065109 0.0
0.021075 0.066018 0.0
0.021562 0.066926 0.0
0.022051 0.067833 0.0
0.022541 0.068739 0.0
0.023033 0.069644 0.0
0.023526 0.070548 0.0
0.024021 0.071451 0.0
0.024517 0.072353 0.0
0.025015 0.073254 0.0
0.025514 0.074154 0.0
0.026014 0.075053 0.0
0.026516 0.075951 0.0
0.027019 0.076848 0.0
0.027524 0.077744 0.0
0.028030 0.078640 0.0
0.028537 0.079534 0.0
0.029045 0.080428 0.0
0.029555 0.081320 0.0
0.030066 0.082212 0.0
0.030578 0.083103 0.0
0.031092 0.083993 0.0
0.031606 0.084882 0.0
0.032122 0.085770 0.0
0.032639 0.086658 0.0
0.033157 0.087544 0.0
0.033677 0.088430 0.0
0.034197 0.089315 0.0
0.034719 0.090199 0.0
0.035242 0.091083 0.0
0.035766 0.091965 0.0
0.036290 0.092847 0.0
0.036817 0.093728 0.0
0.037344 0.094608 0.0
0.037872 0.095488 0.0
0.038401 0.096367 0.0
0.038931 0.097245 0.0
0.039463 0.098122 0.0
0.039995 0.098998 0.0
0.040528 0.099874 0.0
0.041063 0.100749 0.0
0.041598 0.101623 0.0
0.042134 0.102497 0.0
0.042672 0.103370 0.0
0.043210 0.104242 0.0
0.043749 0.105113 0.0
0.044290 0.105984 0.0
0.044831 0.106854 0.0
0.045373 0.107724 0.0
0.045916 0.108592 0.0
0.046460 0.109460 0.0
0.047005 0.110328 0.0
0.047551 0.111194 0.0
0.048098 0.112060 0.0
0.048645 0.112926 0.0
0.049194 0.113790 0.0
0.049743 0.114654 0.0
0.050294 0.115517 0.0
0.050845 0.116380 0.0
0.051397 0.117242 0.0
0.051950 0.118103 0.0
0.052504 0.118964 0.0
0.053058 0.119824 0.0
0.053614 0.120684 0.0
0.054170 0.121542 0.0
0.054727 0.122401 0.0
0.055285 0.123258 0.0
0.055844 0.124115 0.0
0.056404 0.124971 0.0
0.056964 0.125827 0.0
0.057525 0.126682 0.0
0.058087 0.127537 0.0
0.058650 0.128390 0.0
0.059214 0.129244 0.0
0.059778 0.130096 0.0
0.060344 0.130948 0.0
0.060910 0.131800 0.0
0.061476 0.132651 0.0
0.062044 0.133501 0.0
0.062612 0.134350 0.0
0.063181 0.135199 0.0
0.063751 0.136048 0.0
0.064322 0.136896 0.0
0.064893 0.137743 0.0
0.065465 0.138590 0.0
0.066038 0.139436 0.0
0.066612 0.140281 0.0
0.067186 0.141126 0.0
0.067761 0.141971 0.0
0.068337 0.142815 0.0
0.068913 0.143658 0.0
0.069491 0.144501 0.0
0.070068 0.145343 0.0
0.070647 0.146184 0.0
0.071226 0.147025 0.0
0.071807 0.147866 0.0
0.072387 0.148706 0.0
0.072969 0.149545 0.0
0.073551 0.150384 0.0
0.074134 0.151222 0.0
0.074717 0.152059 0.0
0.075302 0.152897 0.0
0.075887 0.153733 0.0
0.076472 0.154569 0.0
0.077059 0.155405 0.0
0.077645 0.156240 0.0
0.078233 0.157074 0.0
0.078821 0.157908 0.0
0.079410 0.158741 0.0
0.080000 0.159574 0.0
0.080590 0.160406 0.0
0.081181 0.161238 0.0
0.081773 0.162069 0.0
0.082365 0.162900 0.0
0.082958 0.163730 0.0
0.083552 0.164559 0.0
0.084146 0.165388 0.0
0.084741 0.166217 0.0
0.085336 0.167045 0.0
0.085932 0.167872 0.0
0.086529 0.168699 0.0
0.087127 0.169526 0.0
0.087725 0.170352 0.0
0.088323 0.171177 0.0
0.088923 0.172002 0.0
0.089522 0.172826 0.0
0.090123 0.173650 0.0
0.090724 0.174474 0.0
0.091326 0.175296 0.0
0.091928 0.176119 0.0
0.092531 0.176941 0.0
0.093135 0.177762 0.0
0.093739 0.178583 0.0
0.094344 0.179403 0.0
0.094949 0.180223 0.0
0.095555 0.181042 0.0
0.096162 0.181861 0.0
0.096769 0.182679 0.0
0.097377 0.183497 0.0
0.097985 0.184314 0.0
0.098594 0.185131 0.0
0.099204 0.185947 0.0
0.099814 0.186763 0.0
0.100425 0.187578 0.0
0.101036 0.188393 0.0
0.101648 0.189207 0.0
0.102260 0.190021 0.0
0.102873 0.190835 0.0
0.103487 0.191647 0.0
0.104101 0.192460 0.0
0.104716 0.193272 0.0
0.105331 0.194083 0.0
0.105947 0.194894 0.0
0.106564 0.195704 0.0
0.107181 0.196514 0.0
0.107798 0.197324 0.0
0.108416 0.198133 0.0
0.109035 0.198941 0.0
0.109654 0.199749 0.0
0.110274 0.200556 0.0
0.110895 0.201364 0.0
0.111516 0.202170 0.0
0.112137 0.202976 0.0
0.112759 0.203782 0.0
0.113382 0.204587 0.0
0.114005 0.205391 0.0
0.114629 0.206196 0.0
0.115253 0.206999 0.0
0.115878 0.207802 0.0
0.116503 0.208605 0.0
0.117129 0.209407 0.0
0.117755 0.210209 0.0
0.118382 0.211011 0.0
0.119009 0.211811 0.0
0.119637 0.212612 0.0
0.120266 0.213412 0.0
0.120895 0.214211 0.0
0.121525 0.215010 0.0
0.122155 0.215809 0.0
0.122785 0.216607 0.0
0.123416 0.217404 0.0
0.124048 0.218201 0.0
0.124680 0.218998 0.0
0.125313 0.219794 0.0
0.125946 0.220590 0.0
0.126580 0.221385 0.0
0.127214 0.222180 0.0
0.127849 0.222974 0.0
0.128484 0.223768 0.0
0.129120 0.224562 0.0
0.129756 0.225355 0.0
0.130393 0.226147 0.0
0.131030 0.226939 0.0
0.131668 0.227731 0.0
0.132307 0.228522 0.0
0.132945 0.229313 0.0
0.133585 0.230103 0.0
0.134225 0.230893 0.0
0.134865 0.231682 0.0
0.135506 0.232471 0.0
0.136147 0.233259 0.0
0.136789 0.234047 0.0
0.137431 0.234835 0.0
0.138074 0.235622 0.0
0.138717 0.236409 0.0
0.139361 0.237195 0.0
0.140005 0.237981 0.0
0.140650 0.238766 0.0
0.141295 0.239551 0.0
0.141941 0.240335 0.0
0.142587 0.241119 0.0
0.143234 0.241902 0.0
0.143881 0.242685 0.0
0.144529 0.243468 0.0
0.145177 0.244250 0.0
0.145826 0.245032 0.0
0.146475 0.245813 0.0
0.147125 0.246594 0.0
0.147775 0.247374 0.0
0.148425 0.248154 0.0
0.149076 0.248934 0.0
0.149728 0.249713 0.0
0.150380 0.250492 0.0
0.151032 0.251270 0.0
0.151685 0.252047 0.0
0.152339 0.252825 0.0
0.152993 0.253602 0.0
0.153647 0.254378 0.0
0.154302 0.255154 0.0
0.154957 0.255930 0.0
0.155613 0.256705 0.0
0.156269 0.257479 0.0
0.156926 0.258254 0.0
0.157583 0.259027 0.0
0.158240 0.259801 0.0
0.158898 0.260574 0.0
0.159557 0.261346 0.0
0.160216 0.262118 0.0
0.160875 0.262890 0.0
0.161535 0.263661 0.0
0.162195 0.264432 0.0
0.162856 0.265202 0.0
0.163518 0.265972 0.0
0.164179 0.266742 0.0
0.164841 0.267511 0.0
0.165504 0.268279 0.0
0.166167 0.269048 0.0
0.166831 0.269815 0.0
0.167494 0.270583 0.0
0.168159 0.271350 0.0
0.168824 0.272116 0.0
0.169489 0.272882 0.0
0.170155 0.273648 0.0
0.170821 0.274413 0.0
0.171488 0.275178 0.0
0.172155 0.275942 0.0
0.172822 0.276706 0.0
0.173490 0.277470 0.0
0.174158 0.278233 0.0
0.174827 0.278995 0.0
0.175496 0.279758 0.0
0.176166 0.280519 0.0
0.176836 0.281281 0.0
0.177507 0.282042 0.0
0.178178 0.282802 0.0
0.178849 0.283562 0.0
0.179521 0.284322 0.0
0.180194 0.285081 0.0
0.180866 0.285840 0.0
0.181539 0.286599 0.0
0.182213 0.287357 0.0
0.182887 0.288114 0.0
0.183562 0.288871 0.0
0.184236 0.289628 0.0
0.184912 0.290385 0.0
0.185587 0.291140 0.0
0.186264 0.291896 0.0
0.186940 0.292651 0.0
0.187617 0.293406 0.0
0.188295 0.294160 0.0
0.188973 0.294914 0.0
0.189651 0.295667 0.0
0.190330 0.296420 0.0
0.191009 0.297173 0.0
0.191688 0.297925 0.0
0.192368 0.298677 0.0
0.193049 0.299428 0.0
0.193729 0.300179 0.0
0.194411 0.300930 0.0
0.195092 0.301680 0.0
0.195774 0.302429 0.0
0.196457 0.303179 0.0
0.197140 0.303928 0.0
0.197823 0.304676 0.0
0.198507 0.305424 0.0
0.199191 0.306172 0.0
0.199875 0.306919 0.0
0.200560 0.307666 0.0
0.201246 0.308412 0.0
0.201931 0.309158 0.0
0.202618 0.309904 0.0
0.203304 0.310649 0.0
0.203991 0.311394 0.0
0.204678 0.312138 0.0
0.205366 0.312882 0.0
0.206054 0.313626 0.0
0.206743 0.314369 0.0
0.207432 0.315111 0.0
0.208122 0.315854 0.0
0.208811 0.316596 0.0
0.209502 0.317337 0.0
0.210192 0.318078 0.0
0.210883 0.318819 0.0
0.211575 0.319559 0.0
0.212266 0.320299 0.0
0.212959 0.321039 0.0
0.213651 0.321778 0.0
0.214344 0.322516 0.0
0.215038 0.323255 0.0
0.215732 0.323992 0.0
0.216426 0.324730 0.0
0.217120 0.325467 0.0
0.217815 0.326204 0.0
0.218511 0.326940 0.0
0.219207 0.327676 0.0
0.219903 0.328411 0.0
0.220599 0.329146 0.0
0.221296 0.329881 0.0
0.221994 0.330615 0.0
0.222692 0.331349 0.0
0.223390 0.332082 0.0
0.224088 0.332815 0.0
0.224787 0.333548 0.0
0.225486 0.334280 0.0
0.226186 0.335012 0.0
0.226886 0.335743 0.0
0.227587 0.336474 0.0
0.228288 0.337205 0.0
0.228989 0.337935 0.0
0.229691 0.338665 0.0
0.230393 0.339395 0.0
0.231095 0.340124 0.0
0.231798 0.340852 0.0
0.232501 0.341580 0.0
0.233205 0.342308 0.0
0.233909 0.343036 0.0
0.234613 0.343763 0.0
0.235318 0.344489 0.0
0.236023 0.345216 0.0
0.236728 0.345942 0.0
0.237434 0.346667 0.0
0.238140 0.347392 0.0
0.238847 0.348117 0.0
0.239554 0.348841 0.0
0.240261 0.349565 0.0
0.240969 0.350288 0.0
0.241677 0.351011 0.0
0.242386 0.351734 0.0
0.243094 0.352456 0.0
0.243804 0.353178 0.0
0.244513 0.353900 0.0
0.245223 0.354621 0.0
0.245934 0.355342 0.0
0.246644 0.356062 0.0
0.247356 0.356782 0.0
0.248067 0.357502 0.0
0.248779 0.358221 0.0
0.249491 0.358939 0.0
0.250204 0.359658 0.0
0.250917 0.360376 0.0
0.251630 0.361093 0.0
0.252344 0.361811 0.0
0.253058 0.362527 0.0
0.253772 0.363244 0.0
0.254487 0.363960 0.0
0.255202 0.364675 0.0
0.255918 0.365391 0.0
0.256634 0.366106 0.0
0.257350 0.366820 0.0
0.258067 0.367534 0.0
0.258784 0.368248 0.0
0.259501 0.368961 0.0
0.260219 0.369674 0.0
0.260937 0.370386 0.0
0.261656 0.371099 0.0
0.262374 0.371810 0.0
0.263094 0.372522 0.0
0.263813 0.373233 0.0
0.264533 0.373943 0.0
0.265254 0.374653 0.0
0.265974 0.375363 0.0
0.266695 0.376073 0.0
0.267417 0.376782 0.0
0.268138 0.377490 0.0
0.268860 0.378199 0.0
0.269583 0.378906 0.0
0.270306 0.379614 0.0
0.271029 0.380321 0.0
0.271752 0.381028 0.0
0.272476 0.381734 0.0
0.273201 0.382440 0.0
0.273925 0.383145 0.0
0.274650 0.383851 0.0
0.275376 0.384555 0.0
0.276101 0.385260 0.0
0.276827 0.385964 0.0
0.277554 0.386667 0.0
0.278280 0.387371 0.0
0.279008 0.388074 0.0
0.279735 0.388776 0.0
0.280463 0.389478 0.0
0.281191 0.390180 0.0
0.281919 0.390881 0.0
0.282648 0.391582 0.0
0.283378 0.392283 0.0
0.284107 0.392983 0.0
0.284837 0.393683 0.0
0.285567 0.394382 0.0
0.286298 0.395081 0.0
0.287029 0.395780 0.0
0.287760 0.396478 0.0
0.288492 0.397176 0.0
0.289224 0.397873 0.0
0.289956 0.398570 0.0
0.290689 0.399267 0.0
0.291422 0.399963 0.0
0.292155 0.400659 0.0
0.292889 0.401355 0.0
0.293623 0.402050 0.0
0.294358 0.402745 0.0
0.295093 0.403439 0.0
0.295828 0.404133 0.0
0.296563 0.404827 0.0
0.297299 0.405520 0.0
0.298035 0.406213 0.0
0.298772 0.406906 0.0
0.299509 0.407598 0.0
0.300246 0.408290 0.0
0.300983 0.408981 0.0
0.301721 0.409672 0.0
0.302460 0.410363 0.0
0.303198 0.411053 0.0
0.303937 0.411743 0.0
0.304676 0.412433 0.0
0.305416 0.413122 0.0
0.306156 0.413810 0.0
0.306896 0.414499 0.0
0.307637 0.415187 0.0
0.308378 0.415874 0.0
0.309119 0.416562 0.0
0.309861 0.417249 0.0
0.310603 0.417935 0.0
0.311345 0.418621 0.0
0.312088 0.419307 0.0
0.312831 0.419992 0.0
0.313574 0.420677 0.0
0.314318 0.421362 0.0
0.315062 0.422046 0.0
0.315806 0.422730 0.0
0.316551 0.423413 0.0
0.317296 0.424096 0.0
0.318041 0.424779 0.0
0.318787 0.425462 0.0
0.319533 0.426143 0.0
0.320280 0.426825 0.0
0.321026 0.427506 0.0
0.321773 0.428187 0.0
0.322521 0.428868 0.0
0.323268 0.429548 0.0
0.324016 0.430227 0.0
0.324765 0.430907 0.0
0.325514 0.431586 0.0
0.326263 0.432264 0.0
0.327012 0.432942 0.0
0.327762 0.433620 0.0
0.328512 0.434298 0.0
0.329262 0.434975 0.0
0.330013 0.435652 0.0
0.330764 0.436328 0.0
0.331515 0.437004 0.0
0.332267 0.437679 0.0
0.333019 0.438355 0.0
0.333771 0.439030 0.0
0.334524 0.439704 0.0
0.335277 0.440378 0.0
0.336030 0.441052 0.0
0.336784 0.441725 0.0
0.337538 0.442398 0.0
0.338292 0.443071 0.0
0.339047 0.443743 0.0
0.339802 0.444415 0.0
0.340557 0.445086 0.0
0.341313 0.445757 0.0
0.342069 0.446428 0.0
0.342825 0.447099 0.0
0.343582 0.447769 0.0
0.344339 0.448438 0.0
0.345096 0.449107 0.0
0.345854 0.449776 0.0
0.346612 0.450445 0.0
0.347370 0.451113 0.0
0.348129 0.451781 0.0
0.348888 0.452448 0.0
0.349647 0.453115 0.0
0.350406 0.453782 0.0
0.351166 0.454448 0.0
0.351927 0.455114 0.0
0.352687 0.455780 0.0
0.353448 0.456445 0.0
0.354209 0.457109 0.0
0.354971 0.457774 0.0
0.355732 0.458438 0.0
0.356495 0.459102 0.0
0.357257 0.459765 0.0
0.358020 0.460428 0.0
0.358783 0.461090 0.0
0.359546 0.461753 0.0
0.360310 0.462414 0.0
0.361074 0.463076 0.0
0.361839 0.463737 0.0
0.362603 0.464398 0.0
0.363368 0.465058 0.0
0.364134 0.465718 0.0
0.364900 0.466378 0.0
0.365666 0.467037 0.0
0.366432 0.467696 0.0
0.367199 0.468354 0.0
0.367966 0.469012 0.0
0.368733 0.469670 0.0
0.369500 0.470328 0.0
0.370268 0.470985 0.0
0.371037 0.471641 0.0
0.371805 0.472297 0.0
0.372574 0.472953 0.0
0.373343 0.473609 0.0
0.374113 0.474264 0.0
0.374883 0.474919 0.0
0.375653 0.475573 0.0
0.376423 0.476227 0.0
0.377194 0.476881 0.0
0.377965 0.477534 0.0
0.378737 0.478187 0.0
0.379508 0.478840 0.0
0.380280 0.479492 0.0
0.381053 0.480144 0.0
0.381825 0.480796 0.0
0.382598 0.481447 0.0
0.383372 0.482097 0.0
0.384145 0.482748 0.0
0.384919 0.483398 0.0
0.385694 0.484048 0.0
0.386468 0.484697 0.0
0.387243 0.485346 0.0
0.388018 0.485994 0.0
0.388794 0.486642 0.0
0.389570 0.487290 0.0
0.390346 0.487938 0.0
0.391122 0.488585 0.0
0.391899 0.489231 0.0
0.392676 0.489878 0.0
0.393453 0.490524 0.0
0.394231 0.491169 0.0
0.395009 0.491815 0.0
0.395787 0.492459 0.0
0.396566 0.493104 0.0
0.397345 0.493748 0.0
0.398124 0.494392 0.0
0.398904 0.495035 0.0
0.399684 0.495678 0.0
0.400464 0.496321 0.0
0.401245 0.496963 0.0
0.402025 0.497605 0.0
0.402807 0.498247 0.0
0.403588 0.498888 0.0
0.404370 0.499529 0.0
0.405152 0.500169 0.0
0.405934 0.500809 0.0
0.406717 0.501449 0.0
0.407500 0.502088 0.0
0.408283 0.502727 0.0
0.409067 0.503366 0.0
0.409851 0.504004 0.0
0.410635 0.504642 0.0
0.411420 0.505280 0.0
0.412205 0.505917 0.0
0.412990 0.506554 0.0
0.413775 0.507190 0.0
0.414561 0.507826 0.0
0.415347 0.508462 0.0
0.416133 0.509097 0.0
0.416920 0.509732 0.0
0.417707 0.510367 0.0
0.418495 0.511001 0.0
0.419282 0.511635 0.0
0.420070 0.512268 0.0
0.420858 0.512901 0.0
0.421647 0.513534 0.0
0.422436 0.514167 0.0
0.423225 0.514799 0.0
0.424014 0.515430 0.0
0.424804 0.516062 0.0
0.425594 0.516693 0.0
0.426385 0.517323 0.0
0.427175 0.517953 0.0
0.427967 0.518583 0.0
0.428758 0.519213 0.0
0.429549 0.519842 0.0
0.430341 0.520470 0.0
0.431134 0.521099 0.0
0.431926 0.521727 0.0
0.432719 0.522354 0.0
0.433512 0.522982 0.0
0.434306 0.523609 0.0
0.435099 0.524235 0.0
0.435894 0.524861 0.0
0.436688 0.525487 0.0
0.437483 0.526113 0.0
0.438278 0.526738 0.0
0.439073 0.527362 0.0
0.439868 0.527987 0.0
0.440664 0.528611 0.0
0.441461 0.529234 0.0
0.442257 0.529858 0.0
0.443054 0.530480 0.0
0.443851 0.531103 0.0
0.444648 0.531725 0.0
0.445446 0.532347 0.0
0.446244 0.532968 0.0
0.447043 0.533589 0.0
0.447841 0.534210 0.0
0.448640 0.534830 0.0
0.449439 0.535450 0.0
0.450239 0.536070 0.0
0.451039 0.536689 0.0
0.451839 0.537308 0.0
0.452639 0.537926 0.0
0.453440 0.538545 0.0
0.454241 0.539162 0.0
0.455043 0.539780 0.0
0.455844 0.540397 0.0
0.456646 0.541013 0.0
0.457448 0.541630 0.0
0.458251 0.542246 0.0
0.459054 0.542861 0.0
0.459857 0.543476 0.0
0.460661 0.544091 0.0
0.461464 0.544706 0.0
0.462268 0.545320 0.0
0.463073 0.545933 0.0
0.463877 0.546547 0.0
0.464682 0.547160 0.0
0.465488 0.547772 0.0
0.466293 0.548385 0.0
0.467099 0.548997 0.0
0.467905 0.549608 0.0
0.468712 0.550219 0.0
0.469519 0.550830 0.0
0.470326 0.551440 0.0
0.471133 0.552050 0.0
0.471941 0.552660 0.0
0.472749 0.553269 0.0
0.473557 0.553878 0.0
0.474366 0.554487 0.0
0.475175 0.555095 0.0
0.475984 0.555703 0.0
0.476793 0.556311 0.0
0.477603 0.556918 0.0
0.478413 0.557524 0.0
0.479224 0.558131 0.0
0.480034 0.558737 0.0
0.480845 0.559343 0.0
0.481656 0.559948 0.0
0.482468 0.560553 0.0
0.483280 0.561157 0.0
0.484092 0.561762 0.0
0.484905 0.562365 0.0
0.485717 0.562969 0.0
0.486531 0.563572 0.0
0.487344 0.564175 0.0
0.488158 0.564777 0.0
0.488972 0.565379 0.0
0.489786 0.565981 0.0
0.490600 0.566582 0.0
0.491415 0.567183 0.0
0.492230 0.567783 0.0
0.493046 0.568383 0.0
0.493862 0.568983 0.0
0.494678 0.569582 0.0
0.495494 0.570182 0.0
0.496311 0.570780 0.0
0.497128 0.571379 0.0
0.497945 0.571976 0.0
0.498763 0.572574 0.0
0.499580 0.573171 0.0
0.500399 0.573768 0.0
0.501217 0.574365 0.0
0.502036 0.574961 0.0
0.502855 0.575556 0.0
0.503674 0.576152 0.0
0.504494 0.576747 0.0
0.505314 0.577341 0.0
0.506134 0.577936 0.0
0.506955 0.578529 0.0
0.507775 0.579123 0.0
0.508597 0.579716 0.0
0.509418 0.580309 0.0
0.510240 0.580901 0.0
0.511062 0.581493 0.0
0.511884 0.582085 0.0
0.512707 0.582676 0.0
0.513530 0.583267 0.0
0.514353 0.583858 0.0
0.515176 0.584448 0.0
0.516000 0.585038 0.0
0.516824 0.585627 0.0
0.517649 0.586216 0.0
0.518473 0.586805 0.0
0.519298 0.587393 0.0
0.520124 0.587981 0.0
0.520949 0.588569 0.0
0.521775 0.589156 0.0
0.522601 0.589743 0.0
0.523428 0.590330 0.0
0.524255 0.590916 0.0
0.525082 0.591501 0.0
0.525909 0.592087 0.0
0.526737 0.592672 0.0
0.527565 0.593256 0.0
0.528393 0.593841 0.0
0.529222 0.594425 0.0
0.530050 0.595008 0.0
0.530880 0.595591 0.0
0.531709 0.596174 0.0
0.532539 0.596757 0.0
0.533369 0.597339 0.0
0.534199 0.597920 0.0
0.535030 0.598502 0.0
0.535861 0.599082 0.0
0.536692 0.599663 0.0
0.537523 0.600243 0.0
0.538355 0.600823 0.0
0.539187 0.601402 0.0
0.540020 0.601982 0.0
0.540852 0.602560 0.0
0.541685 0.603139 0.0
0.542519 0.603716 0.0
0.543352 0.604294 0.0
0.544186 0.604871 0.0
0.545020 0.605448 0.0
0.545855 0.606025 0.0
0.546690 0.606601 0.0
0.547525 0.607176 0.0
0.548360 0.607752 0.0
0.549196 0.608327 0.0
0.550032 0.608901 0.0
0.550868 0.609476 0.0
0.551704 0.610049 0.0
0.552541 0.610623 0.0
0.553378 0.611196 0.0
0.554216 0.611769 0.0
0.555054 0.612341 0.0
0.555892 0.612913 0.0
0.556730 0.613485 0.0
0.557569 0.614056 0.0
0.558407 0.614627 0.0
0.559247 0.615197 0.0
0.560086 0.615767 0.0
0.560926 0.616337 0.0
0.561766 0.616906 0.0
0.562606 0.617475 0.0
0.563447 0.618044 0.0
0.564288 0.618612 0.0
0.565129 0.619180 0.0
0.565971 0.619748 0.0
0.566813 0.620315 0.0
0.567655 0.620881 0.0
0.568497 0.621448 0.0
0.569340 0.622014 0.0
0.570183 0.622579 0.0
0.571027 0.623145 0.0
0.571870 0.623709 0.0
0.572714 0.624274 0.0
0.573558 0.624838 0.0
0.574403 0.625402 0.0
0.575248 0.625965 0.0
0.576093 0.626528 0.0
0.576938 0.627091 0.0
0.577784 0.627653 0.0
0.578630 0.628215 0.0
0.579476 0.628776 0.0
0.580323 0.629337 0.0
0.581170 0.629898 0.0
0.582017 0.630458 0.0
0.582864 0.631018 0.0
0.583712 0.631578 0.0
0.584560 0.632137 0.0
0.585409 0.632696 0.0
0.586257 0.633254 0.0
0.587106 0.633812 0.0
0.587956 0.634370 0.0
0.588805 0.634927 0.0
0.589655 0.635484 0.0
0.590505 0.636040 0.0
0.591356 0.636597 0.0
0.592206 0.637152 0.0
0.593057 0.637708 0.0
0.593909 0.638263 0.0
0.594760 0.638817 0.0
0.595612 0.639372 0.0
0.596464 0.639926 0.0
0.597317 0.640479 0.0
0.598170 0.641032 0.0
0.599023 0.641585 0.0
0.599876 0.642137 0.0
0.600730 0.642689 0.0
0.601584 0.643241 0.0
0.602438 0.643792 0.0
0.603293 0.644343 0.0
0.604148 0.644893 0.0
0.605003 0.645443 0.0
0.605858 0.645993 0.0
0.606714 0.646542 0.0
0.607570 0.647091 0.0
0.608426 0.647640 0.0
0.609283 0.648188 0.0
0.610140 0.648736 0.0
0.610997 0.649283 0.0
0.611855 0.649830 0.0
0.612713 0.650377 0.0
0.613571 0.650923 0.0
0.614429 0.651469 0.0
0.615288 0.652014 0.0
0.616147 0.652559 0.0
0.617006 0.653104 0.0
0.617866 0.653648 0.0
0.618726 0.654192 0.0
0.619586 0.654735 0.0
0.620446 0.655279 0.0
0.621307 0.655821 0.0
0.622168 0.656364 0.0
0.623030 0.656906 0.0
0.623891 0.657447 0.0
0.624753 0.657989 0.0
0.625615 0.658529 0.0
0.626478 0.659070 0.0
0.627341 0.659610 0.0
0.628204 0.660150 0.0
0.629068 0.660689 0.0
0.629931 0.661228 0.0
0.630795 0.661766 0.0
0.631660 0.662304 0.0
0.632524 0.662842 0.0
0.633389 0.663379 0.0
0.634254 0.663916 0.0
0.635120 0.664453 0.0
0.635986 0.664989 0.0
0.636852 0.665525 0.0
0.637718 0.666060 0.0
0.638585 0.666595 0.0
0.639452 0.667130 0.0
0.640319 0.667664 0.0
0.641187 0.668198 0.0
0.642055 0.668731 0.0
0.642923 0.669264 0.0
0.643792 0.669797 0.0
0.644660 0.670329 0.0
0.645530 0.670861 0.0
0.646399 0.671393 0.0
0.647269 0.671924 0.0
0.648139 0.672454 0.0
0.649009 0.672985 0.0
0.649879 0.673515 0.0
0.650750 0.674044 0.0
0.651621 0.674573 0.0
0.652493 0.675102 0.0
0.653365 0.675630 0.0
0.654237 0.676158 0.0
0.655109 0.676686 0.0
0.655982 0.677213 0.0
0.656855 0.677740 0.0
0.657728 0.678266 0.0
0.658602 0.678792 0.0
0.659475 0.679318 0.0
0.660350 0.679843 0.0
0.661224 0.680368 0.0
0.662099 0.680892 0.0
0.662974 0.681416 0.0
0.663849 0.681940 0.0
0.664725 0.682463 0.0
0.665601 0.682986 0.0
0.666477 0.683508 0.0
0.667353 0.684030 0.0
0.668230 0.684552 0.0
0.669107 0.685073 0.0
0.669985 0.685594 0.0
0.670863 0.686114 0.0
0.671741 0.686634 0.0
0.672619 0.687154 0.0
0.673498 0.687673 0.0
0.674376 0.688192 0.0
0.675256 0.688711 0.0
0.676135 0.689229 0.0
0.677015 0.689746 0.0
0.677895 0.690264 0.0
0.678776 0.690780 0.0
0.679656 0.691297 0.0
0.680537 0.691813 0.0
0.681419 0.692329 0.0
0.682300 0.692844 0.0
0.683182 0.693359 0.0
0.684064 0.693873 0.0
0.684947 0.694387 0.0
0.685830 0.694901 0.0
0.686713 0.695414 0.0
0.687596 0.695927 0.0
0.688480 0.696439 0.0
0.689364 0.696951 0.0
0.690248 0.697463 0.0
0.691133 0.697974 0.0
0.692018 0.698485 0.0
0.692903 0.698995 0.0
0.693788 0.699505 0.0
0.694674 0.700015 0.0
0.695560 0.700524 0.0
0.696447 0.701033 0.0
0.697333 0.701541 0.0
0.698220 0.702049 0.0
0.699108 0.702557 0.0
0.699995 0.703064 0.0
0.700883 0.703571 0.0
0.701771 0.704077 0.0
0.702660 0.704583 0.0
0.703549 0.705089 0.0
0.704438 0.705594 0.0
0.705327 0.706099 0.0
0.706217 0.706603 0.0
0.707107 0.707107 0.0
