# eta f fd fdd g gd y p T rho u
0.000000 0.000000 0.000000 0.445474 1.000000 1.063218 0.000000 1013.000000 300.000000 0.011761 0.000000
0.010020 0.000022 0.004469 0.446560 1.010621 1.056729 0.000005 1013.000000 303.186312 0.011638 6.212067
0.020040 0.000090 0.008949 0.447640 1.021177 1.050159 0.000010 1013.000000 306.352997 0.011517 12.439222
0.030060 0.000202 0.013440 0.448714 1.031666 1.043508 0.000015 1013.000000 309.499812 0.011400 18.681376
0.040080 0.000359 0.017941 0.449781 1.042088 1.036777 0.000019 1013.000000 312.626514 0.011286 24.938436
0.050100 0.000561 0.022453 0.450840 1.052443 1.029963 0.000024 1013.000000 315.732856 0.011175 31.210302
0.060120 0.000809 0.026976 0.451892 1.062729 1.023067 0.000029 1013.000000 318.818594 0.011067 37.496871
0.070140 0.001102 0.031509 0.452935 1.072945 1.016089 0.000035 1013.000000 321.883480 0.010962 43.798031
0.080160 0.001440 0.036053 0.453970 1.083091 1.009029 0.000040 1013.000000 324.927265 0.010859 50.113668
0.090180 0.001825 0.040607 0.454997 1.093166 1.001886 0.000045 1013.000000 327.949703 0.010759 56.443659
0.100200 0.002254 0.045171 0.456013 1.103168 0.994660 0.000050 1013.000000 330.950543 0.010661 62.787878
0.110220 0.002730 0.049745 0.457021 1.113098 0.987351 0.000055 1013.000000 333.929538 0.010566 69.146193
0.120240 0.003251 0.054330 0.458018 1.122955 0.979959 0.000061 1013.000000 336.886436 0.010474 75.518467
0.130261 0.003819 0.058924 0.459004 1.132737 0.972484 0.000066 1013.000000 339.820990 0.010383 81.904556
0.140281 0.004432 0.063528 0.459980 1.142443 0.964926 0.000072 1013.000000 342.732950 0.010295 88.304313
0.150301 0.005092 0.068142 0.460945 1.152074 0.957286 0.000077 1013.000000 345.622067 0.010209 94.717585
0.160321 0.005798 0.072766 0.461898 1.161627 0.949563 0.000082 1013.000000 348.488092 0.010125 101.144212
0.170341 0.006550 0.077399 0.462839 1.171103 0.941757 0.000088 1013.000000 351.330778 0.010043 107.584031
0.180361 0.007349 0.082041 0.463768 1.180500 0.933870 0.000094 1013.000000 354.149877 0.009963 114.036873
0.190381 0.008194 0.086692 0.464684 1.189817 0.925900 0.000099 1013.000000 356.945143 0.009885 120.502563
0.200401 0.009086 0.091353 0.465587 1.199054 0.917849 0.000105 1013.000000 359.716330 0.009809 126.980922
0.210421 0.010025 0.096023 0.466477 1.208211 0.909717 0.000111 1013.000000 362.463193 0.009734 133.471765
0.220441 0.011010 0.100701 0.467353 1.217285 0.901504 0.000116 1013.000000 365.185489 0.009662 139.974902
0.230461 0.012043 0.105389 0.468214 1.226277 0.893211 0.000122 1013.000000 367.882977 0.009591 146.490138
0.240481 0.013122 0.110084 0.469061 1.235185 0.884838 0.000128 1013.000000 370.555414 0.009522 153.017273
0.250501 0.014249 0.114789 0.469893 1.244009 0.876385 0.000134 1013.000000 373.202563 0.009454 159.556100
0.260521 0.015423 0.119501 0.470710 1.252747 0.867854 0.000140 1013.000000 375.824185 0.009388 166.106410
0.270541 0.016644 0.124222 0.471511 1.261400 0.859245 0.000146 1013.000000 378.420045 0.009324 172.667987
0.280561 0.017912 0.128950 0.472296 1.269966 0.850559 0.000152 1013.000000 380.989911 0.009261 179.240609
0.290581 0.019228 0.133686 0.473065 1.278445 0.841796 0.000158 1013.000000 383.533549 0.009200 185.824051
0.300601 0.020591 0.138430 0.473816 1.286836 0.832957 0.000164 1013.000000 386.050730 0.009140 192.418081
0.310621 0.022002 0.143182 0.474551 1.295137 0.824042 0.000170 1013.000000 388.541229 0.009081 199.022464
0.320641 0.023461 0.147940 0.475268 1.303349 0.815054 0.000177 1013.000000 391.004819 0.009024 205.636957
0.330661 0.024967 0.152706 0.475967 1.311471 0.805992 0.000183 1013.000000 393.441279 0.008968 212.261314
0.340681 0.026521 0.157479 0.476648 1.319501 0.796858 0.000189 1013.000000 395.850390 0.008913 218.895284
0.350701 0.028123 0.162258 0.477311 1.327440 0.787652 0.000195 1013.000000 398.231935 0.008860 225.538609
0.360721 0.029773 0.167044 0.477954 1.335286 0.778375 0.000202 1013.000000 400.585700 0.008808 232.191030
0.370741 0.031471 0.171836 0.478578 1.343038 0.769029 0.000208 1013.000000 402.911476 0.008757 238.852278
0.380762 0.033216 0.176635 0.479183 1.350697 0.759615 0.000214 1013.000000 405.209055 0.008708 245.522082
0.390782 0.035010 0.181439 0.479767 1.358261 0.750133 0.000221 1013.000000 407.478233 0.008659 252.200165
0.400802 0.036852 0.186249 0.480331 1.365729 0.740586 0.000227 1013.000000 409.718809 0.008612 258.886246
0.410822 0.038743 0.191065 0.480875 1.373102 0.730973 0.000234 1013.000000 411.930587 0.008565 265.580039
0.420842 0.040681 0.195886 0.481397 1.380378 0.721297 0.000240 1013.000000 414.113373 0.008520 272.281251
0.430862 0.042668 0.200712 0.481897 1.387557 0.711558 0.000247 1013.000000 416.266979 0.008476 278.989587
0.440882 0.044704 0.205543 0.482376 1.394637 0.701759 0.000254 1013.000000 418.391218 0.008433 285.704745
0.450902 0.046788 0.210379 0.482833 1.401620 0.691899 0.000260 1013.000000 420.485909 0.008391 292.426420
0.460922 0.048920 0.215219 0.483267 1.408503 0.681982 0.000267 1013.000000 422.550875 0.008350 299.154300
0.470942 0.051101 0.220063 0.483679 1.415286 0.672008 0.000274 1013.000000 424.585944 0.008310 305.888070
0.480962 0.053330 0.224912 0.484067 1.421970 0.661978 0.000281 1013.000000 426.590946 0.008271 312.627410
0.490982 0.055608 0.229764 0.484432 1.428552 0.651895 0.000287 1013.000000 428.565718 0.008233 319.371996
0.501002 0.057934 0.234620 0.484773 1.435034 0.641759 0.000294 1013.000000 430.510100 0.008196 326.121497
0.511022 0.060310 0.239479 0.485090 1.441413 0.631573 0.000301 1013.000000 432.423938 0.008160 332.875579
0.521042 0.062734 0.244341 0.485382 1.447690 0.621338 0.000308 1013.000000 434.307082 0.008124 339.633905
0.531062 0.065206 0.249206 0.485650 1.453865 0.611055 0.000315 1013.000000 436.159388 0.008090 346.396130
0.541082 0.067728 0.254073 0.485892 1.459936 0.600727 0.000322 1013.000000 437.980716 0.008056 353.161908
0.551102 0.070298 0.258943 0.486109 1.465903 0.590356 0.000329 1013.000000 439.770932 0.008023 359.930887
0.561122 0.072917 0.263815 0.486301 1.471766 0.579942 0.000336 1013.000000 441.529906 0.007991 366.702711
0.571142 0.075585 0.268689 0.486466 1.477525 0.569488 0.000343 1013.000000 443.257516 0.007960 373.477018
0.581162 0.078301 0.273564 0.486605 1.483179 0.558995 0.000350 1013.000000 444.953642 0.007930 380.253446
0.591182 0.081067 0.278440 0.486717 1.488727 0.548467 0.000357 1013.000000 446.618173 0.007900 387.031625
0.601202 0.083881 0.283317 0.486803 1.494170 0.537903 0.000364 1013.000000 448.251002 0.007871 393.811182
0.611222 0.086745 0.288195 0.486861 1.499507 0.527307 0.000371 1013.000000 449.852028 0.007843 400.591742
0.621242 0.089657 0.293074 0.486892 1.504737 0.516681 0.000378 1013.000000 451.421157 0.007816 407.372923
0.631263 0.092618 0.297953 0.486895 1.509861 0.506026 0.000385 1013.000000 452.958298 0.007790 414.154341
0.641283 0.095628 0.302831 0.486870 1.514878 0.495344 0.000393 1013.000000 454.463370 0.007764 420.935608
0.651303 0.098687 0.307710 0.486817 1.519788 0.484638 0.000400 1013.000000 455.936295 0.007739 427.716334
0.661323 0.101794 0.312587 0.486736 1.524590 0.473910 0.000407 1013.000000 457.377004 0.007714 434.496121
0.671343 0.104951 0.317464 0.486625 1.529285 0.463161 0.000414 1013.000000 458.785433 0.007691 441.274573
0.681363 0.108156 0.322339 0.486486 1.533872 0.452395 0.000422 1013.000000 460.161524 0.007668 448.051286
0.691383 0.111411 0.327213 0.486318 1.538351 0.441612 0.000429 1013.000000 461.505225 0.007645 454.825856
0.701403 0.114714 0.332085 0.486120 1.542722 0.430816 0.000436 1013.000000 462.816494 0.007624 461.597874
0.711423 0.118066 0.336955 0.485892 1.546984 0.420009 0.000444 1013.000000 464.095291 0.007603 468.366929
0.721443 0.121466 0.341822 0.485635 1.551139 0.409192 0.000451 1013.000000 465.341586 0.007582 475.132606
0.731463 0.124916 0.346687 0.485347 1.555185 0.398368 0.000458 1013.000000 466.555355 0.007563 481.894488
0.741483 0.128414 0.351548 0.485029 1.559122 0.387540 0.000466 1013.000000 467.736581 0.007544 488.652155
0.751503 0.131961 0.356407 0.484681 1.562951 0.376709 0.000473 1013.000000 468.885253 0.007525 495.405184
0.761523 0.135556 0.361261 0.484302 1.566671 0.365879 0.000481 1013.000000 470.001367 0.007507 502.153149
0.771543 0.139201 0.366112 0.483893 1.570283 0.355051 0.000488 1013.000000 471.084928 0.007490 508.895624
0.781563 0.142893 0.370958 0.483452 1.573786 0.344227 0.000496 1013.000000 472.135945 0.007473 515.632179
0.791583 0.146635 0.375800 0.482980 1.577181 0.333411 0.000503 1013.000000 473.154437 0.007457 522.362380
0.801603 0.150424 0.380637 0.482477 1.580468 0.322604 0.000511 1013.000000 474.140429 0.007442 529.085795
0.811623 0.154263 0.385469 0.481943 1.583647 0.311809 0.000518 1013.000000 475.093953 0.007427 535.801987
0.821643 0.158149 0.390295 0.481377 1.586717 0.301029 0.000526 1013.000000 476.015048 0.007412 542.510517
0.831663 0.162084 0.395116 0.480780 1.589679 0.290265 0.000533 1013.000000 476.903760 0.007399 549.210948
0.841683 0.166067 0.399930 0.480151 1.592534 0.279520 0.000541 1013.000000 477.760144 0.007385 555.902837
0.851703 0.170099 0.404738 0.479490 1.595281 0.268796 0.000549 1013.000000 478.584261 0.007373 562.585743
0.861723 0.174178 0.409539 0.478797 1.597921 0.258097 0.000556 1013.000000 479.376178 0.007360 569.259221
0.871743 0.178306 0.414333 0.478072 1.600453 0.247424 0.000564 1013.000000 480.135973 0.007349 575.922828
0.881764 0.182481 0.419120 0.477315 1.602879 0.236780 0.000571 1013.000000 480.863727 0.007338 582.576116
0.891784 0.186705 0.423898 0.476527 1.605198 0.226167 0.000579 1013.000000 481.559530 0.007327 589.218640
0.901804 0.190976 0.428669 0.475705 1.607412 0.215588 0.000587 1013.000000 482.223482 0.007317 595.849952
0.911824 0.195296 0.433431 0.474852 1.609519 0.205045 0.000594 1013.000000 482.855686 0.007307 602.469605
0.921844 0.199662 0.438185 0.473967 1.611521 0.194540 0.000602 1013.000000 483.456254 0.007298 609.077150
0.931864 0.204077 0.442930 0.473049 1.613418 0.184076 0.000610 1013.000000 484.025307 0.007290 615.672139
0.941884 0.208539 0.447665 0.472099 1.615210 0.173656 0.000617 1013.000000 484.562970 0.007282 622.254123
0.951904 0.213048 0.452390 0.471117 1.616898 0.163282 0.000625 1013.000000 485.069377 0.007274 628.822655
0.961924 0.217605 0.457106 0.470103 1.618482 0.152955 0.000633 1013.000000 485.544671 0.007267 635.377284
0.971944 0.222208 0.461811 0.469057 1.619963 0.142679 0.000641 1013.000000 485.988998 0.007260 641.917565
0.981964 0.226859 0.466506 0.467978 1.621342 0.132456 0.000648 1013.000000 486.402514 0.007254 648.443048
0.991984 0.231557 0.471189 0.466868 1.622618 0.122288 0.000656 1013.000000 486.785381 0.007248 654.953288
1.002004 0.236302 0.475862 0.465725 1.623793 0.112177 0.000664 1013.000000 487.137769 0.007243 661.447838
1.012024 0.241093 0.480522 0.464551 1.624866 0.102127 0.000671 1013.000000 487.459854 0.007238 667.926254
1.022044 0.245932 0.485171 0.463345 1.625839 0.092138 0.000679 1013.000000 487.751818 0.007234 674.388091
1.032064 0.250816 0.489808 0.462107 1.626713 0.082214 0.000687 1013.000000 488.013853 0.007230 680.832907
1.042084 0.255747 0.494432 0.460837 1.627487 0.072356 0.000695 1013.000000 488.246155 0.007227 687.260261
1.052104 0.260725 0.499043 0.459536 1.628163 0.062567 0.000702 1013.000000 488.448926 0.007224 693.669713
1.062124 0.265748 0.503641 0.458204 1.628741 0.052849 0.000710 1013.000000 488.622378 0.007221 700.060825
1.072144 0.270818 0.508225 0.456840 1.629222 0.043203 0.000718 1013.000000 488.766726 0.007219 706.433162
1.082164 0.275933 0.512796 0.455445 1.629607 0.033634 0.000726 1013.000000 488.882194 0.007217 712.786289
1.092184 0.281094 0.517352 0.454020 1.629897 0.024141 0.000733 1013.000000 488.969010 0.007216 719.119775
1.102204 0.286301 0.521894 0.452563 1.630091 0.014728 0.000741 1013.000000 489.027411 0.007215 725.433191
1.112224 0.291553 0.526422 0.451076 1.630192 0.005396 0.000749 1013.000000 489.057637 0.007215 731.726109
1.122244 0.296850 0.530934 0.449559 1.630200 -0.003852 0.000757 1013.000000 489.059937 0.007215 737.998105
1.132265 0.302193 0.535431 0.448012 1.630115 -0.013015 0.000765 1013.000000 489.034565 0.007215 744.248759
1.142285 0.307580 0.539912 0.446434 1.629939 -0.022091 0.000772 1013.000000 488.981779 0.007216 750.477651
1.152305 0.313013 0.544377 0.444827 1.629673 -0.031077 0.000780 1013.000000 488.901845 0.007217 756.684367
1.162325 0.318490 0.548826 0.443191 1.629317 -0.039973 0.000788 1013.000000 488.795034 0.007219 762.868495
1.172345 0.324011 0.553259 0.441525 1.628872 -0.048775 0.000796 1013.000000 488.661622 0.007221 769.029625
1.182365 0.329577 0.557674 0.439830 1.628340 -0.057483 0.000803 1013.000000 488.501891 0.007223 775.167353
1.192385 0.335187 0.562073 0.438107 1.627720 -0.066095 0.000811 1013.000000 488.316127 0.007226 781.281278
1.202405 0.340841 0.566454 0.436355 1.627015 -0.074609 0.000819 1013.000000 488.104622 0.007229 787.371001
1.212425 0.346539 0.570817 0.434575 1.626226 -0.083024 0.000827 1013.000000 487.867674 0.007232 793.436130
1.222445 0.352280 0.575163 0.432768 1.625352 -0.091337 0.000834 1013.000000 487.605583 0.007236 799.476275
1.232465 0.358065 0.579490 0.430932 1.624396 -0.099547 0.000842 1013.000000 487.318657 0.007240 805.491050
1.242485 0.363893 0.583799 0.429070 1.623357 -0.107654 0.000850 1013.000000 487.007207 0.007245 811.480076
1.252505 0.369764 0.588088 0.427181 1.622238 -0.115654 0.000858 1013.000000 486.671547 0.007250 817.442975
1.262525 0.375678 0.592359 0.425265 1.621040 -0.123548 0.000865 1013.000000 486.311997 0.007255 823.379376
1.272545 0.381635 0.596611 0.423323 1.619763 -0.131334 0.000873 1013.000000 485.928881 0.007261 829.288912
1.282565 0.387634 0.600843 0.421355 1.618408 -0.139009 0.000881 1013.000000 485.522526 0.007267 835.171220
1.292585 0.393676 0.605055 0.419362 1.616978 -0.146574 0.000888 1013.000000 485.093265 0.007274 841.025945
1.302605 0.399760 0.609247 0.417344 1.615471 -0.154027 0.000896 1013.000000 484.641431 0.007280 846.852734
1.312625 0.405885 0.613418 0.415301 1.613891 -0.161367 0.000904 1013.000000 484.167364 0.007288 852.651240
1.322645 0.412052 0.617569 0.413234 1.612238 -0.168592 0.000911 1013.000000 483.671405 0.007295 858.421123
1.332665 0.418261 0.621699 0.411142 1.610513 -0.175702 0.000919 1013.000000 483.153900 0.007303 864.162045
1.342685 0.424511 0.625808 0.409028 1.608717 -0.182696 0.000927 1013.000000 482.615196 0.007311 869.873678
1.352705 0.430802 0.629896 0.406890 1.606852 -0.189573 0.000934 1013.000000 482.055644 0.007319 875.555696
1.362725 0.437134 0.633962 0.404729 1.604919 -0.196331 0.000942 1013.000000 481.475599 0.007328 881.207781
1.372745 0.443507 0.638007 0.402547 1.602918 -0.202971 0.000950 1013.000000 480.875415 0.007337 886.829619
1.382766 0.449920 0.642029 0.400342 1.600852 -0.209491 0.000957 1013.000000 480.255451 0.007347 892.420904
1.392786 0.456373 0.646030 0.398116 1.598720 -0.215891 0.000965 1013.000000 479.616068 0.007357 897.981335
1.402806 0.462866 0.650008 0.395869 1.596525 -0.222170 0.000973 1013.000000 478.957629 0.007367 903.510616
1.412826 0.469399 0.653963 0.393602 1.594268 -0.228328 0.000980 1013.000000 478.280498 0.007377 909.008461
1.422846 0.475972 0.657895 0.391315 1.591950 -0.234363 0.000988 1013.000000 477.585041 0.007388 914.474585
1.432866 0.482584 0.661805 0.389008 1.589572 -0.240276 0.000995 1013.000000 476.871625 0.007399 919.908714
1.442886 0.489234 0.665691 0.386681 1.587135 -0.246066 0.001003 1013.000000 476.140620 0.007410 925.310577
1.452906 0.495924 0.669554 0.384337 1.584641 -0.251732 0.001010 1013.000000 475.392397 0.007422 930.679913
1.462926 0.502652 0.673393 0.381974 1.582091 -0.257275 0.001018 1013.000000 474.627325 0.007434 936.016464
1.472946 0.509419 0.677209 0.379593 1.579486 -0.262694 0.001026 1013.000000 473.845778 0.007446 941.319981
1.482966 0.516223 0.681000 0.377195 1.576827 -0.267989 0.001033 1013.000000 473.048128 0.007459 946.590221
1.492986 0.523066 0.684768 0.374781 1.574116 -0.273159 0.001041 1013.000000 472.234748 0.007472 951.826949
1.503006 0.529946 0.688511 0.372350 1.571353 -0.278205 0.001048 1013.000000 471.406013 0.007485 957.029933
1.513026 0.536864 0.692229 0.369904 1.568541 -0.283127 0.001056 1013.000000 470.562296 0.007498 962.198953
1.523046 0.543818 0.695924 0.367442 1.565680 -0.287924 0.001063 1013.000000 469.703970 0.007512 967.333793
1.533066 0.550810 0.699593 0.364966 1.562771 -0.292598 0.001070 1013.000000 468.831411 0.007526 972.434243
1.543086 0.557838 0.703237 0.362475 1.559817 -0.297146 0.001078 1013.000000 467.944992 0.007540 977.500103
1.553106 0.564903 0.706857 0.359971 1.556817 -0.301571 0.001085 1013.000000 467.045085 0.007555 982.531177
1.563126 0.572004 0.710451 0.357453 1.553774 -0.305872 0.001093 1013.000000 466.132064 0.007570 987.527278
1.573146 0.579140 0.714020 0.354923 1.550688 -0.310049 0.001100 1013.000000 465.206301 0.007585 992.488225
1.583166 0.586312 0.717564 0.352380 1.547561 -0.314103 0.001107 1013.000000 464.268166 0.007600 997.413846
1.593186 0.593520 0.721082 0.349826 1.544393 -0.318034 0.001115 1013.000000 463.318030 0.007615 1002.303973
1.603206 0.600763 0.724574 0.347261 1.541188 -0.321842 0.001122 1013.000000 462.356262 0.007631 1007.158448
1.613226 0.608041 0.728041 0.344685 1.537944 -0.325529 0.001130 1013.000000 461.383229 0.007647 1011.977118
1.623246 0.615353 0.731482 0.342099 1.534664 -0.329093 0.001137 1013.000000 460.399298 0.007664 1016.759839
1.633267 0.622699 0.734897 0.339503 1.531349 -0.332537 0.001144 1013.000000 459.404834 0.007680 1021.506472
1.643287 0.630080 0.738286 0.336898 1.528001 -0.335860 0.001151 1013.000000 458.400199 0.007697 1026.216888
1.653307 0.637495 0.741648 0.334284 1.524619 -0.339064 0.001159 1013.000000 457.385754 0.007714 1030.890962
1.663327 0.644943 0.744985 0.331663 1.521206 -0.342148 0.001166 1013.000000 456.361860 0.007732 1035.528579
1.673347 0.652424 0.748295 0.329034 1.517763 -0.345113 0.001173 1013.000000 455.328873 0.007749 1040.129628
1.683367 0.659939 0.751578 0.326397 1.514290 -0.347961 0.001180 1013.000000 454.287148 0.007767 1044.694008
1.693387 0.667486 0.754836 0.323754 1.510790 -0.350693 0.001188 1013.000000 453.237038 0.007785 1049.221624
1.703407 0.675065 0.758066 0.321105 1.507263 -0.353308 0.001195 1013.000000 452.178892 0.007803 1053.712388
1.713427 0.682677 0.761271 0.318451 1.503710 -0.355807 0.001202 1013.000000 451.113060 0.007822 1058.166219
1.723447 0.690321 0.764448 0.315791 1.500133 -0.358193 0.001209 1013.000000 450.039885 0.007840 1062.583043
1.733467 0.697997 0.767599 0.313127 1.496532 -0.360465 0.001216 1013.000000 448.959710 0.007859 1066.962793
1.743487 0.705704 0.770723 0.310459 1.492910 -0.362624 0.001223 1013.000000 447.872874 0.007878 1071.305409
1.753507 0.713442 0.773821 0.307787 1.489266 -0.364673 0.001230 1013.000000 446.779715 0.007897 1075.610838
1.763527 0.721211 0.776891 0.305113 1.485602 -0.366611 0.001238 1013.000000 445.680564 0.007917 1079.879035
1.773547 0.729011 0.779935 0.302435 1.481919 -0.368439 0.001245 1013.000000 444.575753 0.007937 1084.109958
1.783567 0.736841 0.782952 0.299756 1.478219 -0.370159 0.001252 1013.000000 443.465607 0.007956 1088.303577
1.793587 0.744701 0.785942 0.297075 1.474502 -0.371773 0.001259 1013.000000 442.350452 0.007976 1092.459866
1.803607 0.752591 0.788906 0.294393 1.470769 -0.373280 0.001266 1013.000000 441.230607 0.007997 1096.578804
1.813627 0.760511 0.791842 0.291710 1.467021 -0.374683 0.001273 1013.000000 440.106389 0.008017 1100.660381
1.823647 0.768460 0.794752 0.289027 1.463260 -0.375982 0.001280 1013.000000 438.978110 0.008038 1104.704589
1.833667 0.776438 0.797634 0.286344 1.459487 -0.377178 0.001287 1013.000000 437.846081 0.008059 1108.711431
1.843687 0.784444 0.800490 0.283662 1.455702 -0.378274 0.001294 1013.000000 436.710607 0.008079 1112.680912
1.853707 0.792480 0.803319 0.280981 1.451907 -0.379270 0.001301 1013.000000 435.571990 0.008101 1116.613047
1.863727 0.800543 0.806121 0.278302 1.448102 -0.380167 0.001307 1013.000000 434.430527 0.008122 1120.507855
1.873747 0.808634 0.808896 0.275625 1.444288 -0.380967 0.001314 1013.000000 433.286514 0.008143 1124.365364
1.883768 0.816753 0.811644 0.272951 1.440467 -0.381671 0.001321 1013.000000 432.140241 0.008165 1128.185605
1.893788 0.824900 0.814366 0.270279 1.436640 -0.382281 0.001328 1013.000000 430.991993 0.008187 1131.968616
1.903808 0.833073 0.817061 0.267611 1.432807 -0.382797 0.001335 1013.000000 429.842053 0.008209 1135.714443
1.913828 0.841273 0.819729 0.264947 1.428969 -0.383222 0.001342 1013.000000 428.690698 0.008231 1139.423137
1.923848 0.849500 0.822370 0.262287 1.425127 -0.383556 0.001348 1013.000000 427.538203 0.008253 1143.094753
1.933868 0.857754 0.824985 0.259632 1.421283 -0.383802 0.001355 1013.000000 426.384836 0.008275 1146.729355
1.943888 0.866033 0.827573 0.256982 1.417436 -0.383960 0.001362 1013.000000 425.230864 0.008298 1150.327011
1.953908 0.874338 0.830135 0.254337 1.413588 -0.384031 0.001369 1013.000000 424.076547 0.008320 1153.887794
1.963928 0.882669 0.832670 0.251699 1.409740 -0.384018 0.001375 1013.000000 422.922143 0.008343 1157.411784
1.973948 0.891025 0.835179 0.249066 1.405893 -0.383922 0.001382 1013.000000 421.767902 0.008366 1160.899066
1.983968 0.899406 0.837662 0.246441 1.402047 -0.383744 0.001389 1013.000000 420.614075 0.008389 1164.349731
1.993988 0.907812 0.840118 0.243822 1.398203 -0.383486 0.001396 1013.000000 419.460903 0.008412 1167.763875
2.004008 0.916242 0.842548 0.241211 1.394362 -0.383149 0.001402 1013.000000 418.308627 0.008435 1171.141599
2.014028 0.924696 0.844952 0.238607 1.390525 -0.382734 0.001409 1013.000000 417.157480 0.008458 1174.483009
2.024048 0.933175 0.847330 0.236012 1.386692 -0.382244 0.001415 1013.000000 416.007694 0.008482 1177.788216
2.034068 0.941677 0.849682 0.233426 1.382865 -0.381679 0.001422 1013.000000 414.859495 0.008505 1181.057337
2.044088 0.950202 0.852008 0.230848 1.379044 -0.381042 0.001429 1013.000000 413.713103 0.008529 1184.290493
2.054108 0.958751 0.854308 0.228279 1.375229 -0.380332 0.001435 1013.000000 412.568735 0.008552 1187.487811
2.064128 0.967323 0.856582 0.225720 1.371422 -0.379553 0.001442 1013.000000 411.426605 0.008576 1190.649422
2.074148 0.975917 0.858831 0.223171 1.367623 -0.378706 0.001448 1013.000000 410.286920 0.008600 1193.775460
2.084168 0.984534 0.861055 0.220633 1.363833 -0.377791 0.001455 1013.000000 409.149884 0.008624 1196.866066
2.094188 0.993172 0.863253 0.218104 1.360052 -0.376811 0.001461 1013.000000 408.015695 0.008648 1199.921385
2.104208 1.001833 0.865426 0.215587 1.356282 -0.375767 0.001468 1013.000000 406.884549 0.008672 1202.941566
2.114228 1.010516 0.867573 0.213080 1.352522 -0.374661 0.001474 1013.000000 405.756635 0.008696 1205.926761
2.124248 1.019219 0.869696 0.210586 1.348774 -0.373493 0.001481 1013.000000 404.632139 0.008720 1208.877127
2.134269 1.027944 0.871793 0.208103 1.345037 -0.372266 0.001487 1013.000000 403.511243 0.008744 1211.792828
2.144289 1.036690 0.873866 0.205631 1.341314 -0.370981 0.001493 1013.000000 402.394123 0.008768 1214.674027
2.154309 1.045456 0.875914 0.203173 1.337603 -0.369639 0.001500 1013.000000 401.280952 0.008793 1217.520894
2.164329 1.054243 0.877938 0.200726 1.333906 -0.368242 0.001506 1013.000000 400.171898 0.008817 1220.333602
2.174349 1.063050 0.879937 0.198293 1.330224 -0.366791 0.001512 1013.000000 399.067125 0.008842 1223.112328
2.184369 1.071877 0.881912 0.195873 1.326556 -0.365288 0.001519 1013.000000 397.966791 0.008866 1225.857252
2.194389 1.080724 0.883862 0.193465 1.322904 -0.363734 0.001525 1013.000000 396.871053 0.008891 1228.568559
2.204409 1.089590 0.885789 0.191072 1.319267 -0.362131 0.001531 1013.000000 395.780061 0.008915 1231.246434
2.214429 1.098475 0.887691 0.188692 1.315647 -0.360479 0.001538 1013.000000 394.693962 0.008940 1233.891070
2.224449 1.107379 0.889570 0.186327 1.312043 -0.358781 0.001544 1013.000000 393.612897 0.008964 1236.502659
2.234469 1.116302 0.891425 0.183975 1.308457 -0.357038 0.001550 1013.000000 392.537005 0.008989 1239.081399
2.244489 1.125243 0.893257 0.181638 1.304888 -0.355250 0.001556 1013.000000 391.466421 0.009013 1241.627489
2.254509 1.134203 0.895066 0.179316 1.301338 -0.353421 0.001563 1013.000000 390.401273 0.009038 1244.141133
2.264529 1.143180 0.896851 0.177009 1.297806 -0.351550 0.001569 1013.000000 389.341689 0.009062 1246.622535
2.274549 1.152176 0.898613 0.174716 1.294293 -0.349639 0.001575 1013.000000 388.287789 0.009087 1249.071906
2.284569 1.161189 0.900352 0.172439 1.290799 -0.347689 0.001581 1013.000000 387.239691 0.009112 1251.489455
2.294589 1.170219 0.902069 0.170178 1.287325 -0.345703 0.001587 1013.000000 386.197509 0.009136 1253.875396
2.304609 1.179266 0.903763 0.167932 1.283871 -0.343680 0.001593 1013.000000 385.161353 0.009161 1256.229946
2.314629 1.188330 0.905434 0.165701 1.280438 -0.341623 0.001600 1013.000000 384.131328 0.009185 1258.553324
2.324649 1.197411 0.907083 0.163487 1.277025 -0.339533 0.001606 1013.000000 383.107538 0.009210 1260.845748
2.334669 1.206508 0.908710 0.161289 1.273634 -0.337411 0.001612 1013.000000 382.090080 0.009234 1263.107444
2.344689 1.215622 0.910316 0.159107 1.270263 -0.335257 0.001618 1013.000000 381.079048 0.009259 1265.338636
2.354709 1.224751 0.911899 0.156941 1.266915 -0.333075 0.001624 1013.000000 380.074534 0.009283 1267.539551
2.364729 1.233896 0.913461 0.154792 1.263589 -0.330863 0.001630 1013.000000 379.076624 0.009308 1269.710418
2.374749 1.243057 0.915001 0.152659 1.260285 -0.328625 0.001636 1013.000000 378.085403 0.009332 1271.851468
2.384770 1.252233 0.916520 0.150544 1.257003 -0.326360 0.001642 1013.000000 377.100950 0.009357 1273.962934
2.394790 1.261424 0.918018 0.148445 1.253744 -0.324071 0.001648 1013.000000 376.123341 0.009381 1276.045051
2.404810 1.270630 0.919495 0.146363 1.250509 -0.321758 0.001654 1013.000000 375.152650 0.009405 1278.098053
2.414830 1.279850 0.920951 0.144298 1.247296 -0.319423 0.001660 1013.000000 374.188945 0.009429 1280.122179
2.424850 1.289086 0.922387 0.142251 1.244108 -0.317066 0.001666 1013.000000 373.232294 0.009454 1282.117668
2.434870 1.298335 0.923802 0.140221 1.240943 -0.314688 0.001672 1013.000000 372.282759 0.009478 1284.084759
2.444890 1.307599 0.925197 0.138208 1.237801 -0.312292 0.001677 1013.000000 371.340399 0.009502 1286.023694
2.454910 1.316876 0.926572 0.136212 1.234684 -0.309877 0.001683 1013.000000 370.405271 0.009526 1287.934716
2.464930 1.326167 0.927927 0.134235 1.231591 -0.307445 0.001689 1013.000000 369.477428 0.009550 1289.818069
2.474950 1.335472 0.929262 0.132274 1.228523 -0.304997 0.001695 1013.000000 368.556920 0.009574 1291.673998
2.484970 1.344789 0.930578 0.130332 1.225479 -0.302534 0.001701 1013.000000 367.643794 0.009597 1293.502747
2.494990 1.354120 0.931874 0.128407 1.222460 -0.300057 0.001707 1013.000000 366.738094 0.009621 1295.304564
2.505010 1.363464 0.933151 0.126500 1.219466 -0.297566 0.001713 1013.000000 365.839861 0.009645 1297.079696
2.515030 1.372821 0.934409 0.124611 1.216497 -0.295063 0.001718 1013.000000 364.949132 0.009668 1298.828392
2.525050 1.382190 0.935648 0.122739 1.213553 -0.292550 0.001724 1013.000000 364.065943 0.009692 1300.550899
2.535070 1.391571 0.936869 0.120886 1.210634 -0.290025 0.001730 1013.000000 363.190327 0.009715 1302.247468
2.545090 1.400965 0.938071 0.119051 1.207741 -0.287492 0.001736 1013.000000 362.322312 0.009738 1303.918348
2.555110 1.410370 0.939255 0.117233 1.204873 -0.284950 0.001741 1013.000000 361.461927 0.009761 1305.563790
2.565130 1.419787 0.940420 0.115434 1.202031 -0.282400 0.001747 1013.000000 360.609195 0.009785 1307.184044
2.575150 1.429216 0.941568 0.113652 1.199214 -0.279844 0.001753 1013.000000 359.764137 0.009808 1308.779361
2.585170 1.438656 0.942698 0.111889 1.196423 -0.277281 0.001759 1013.000000 358.926773 0.009830 1310.349992
2.595190 1.448108 0.943810 0.110144 1.193657 -0.274714 0.001764 1013.000000 358.097120 0.009853 1311.896189
2.605210 1.457570 0.944905 0.108416 1.190917 -0.272142 0.001770 1013.000000 357.275191 0.009876 1313.418203
2.615230 1.467044 0.945983 0.106707 1.188203 -0.269567 0.001776 1013.000000 356.460999 0.009898 1314.916286
2.625251 1.476528 0.947044 0.105016 1.185515 -0.266989 0.001781 1013.000000 355.654553 0.009921 1316.390689
2.635271 1.486023 0.948088 0.103343 1.182853 -0.264409 0.001787 1013.000000 354.855859 0.009943 1317.841663
2.645291 1.495528 0.949115 0.101688 1.180216 -0.261827 0.001793 1013.000000 354.064923 0.009965 1319.269460
2.655311 1.505043 0.950125 0.100051 1.177606 -0.259245 0.001798 1013.000000 353.281748 0.009987 1320.674331
2.665331 1.514568 0.951120 0.098432 1.175021 -0.256664 0.001804 1013.000000 352.506334 0.010009 1322.056526
2.675351 1.524103 0.952098 0.096830 1.172462 -0.254083 0.001809 1013.000000 351.738679 0.010031 1323.416296
2.685371 1.533648 0.953060 0.095247 1.169929 -0.251504 0.001815 1013.000000 350.978780 0.010053 1324.753891
2.695391 1.543203 0.954007 0.093682 1.167422 -0.248926 0.001820 1013.000000 350.226632 0.010075 1326.069561
2.705411 1.552767 0.954938 0.092135 1.164941 -0.246352 0.001826 1013.000000 349.482226 0.010096 1327.363554
2.715431 1.562340 0.955853 0.090605 1.162485 -0.243781 0.001832 1013.000000 348.745553 0.010117 1328.636120
2.725451 1.571922 0.956754 0.089093 1.160055 -0.241214 0.001837 1013.000000 348.016603 0.010139 1329.887506
2.735471 1.581513 0.957639 0.087599 1.157651 -0.238652 0.001843 1013.000000 347.295361 0.010160 1331.117961
2.745491 1.591113 0.958509 0.086123 1.155273 -0.236095 0.001848 1013.000000 346.581814 0.010181 1332.327729
2.755511 1.600722 0.959365 0.084664 1.152920 -0.233544 0.001854 1013.000000 345.875945 0.010201 1333.517059
2.765531 1.610339 0.960206 0.083223 1.150592 -0.230999 0.001859 1013.000000 345.177734 0.010222 1334.686194
2.775551 1.619964 0.961033 0.081799 1.148291 -0.228461 0.001865 1013.000000 344.487164 0.010242 1335.835379
2.785571 1.629598 0.961845 0.080393 1.146014 -0.225931 0.001870 1013.000000 343.804211 0.010263 1336.964858
2.795591 1.639240 0.962644 0.079005 1.143763 -0.223408 0.001876 1013.000000 343.128854 0.010283 1338.074873
2.805611 1.648889 0.963429 0.077633 1.141537 -0.220894 0.001881 1013.000000 342.461068 0.010303 1339.165666
2.815631 1.658547 0.964200 0.076279 1.139336 -0.218388 0.001886 1013.000000 341.800827 0.010323 1340.237477
2.825651 1.668212 0.964957 0.074942 1.137160 -0.215892 0.001892 1013.000000 341.148104 0.010343 1341.290547
2.835671 1.677884 0.965702 0.073622 1.135010 -0.213405 0.001897 1013.000000 340.502869 0.010362 1342.325113
2.845691 1.687564 0.966433 0.072319 1.132884 -0.210929 0.001903 1013.000000 339.865095 0.010382 1343.341412
2.855711 1.697252 0.967151 0.071033 1.130782 -0.208463 0.001908 1013.000000 339.234748 0.010401 1344.339682
2.865731 1.706946 0.967856 0.069763 1.128706 -0.206009 0.001913 1013.000000 338.611797 0.010420 1345.320158
2.875752 1.716648 0.968549 0.068511 1.126654 -0.203565 0.001919 1013.000000 337.996208 0.010439 1346.283072
2.885772 1.726356 0.969229 0.067275 1.124626 -0.201134 0.001924 1013.000000 337.387946 0.010458 1347.228658
2.895792 1.736071 0.969897 0.066056 1.122623 -0.198714 0.001929 1013.000000 336.786976 0.010477 1348.157146
2.905812 1.745793 0.970553 0.064853 1.120644 -0.196307 0.001935 1013.000000 336.193261 0.010495 1349.068768
2.915832 1.755521 0.971197 0.063667 1.118689 -0.193913 0.001940 1013.000000 335.606762 0.010513 1349.963750
2.925852 1.765256 0.971829 0.062496 1.116758 -0.191532 0.001945 1013.000000 335.027440 0.010532 1350.842322
2.935872 1.774996 0.972449 0.061342 1.114851 -0.189164 0.001951 1013.000000 334.455256 0.010550 1351.704707
2.945892 1.784743 0.973058 0.060204 1.112967 -0.186810 0.001956 1013.000000 333.890169 0.010568 1352.551131
2.955912 1.794497 0.973656 0.059082 1.111107 -0.184470 0.001961 1013.000000 333.332137 0.010585 1353.381817
2.965932 1.804256 0.974242 0.057976 1.109270 -0.182144 0.001967 1013.000000 332.781117 0.010603 1354.196985
2.975952 1.814020 0.974818 0.056886 1.107457 -0.179833 0.001972 1013.000000 332.237066 0.010620 1354.996856
2.985972 1.823791 0.975382 0.055811 1.105666 -0.177537 0.001977 1013.000000 331.699939 0.010637 1355.781648
2.995992 1.833567 0.975936 0.054751 1.103899 -0.175256 0.001982 1013.000000 331.169692 0.010654 1356.551577
3.006012 1.843349 0.976480 0.053707 1.102154 -0.172990 0.001988 1013.000000 330.646280 0.010671 1357.306859
3.016032 1.853136 0.977013 0.052679 1.100432 -0.170740 0.001993 1013.000000 330.129654 0.010688 1358.047707
3.026052 1.862928 0.977535 0.051665 1.098733 -0.168506 0.001998 1013.000000 329.619769 0.010704 1358.774333
3.036072 1.872726 0.978048 0.050667 1.097055 -0.166287 0.002003 1013.000000 329.116577 0.010721 1359.486948
3.046092 1.882528 0.978551 0.049683 1.095400 -0.164085 0.002009 1013.000000 328.620030 0.010737 1360.185759
3.056112 1.892336 0.979044 0.048714 1.093767 -0.161899 0.002014 1013.000000 328.130077 0.010753 1360.870973
3.066132 1.902148 0.979527 0.047760 1.092156 -0.159730 0.002019 1013.000000 327.646672 0.010769 1361.542797
3.076152 1.911966 0.980001 0.046820 1.090566 -0.157577 0.002024 1013.000000 327.169762 0.010785 1362.201432
3.086172 1.921788 0.980466 0.045895 1.088998 -0.155441 0.002029 1013.000000 326.699298 0.010800 1362.847080
3.096192 1.931614 0.980921 0.044984 1.087451 -0.153322 0.002035 1013.000000 326.235229 0.010815 1363.479943
3.106212 1.941445 0.981367 0.044088 1.085925 -0.151220 0.002040 1013.000000 325.777504 0.010831 1364.100216
3.116232 1.951281 0.981804 0.043205 1.084420 -0.149136 0.002045 1013.000000 325.326071 0.010846 1364.708098
3.126253 1.961121 0.982233 0.042336 1.082936 -0.147069 0.002050 1013.000000 324.880877 0.010861 1365.303782
3.136273 1.970965 0.982653 0.041481 1.081473 -0.145019 0.002055 1013.000000 324.441871 0.010875 1365.887461
3.146293 1.980813 0.983064 0.040639 1.080030 -0.142987 0.002060 1013.000000 324.009000 0.010890 1366.459326
3.156313 1.990666 0.983467 0.039812 1.078607 -0.140973 0.002066 1013.000000 323.582210 0.010904 1367.019565
3.166333 2.000522 0.983862 0.038997 1.077205 -0.138976 0.002071 1013.000000 323.161449 0.010918 1367.568367
3.176353 2.010382 0.984249 0.038196 1.075822 -0.136998 0.002076 1013.000000 322.746663 0.010932 1368.105916
3.186373 2.020246 0.984628 0.037408 1.074459 -0.135037 0.002081 1013.000000 322.337797 0.010946 1368.632397
3.196393 2.030114 0.984999 0.036632 1.073116 -0.133094 0.002086 1013.000000 321.934798 0.010960 1369.147989
3.206413 2.039986 0.985362 0.035870 1.071792 -0.131170 0.002091 1013.000000 321.537612 0.010973 1369.652874
3.216433 2.049861 0.985717 0.035120 1.070487 -0.129263 0.002096 1013.000000 321.146183 0.010987 1370.147229
3.226453 2.059740 0.986066 0.034383 1.069202 -0.127375 0.002101 1013.000000 320.760459 0.011000 1370.631231
3.236473 2.069622 0.986407 0.033658 1.067935 -0.125505 0.002107 1013.000000 320.380383 0.011013 1371.105052
3.246493 2.079507 0.986740 0.032946 1.066686 -0.123653 0.002112 1013.000000 320.005901 0.011026 1371.568866
3.256513 2.089396 0.987067 0.032246 1.065457 -0.121820 0.002117 1013.000000 319.636959 0.011039 1372.022842
3.266533 2.099288 0.987386 0.031558 1.064245 -0.120004 0.002122 1013.000000 319.273500 0.011051 1372.467150
3.276553 2.109183 0.987699 0.030881 1.063052 -0.118207 0.002127 1013.000000 318.915471 0.011064 1372.901955
3.286573 2.119082 0.988005 0.030217 1.061876 -0.116429 0.002132 1013.000000 318.562816 0.011076 1373.327422
3.296593 2.128983 0.988305 0.029564 1.060718 -0.114668 0.002137 1013.000000 318.215480 0.011088 1373.743714
3.306613 2.138887 0.988598 0.028922 1.059578 -0.112927 0.002142 1013.000000 317.873408 0.011100 1374.150992
3.316633 2.148795 0.988884 0.028292 1.058455 -0.111203 0.002147 1013.000000 317.536545 0.011112 1374.549415
3.326653 2.158705 0.989165 0.027673 1.057349 -0.109498 0.002152 1013.000000 317.204836 0.011123 1374.939139
3.336673 2.168617 0.989439 0.027065 1.056261 -0.107810 0.002157 1013.000000 316.878225 0.011135 1375.320320
3.346693 2.178533 0.989707 0.026468 1.055189 -0.106142 0.002162 1013.000000 316.556658 0.011146 1375.693111
3.356713 2.188451 0.989970 0.025882 1.054134 -0.104491 0.002167 1013.000000 316.240081 0.011157 1376.057663
3.366733 2.198372 0.990226 0.025307 1.053095 -0.102859 0.002172 1013.000000 315.928437 0.011168 1376.414125
3.376754 2.208295 0.990477 0.024742 1.052072 -0.101245 0.002177 1013.000000 315.621673 0.011179 1376.762646
3.386774 2.218221 0.990722 0.024187 1.051066 -0.099648 0.002182 1013.000000 315.319735 0.011190 1377.103371
3.396794 2.228150 0.990961 0.023643 1.050075 -0.098071 0.002187 1013.000000 315.022566 0.011200 1377.436443
3.406814 2.238080 0.991196 0.023109 1.049100 -0.096511 0.002192 1013.000000 314.730114 0.011211 1377.762005
3.416834 2.248013 0.991425 0.022584 1.048141 -0.094969 0.002197 1013.000000 314.442324 0.011221 1378.080197
3.426854 2.257948 0.991648 0.022070 1.047197 -0.093445 0.002202 1013.000000 314.159143 0.011231 1378.391156
3.436874 2.267886 0.991867 0.021565 1.046268 -0.091938 0.002207 1013.000000 313.880515 0.011241 1378.695019
3.446894 2.277826 0.992081 0.021070 1.045355 -0.090450 0.002212 1013.000000 313.606388 0.011251 1378.991922
3.456914 2.287767 0.992289 0.020585 1.044456 -0.088979 0.002217 1013.000000 313.336709 0.011261 1379.281995
3.466934 2.297711 0.992493 0.020109 1.043571 -0.087527 0.002222 1013.000000 313.071424 0.011270 1379.565370
3.476954 2.307657 0.992692 0.019642 1.042702 -0.086091 0.002227 1013.000000 312.810480 0.011280 1379.842177
3.486974 2.317605 0.992887 0.019184 1.041846 -0.084673 0.002232 1013.000000 312.553824 0.011289 1380.112542
3.496994 2.327554 0.993077 0.018735 1.041005 -0.083273 0.002237 1013.000000 312.301405 0.011298 1380.376590
3.507014 2.337506 0.993262 0.018294 1.040177 -0.081890 0.002242 1013.000000 312.053169 0.011307 1380.634446
3.517034 2.347459 0.993443 0.017863 1.039364 -0.080524 0.002247 1013.000000 311.809064 0.011316 1380.886231
3.527054 2.357415 0.993620 0.017440 1.038563 -0.079175 0.002252 1013.000000 311.569040 0.011325 1381.132065
3.537074 2.367372 0.993793 0.017025 1.037777 -0.077844 0.002257 1013.000000 311.333044 0.011333 1381.372066
3.547094 2.377330 0.993961 0.016619 1.037003 -0.076529 0.002262 1013.000000 311.101025 0.011342 1381.606352
3.557114 2.387291 0.994126 0.016221 1.036243 -0.075231 0.002267 1013.000000 310.872932 0.011350 1381.835036
3.567134 2.397253 0.994286 0.015831 1.035496 -0.073950 0.002272 1013.000000 310.648715 0.011358 1382.058231
3.577154 2.407216 0.994443 0.015449 1.034761 -0.072686 0.002277 1013.000000 310.428324 0.011366 1382.276050
3.587174 2.417181 0.994596 0.015074 1.034039 -0.071438 0.002281 1013.000000 310.211708 0.011374 1382.488601
3.597194 2.427148 0.994745 0.014708 1.033329 -0.070207 0.002286 1013.000000 309.998817 0.011382 1382.695993
3.607214 2.437116 0.994891 0.014349 1.032632 -0.068992 0.002291 1013.000000 309.789603 0.011390 1382.898332
3.617234 2.447086 0.995033 0.013997 1.031947 -0.067794 0.002296 1013.000000 309.584017 0.011397 1383.095722
3.627255 2.457057 0.995171 0.013653 1.031273 -0.066611 0.002301 1013.000000 309.382009 0.011405 1383.288266
3.637275 2.467029 0.995307 0.013316 1.030612 -0.065445 0.002306 1013.000000 309.183531 0.011412 1383.476066
3.647295 2.477003 0.995438 0.012986 1.029962 -0.064295 0.002311 1013.000000 308.988536 0.011419 1383.659222
3.657315 2.486978 0.995567 0.012663 1.029323 -0.063160 0.002316 1013.000000 308.796975 0.011426 1383.837830
3.667335 2.496954 0.995692 0.012347 1.028696 -0.062041 0.002321 1013.000000 308.608802 0.011433 1384.011988
3.677355 2.506931 0.995814 0.012037 1.028080 -0.060937 0.002326 1013.000000 308.423969 0.011440 1384.181791
3.687375 2.516910 0.995933 0.011735 1.027475 -0.059849 0.002331 1013.000000 308.242430 0.011447 1384.347332
3.697395 2.526890 0.996049 0.011439 1.026880 -0.058777 0.002335 1013.000000 308.064138 0.011453 1384.508702
3.707415 2.536871 0.996163 0.011149 1.026297 -0.057719 0.002340 1013.000000 307.889048 0.011460 1384.665992
3.717435 2.546853 0.996273 0.010865 1.025724 -0.056677 0.002345 1013.000000 307.717115 0.011466 1384.819290
3.727455 2.556836 0.996380 0.010588 1.025161 -0.055649 0.002350 1013.000000 307.548292 0.011473 1384.968683
3.737475 2.566821 0.996485 0.010317 1.024608 -0.054636 0.002355 1013.000000 307.382536 0.011479 1385.114258
3.747495 2.576806 0.996587 0.010052 1.024066 -0.053638 0.002360 1013.000000 307.219802 0.011485 1385.256098
3.757515 2.586792 0.996687 0.009793 1.023533 -0.052655 0.002365 1013.000000 307.060047 0.011491 1385.394286
3.767535 2.596780 0.996783 0.009539 1.023011 -0.051686 0.002370 1013.000000 306.903226 0.011497 1385.528903
3.777555 2.606768 0.996878 0.009291 1.022498 -0.050731 0.002374 1013.000000 306.749296 0.011503 1385.660028
3.787575 2.616757 0.996970 0.009049 1.021994 -0.049790 0.002379 1013.000000 306.598215 0.011508 1385.787741
3.797595 2.626747 0.997059 0.008812 1.021500 -0.048864 0.002384 1013.000000 306.449940 0.011514 1385.912119
3.807615 2.636738 0.997146 0.008581 1.021015 -0.047951 0.002389 1013.000000 306.304430 0.011519 1386.033236
3.817635 2.646730 0.997231 0.008355 1.020539 -0.047052 0.002394 1013.000000 306.161642 0.011525 1386.151167
3.827655 2.656723 0.997314 0.008134 1.020072 -0.046167 0.002399 1013.000000 306.021536 0.011530 1386.265984
3.837675 2.666716 0.997394 0.007918 1.019614 -0.045295 0.002404 1013.000000 305.884071 0.011535 1386.377760
3.847695 2.676711 0.997472 0.007707 1.019164 -0.044437 0.002409 1013.000000 305.749206 0.011540 1386.486565
3.857715 2.686706 0.997549 0.007501 1.018723 -0.043592 0.002413 1013.000000 305.616901 0.011545 1386.592466
3.867735 2.696702 0.997623 0.007300 1.018290 -0.042760 0.002418 1013.000000 305.487118 0.011550 1386.695533
3.877756 2.706698 0.997695 0.007103 1.017866 -0.041941 0.002423 1013.000000 305.359816 0.011555 1386.795831
3.887776 2.716696 0.997765 0.006912 1.017450 -0.041134 0.002428 1013.000000 305.234957 0.011560 1386.893424
3.897796 2.726694 0.997833 0.006724 1.017042 -0.040341 0.002433 1013.000000 305.112502 0.011564 1386.988378
3.907816 2.736692 0.997900 0.006541 1.016641 -0.039560 0.002438 1013.000000 304.992414 0.011569 1387.080754
3.917836 2.746692 0.997964 0.006363 1.016249 -0.038791 0.002442 1013.000000 304.874655 0.011573 1387.170614
3.927856 2.756692 0.998027 0.006189 1.015864 -0.038035 0.002447 1013.000000 304.759188 0.011578 1387.258018
3.937876 2.766692 0.998089 0.006019 1.015487 -0.037291 0.002452 1013.000000 304.645977 0.011582 1387.343024
3.947896 2.776693 0.998148 0.005853 1.015117 -0.036559 0.002457 1013.000000 304.534984 0.011586 1387.425691
3.957916 2.786695 0.998206 0.005691 1.014754 -0.035838 0.002462 1013.000000 304.426174 0.011590 1387.506075
3.967936 2.796697 0.998262 0.005533 1.014398 -0.035130 0.002467 1013.000000 304.319512 0.011594 1387.584232
3.977956 2.806700 0.998317 0.005379 1.014050 -0.034433 0.002471 1013.000000 304.214962 0.011598 1387.660216
3.987976 2.816704 0.998370 0.005229 1.013708 -0.033747 0.002476 1013.000000 304.112489 0.011602 1387.734080
3.997996 2.826708 0.998421 0.005082 1.013374 -0.033073 0.002481 1013.000000 304.012061 0.011606 1387.805877
4.008016 2.836712 0.998472 0.004939 1.013045 -0.032410 0.002486 1013.000000 303.913641 0.011610 1387.875657
4.018036 2.846717 0.998520 0.004800 1.012724 -0.031759 0.002491 1013.000000 303.817198 0.011614 1387.943471
4.028056 2.856723 0.998568 0.004664 1.012409 -0.031118 0.002496 1013.000000 303.722697 0.011617 1388.009368
4.038076 2.866729 0.998614 0.004531 1.012100 -0.030488 0.002500 1013.000000 303.630107 0.011621 1388.073395
4.048096 2.876735 0.998659 0.004402 1.011798 -0.029868 0.002505 1013.000000 303.539394 0.011624 1388.135601
4.058116 2.886742 0.998702 0.004276 1.011502 -0.029259 0.002510 1013.000000 303.450528 0.011628 1388.196029
4.068136 2.896749 0.998744 0.004153 1.011212 -0.028661 0.002515 1013.000000 303.363476 0.011631 1388.254727
4.078156 2.906757 0.998785 0.004034 1.010927 -0.028073 0.002520 1013.000000 303.278208 0.011634 1388.311737
4.088176 2.916765 0.998825 0.003917 1.010649 -0.027495 0.002524 1013.000000 303.194692 0.011637 1388.367103
4.098196 2.926773 0.998864 0.003804 1.010376 -0.026927 0.002529 1013.000000 303.112898 0.011641 1388.420867
4.108216 2.936782 0.998901 0.003693 1.010109 -0.026369 0.002534 1013.000000 303.032797 0.011644 1388.473071
4.118236 2.946791 0.998938 0.003585 1.009848 -0.025820 0.002539 1013.000000 302.954359 0.011647 1388.523754
4.128257 2.956801 0.998973 0.003480 1.009592 -0.025282 0.002544 1013.000000 302.877555 0.011650 1388.572956
4.138277 2.966811 0.999008 0.003378 1.009341 -0.024753 0.002549 1013.000000 302.802355 0.011652 1388.620716
4.148297 2.976821 0.999041 0.003279 1.009096 -0.024233 0.002553 1013.000000 302.728733 0.011655 1388.667072
4.158317 2.986832 0.999073 0.003182 1.008856 -0.023722 0.002558 1013.000000 302.656658 0.011658 1388.712060
4.168337 2.996843 0.999105 0.003088 1.008620 -0.023221 0.002563 1013.000000 302.586105 0.011661 1388.755716
4.178357 3.006854 0.999135 0.002996 1.008390 -0.022728 0.002568 1013.000000 302.517045 0.011663 1388.798077
4.188377 3.016865 0.999165 0.002906 1.008165 -0.022245 0.002573 1013.000000 302.449451 0.011666 1388.839175
4.198397 3.026877 0.999194 0.002819 1.007944 -0.021770 0.002577 1013.000000 302.383298 0.011669 1388.879046
4.208417 3.036889 0.999221 0.002735 1.007729 -0.021304 0.002582 1013.000000 302.318559 0.011671 1388.917721
4.218437 3.046902 0.999248 0.002652 1.007517 -0.020847 0.002587 1013.000000 302.255208 0.011674 1388.955233
4.228457 3.056914 0.999275 0.002572 1.007311 -0.020397 0.002592 1013.000000 302.193220 0.011676 1388.991614
4.238477 3.066927 0.999300 0.002494 1.007109 -0.019957 0.002597 1013.000000 302.132570 0.011678 1389.026894
4.248497 3.076940 0.999325 0.002418 1.006911 -0.019524 0.002601 1013.000000 302.073233 0.011681 1389.061103
4.258517 3.086954 0.999348 0.002345 1.006717 -0.019099 0.002606 1013.000000 302.015184 0.011683 1389.094270
4.268537 3.096967 0.999372 0.002273 1.006528 -0.018683 0.002611 1013.000000 301.958400 0.011685 1389.126424
4.278557 3.106981 0.999394 0.002203 1.006343 -0.018274 0.002616 1013.000000 301.902856 0.011687 1389.157592
4.288577 3.116995 0.999416 0.002135 1.006162 -0.017872 0.002621 1013.000000 301.848531 0.011689 1389.187803
4.298597 3.127010 0.999437 0.002069 1.005985 -0.017479 0.002625 1013.000000 301.795400 0.011691 1389.217082
4.308617 3.137024 0.999457 0.002005 1.005811 -0.017093 0.002630 1013.000000 301.743441 0.011693 1389.245456
4.318637 3.147039 0.999477 0.001943 1.005642 -0.016714 0.002635 1013.000000 301.692631 0.011695 1389.272950
4.328657 3.157054 0.999496 0.001882 1.005476 -0.016342 0.002640 1013.000000 301.642950 0.011697 1389.299587
4.338677 3.167069 0.999515 0.001824 1.005315 -0.015978 0.002644 1013.000000 301.594374 0.011699 1389.325394
4.348697 3.177084 0.999533 0.001766 1.005156 -0.015620 0.002649 1013.000000 301.546884 0.011701 1389.350392
4.358717 3.187099 0.999550 0.001711 1.005002 -0.015270 0.002654 1013.000000 301.500457 0.011703 1389.374606
4.368737 3.197115 0.999567 0.001657 1.004850 -0.014926 0.002659 1013.000000 301.455073 0.011705 1389.398057
4.378758 3.207131 0.999583 0.001604 1.004702 -0.014589 0.002664 1013.000000 301.410713 0.011706 1389.420766
4.388778 3.217147 0.999599 0.001554 1.004558 -0.014259 0.002668 1013.000000 301.367355 0.011708 1389.442757
4.398798 3.227163 0.999614 0.001504 1.004417 -0.013935 0.002673 1013.000000 301.324980 0.011710 1389.464048
4.408818 3.237179 0.999629 0.001456 1.004279 -0.013618 0.002678 1013.000000 301.283569 0.011711 1389.484660
4.418838 3.247195 0.999644 0.001409 1.004144 -0.013307 0.002683 1013.000000 301.243103 0.011713 1389.504613
4.428858 3.257212 0.999658 0.001364 1.004012 -0.013002 0.002688 1013.000000 301.203563 0.011714 1389.523926
4.438878 3.267229 0.999671 0.001320 1.003883 -0.012703 0.002692 1013.000000 301.164930 0.011716 1389.542618
4.448898 3.277246 0.999684 0.001278 1.003757 -0.012410 0.002697 1013.000000 301.127186 0.011717 1389.560707
4.458918 3.287262 0.999697 0.001236 1.003634 -0.012123 0.002702 1013.000000 301.090314 0.011719 1389.578211
4.468938 3.297280 0.999709 0.001196 1.003514 -0.011842 0.002707 1013.000000 301.054295 0.011720 1389.595146
4.478958 3.307297 0.999721 0.001157 1.003397 -0.011567 0.002711 1013.000000 301.019113 0.011721 1389.611531
4.488978 3.317314 0.999732 0.001119 1.003283 -0.011297 0.002716 1013.000000 300.984751 0.011723 1389.627380
4.498998 3.327331 0.999743 0.001082 1.003171 -0.011032 0.002721 1013.000000 300.951191 0.011724 1389.642710
4.509018 3.337349 0.999754 0.001047 1.003061 -0.010774 0.002726 1013.000000 300.918418 0.011725 1389.657537
4.519038 3.347367 0.999764 0.001012 1.002955 -0.010520 0.002731 1013.000000 300.886415 0.011727 1389.671876
4.529058 3.357384 0.999774 0.000979 1.002851 -0.010272 0.002735 1013.000000 300.855166 0.011728 1389.685741
4.539078 3.367402 0.999784 0.000946 1.002749 -0.010029 0.002740 1013.000000 300.824655 0.011729 1389.699147
4.549098 3.377420 0.999793 0.000915 1.002650 -0.009791 0.002745 1013.000000 300.794868 0.011730 1389.712107
4.559118 3.387438 0.999802 0.000884 1.002553 -0.009557 0.002750 1013.000000 300.765789 0.011731 1389.724636
4.569138 3.397456 0.999811 0.000855 1.002458 -0.009329 0.002754 1013.000000 300.737403 0.011732 1389.736746
4.579158 3.407474 0.999819 0.000826 1.002366 -0.009106 0.002759 1013.000000 300.709696 0.011734 1389.748450
4.589178 3.417493 0.999827 0.000798 1.002276 -0.008887 0.002764 1013.000000 300.682654 0.011735 1389.759761
4.599198 3.427511 0.999835 0.000771 1.002188 -0.008673 0.002769 1013.000000 300.656262 0.011736 1389.770690
4.609218 3.437529 0.999843 0.000745 1.002102 -0.008464 0.002774 1013.000000 300.630506 0.011737 1389.781251
4.619238 3.447548 0.999850 0.000720 1.002018 -0.008259 0.002778 1013.000000 300.605373 0.011738 1389.791453
4.629259 3.457566 0.999857 0.000695 1.001936 -0.008058 0.002783 1013.000000 300.580850 0.011739 1389.801309
4.639279 3.467585 0.999864 0.000672 1.001856 -0.007862 0.002788 1013.000000 300.556923 0.011739 1389.810828
4.649299 3.477604 0.999871 0.000649 1.001779 -0.007670 0.002793 1013.000000 300.533580 0.011740 1389.820023
4.659319 3.487623 0.999877 0.000626 1.001703 -0.007482 0.002797 1013.000000 300.510808 0.011741 1389.828902
4.669339 3.497641 0.999883 0.000605 1.001629 -0.007298 0.002802 1013.000000 300.488595 0.011742 1389.837476
4.679359 3.507660 0.999889 0.000584 1.001556 -0.007118 0.002807 1013.000000 300.466928 0.011743 1389.845754
4.689379 3.517679 0.999895 0.000564 1.001486 -0.006942 0.002812 1013.000000 300.445795 0.011744 1389.853747
4.699399 3.527698 0.999900 0.000544 1.001417 -0.006771 0.002816 1013.000000 300.425186 0.011745 1389.861462
4.709419 3.537717 0.999906 0.000525 1.001350 -0.006602 0.002821 1013.000000 300.405087 0.011745 1389.868909
4.719439 3.547736 0.999911 0.000507 1.001285 -0.006438 0.002826 1013.000000 300.385489 0.011746 1389.876097
4.729459 3.557756 0.999916 0.000489 1.001221 -0.006277 0.002831 1013.000000 300.366379 0.011747 1389.883033
4.739479 3.567775 0.999921 0.000472 1.001159 -0.006120 0.002836 1013.000000 300.347747 0.011748 1389.889726
4.749499 3.577794 0.999925 0.000455 1.001099 -0.005966 0.002840 1013.000000 300.329583 0.011748 1389.896185
4.759519 3.587813 0.999930 0.000439 1.001040 -0.005816 0.002845 1013.000000 300.311875 0.011749 1389.902415
4.769539 3.597833 0.999934 0.000424 1.000982 -0.005669 0.002850 1013.000000 300.294614 0.011750 1389.908426
4.779559 3.607852 0.999938 0.000409 1.000926 -0.005525 0.002855 1013.000000 300.277789 0.011750 1389.914223
4.789579 3.617872 0.999942 0.000394 1.000871 -0.005385 0.002859 1013.000000 300.261391 0.011751 1389.919815
4.799599 3.627891 0.999946 0.000380 1.000818 -0.005248 0.002864 1013.000000 300.245410 0.011752 1389.925207
4.809619 3.637911 0.999950 0.000367 1.000766 -0.005114 0.002869 1013.000000 300.229837 0.011752 1389.930407
4.819639 3.647930 0.999954 0.000353 1.000716 -0.004983 0.002874 1013.000000 300.214661 0.011753 1389.935420
4.829659 3.657950 0.999957 0.000341 1.000666 -0.004855 0.002878 1013.000000 300.199875 0.011753 1389.940254
4.839679 3.667969 0.999960 0.000328 1.000618 -0.004730 0.002883 1013.000000 300.185468 0.011754 1389.944913
4.849699 3.677989 0.999964 0.000317 1.000571 -0.004608 0.002888 1013.000000 300.171433 0.011755 1389.949404
4.859719 3.688009 0.999967 0.000305 1.000526 -0.004489 0.002893 1013.000000 300.157761 0.011755 1389.953733
4.869739 3.698028 0.999970 0.000294 1.000481 -0.004373 0.002898 1013.000000 300.144442 0.011756 1389.957905
4.879760 3.708048 0.999973 0.000283 1.000438 -0.004259 0.002902 1013.000000 300.131470 0.011756 1389.961924
4.889780 3.718068 0.999975 0.000273 1.000396 -0.004148 0.002907 1013.000000 300.118836 0.011757 1389.965798
4.899800 3.728088 0.999978 0.000263 1.000355 -0.004039 0.002912 1013.000000 300.106531 0.011757 1389.969529
4.909820 3.738108 0.999981 0.000253 1.000315 -0.003933 0.002917 1013.000000 300.094549 0.011758 1389.973124
4.919840 3.748128 0.999983 0.000244 1.000276 -0.003830 0.002921 1013.000000 300.082881 0.011758 1389.976586
4.929860 3.758147 0.999986 0.000235 1.000238 -0.003729 0.002926 1013.000000 300.071520 0.011758 1389.979921
4.939880 3.768167 0.999988 0.000226 1.000202 -0.003630 0.002931 1013.000000 300.060460 0.011759 1389.983132
4.949900 3.778187 0.999990 0.000218 1.000166 -0.003534 0.002936 1013.000000 300.049692 0.011759 1389.986225
4.959920 3.788207 0.999992 0.000210 1.000131 -0.003440 0.002940 1013.000000 300.039209 0.011760 1389.989202
4.969940 3.798227 0.999994 0.000202 1.000097 -0.003349 0.002945 1013.000000 300.029005 0.011760 1389.992069
4.979960 3.808247 0.999996 0.000194 1.000064 -0.003259 0.002950 1013.000000 300.019074 0.011761 1389.994828
4.989980 3.818267 0.999998 0.000187 1.000031 -0.003172 0.002955 1013.000000 300.009408 0.011761 1389.997484
5.000000 3.828287 1.000000 0.000180 1.000000 -0.003087 0.002959 1013.000000 300.000001 0.011761 1390.000041
