# Variables: pos.x pos.y pos.z volume rho vel.x vel.y vel.z p a mu k[0] mu_t k_t S massf[0] massf[1] dt_chem e[0] T[0]
 5.000000e-03 2.500000e-02 0.000000e+00 5.000000e-04 9.989285e-01 8.897132e-10 0.000000e+00 0.000000e+00 1.000000e+05 3.743664e+02 0.000000e+00 0.000000e+00 0.000000e+00 0.000000e+00 0.000000e+00 7.778000e-01 2.222000e-01 -1.000000e+00 2.502682e+05 3.484000e+02
 1.500000e-02 2.500000e-02 0.000000e+00 5.000000e-04 9.989285e-01 3.340077e-09 0.000000e+00 0.000000e+00 1.000000e+05 3.743664e+02 0.000000e+00 0.000000e+00 0.000000e+00 0.000000e+00 0.000000e+00 7.778000e-01 2.222000e-01 -1.000000e+00 2.502682e+05 3.484000e+02
 2.500000e-02 2.500000e-02 0.000000e+00 5.000000e-04 9.989285e-01 8.466635e-09 0.000000e+00 0.000000e+00 1.000000e+05 3.743664e+02 0.000000e+00 0.000000e+00 0.000000e+00 0.000000e+00 0.000000e+00 7.778000e-01 2.222000e-01 -1.000000e+00 2.502682e+05 3.484000e+02
 3.500000e-02 2.500000e-02 0.000000e+00 5.000000e-04 9.989285e-01 2.220561e-08 0.000000e+00 0.000000e+00 1.000000e+05 3.743664e+02 0.000000e+00 0.000000e+00 0.000000e+00 0.000000e+00 0.000000e+00 7.778000e-01 2.222000e-01 -1.000000e+00 2.502682e+05 3.484000e+02
 4.500000e-02 2.500000e-02 0.000000e+00 5.000000e-04 9.989285e-01 5.994832e-08 0.000000e+00 0.000000e+00 1.000000e+05 3.743664e+02 0.000000e+00 0.000000e+00 0.000000e+00 0.000000e+00 0.000000e+00 7.778000e-01 2.222000e-01 -1.000000e+00 2.502682e+05 3.484000e+02
 5.500000e-02 2.500000e-02 0.000000e+00 5.000000e-04 9.989285e-01 1.598187e-07 0.000000e+00 0.000000e+00 1.000000e+05 3.743664e+02 0.000000e+00 0.000000e+00 0.000000e+00 0.000000e+00 0.000000e+00 7.778000e-01 2.222000e-01 -1.000000e+00 2.502682e+05 3.484000e+02
 6.500000e-02 2.500000e-02 0.000000e+00 5.000000e-04 9.989285e-01 4.163248e-07 0.000000e+00 0.000000e+00 1.000000e+05 3.743664e+02 0.000000e+00 0.000000e+00 0.000000e+00 0.000000e+00 0.000000e+00 7.778000e-01 2.222000e-01 -1.000000e+00 2.502682e+05 3.484000e+02
 7.500000e-02 2.500000e-02 0.000000e+00 5.000000e-04 9.989285e-01 1.074663e-06 0.000000e+00 0.000000e+00 1.000000e+05 3.743664e+02 0.000000e+00 0.000000e+00 0.000000e+00 0.000000e+00 0.000000e+00 7.778000e-01 2.222000e-01 -1.000000e+00 2.502682e+05 3.484000e+02
 8.500000e-02 2.500000e-02 0.000000e+00 5.000000e-04 9.989285e-01 2.960543e-06 0.000000e+00 0.000000e+00 1.000000e+05 3.743664e+02 0.000000e+00 0.000000e+00 0.000000e+00 0.000000e+00 0.000000e+00 7.778000e-01 2.222000e-01 -1.000000e+00 2.502682e+05 3.484000e+02
 9.500000e-02 2.500000e-02 0.000000e+00 5.000000e-04 9.989285e-01 8.641385e-06 0.000000e+00 0.000000e+00 1.000000e+05 3.743664e+02 0.000000e+00 0.000000e+00 0.000000e+00 0.000000e+00 0.000000e+00 7.778000e-01 2.222000e-01 -1.000000e+00 2.502682e+05 3.484000e+02
 1.050000e-01 2.500000e-02 0.000000e+00 5.000000e-04 9.989285e-01 2.499737e-05 0.000000e+00 0.000000e+00 9.999999e+04 3.743664e+02 0.000000e+00 0.000000e+00 0.000000e+00 0.000000e+00 0.000000e+00 7.778000e-01 2.222000e-01 -1.000000e+00 2.502682e+05 3.484000e+02
 1.150000e-01 2.500000e-02 0.000000e+00 5.000000e-04 9.989283e-01 7.050952e-05 0.000000e+00 0.000000e+00 9.999997e+04 3.743663e+02 0.000000e+00 0.000000e+00 0.000000e+00 0.000000e+00 0.000000e+00 7.778000e-01 2.222000e-01 -1.000000e+00 2.502681e+05 3.484000e+02
 1.250000e-01 2.500000e-02 0.000000e+00 5.000000e-04 9.989280e-01 1.937699e-04 0.000000e+00 0.000000e+00 9.999993e+04 3.743663e+02 0.000000e+00 0.000000e+00 0.000000e+00 0.000000e+00 0.000000e+00 7.778000e-01 2.222000e-01 -1.000000e+00 2.502681e+05 3.483999e+02
 1.350000e-01 2.500000e-02 0.000000e+00 5.000000e-04 9.989272e-01 5.188571e-04 0.000000e+00 0.000000e+00 9.999981e+04 3.743663e+02 0.000000e+00 0.000000e+00 0.000000e+00 0.000000e+00 0.000000e+00 7.778000e-01 2.222000e-01 -1.000000e+00 2.502680e+05 3.483998e+02
 1.450000e-01 2.500000e-02 0.000000e+00 5.000000e-04 9.989250e-01 1.353125e-03 0.000000e+00 0.000000e+00 9.999951e+04 3.743661e+02 0.000000e+00 0.000000e+00 0.000000e+00 0.000000e+00 0.000000e+00 7.778000e-01 2.222000e-01 -1.000000e+00 2.502678e+05 3.483995e+02
 1.550000e-01 2.500000e-02 0.000000e+00 5.000000e-04 9.989196e-01 3.433917e-03 0.000000e+00 0.000000e+00 9.999876e+04 3.743657e+02 0.000000e+00 0.000000e+00 0.000000e+00 0.000000e+00 0.000000e+00 7.778000e-01 2.222000e-01 -1.000000e+00 2.502673e+05 3.483988e+02
 1.650000e-01 2.500000e-02 0.000000e+00 5.000000e-04 9.989066e-01 8.470917e-03 0.000000e+00 0.000000e+00 9.999693e+04 3.743647e+02 0.000000e+00 0.000000e+00 0.000000e+00 0.000000e+00 0.000000e+00 7.778000e-01 2.222000e-01 -1.000000e+00 2.502660e+05 3.483969e+02
 1.750000e-01 2.500000e-02 0.000000e+00 5.000000e-04 9.988758e-01 2.028614e-02 0.000000e+00 0.000000e+00 9.999262e+04 3.743624e+02 0.000000e+00 0.000000e+00 0.000000e+00 0.000000e+00 0.000000e+00 7.778000e-01 2.222000e-01 -1.000000e+00 2.502629e+05 3.483927e+02
 1.850000e-01 2.500000e-02 0.000000e+00 5.000000e-04 9.988059e-01 4.709168e-02 0.000000e+00 0.000000e+00 9.998282e+04 3.743572e+02 0.000000e+00 0.000000e+00 0.000000e+00 0.000000e+00 0.000000e+00 7.778000e-01 2.222000e-01 -1.000000e+00 2.502559e+05 3.483829e+02
 1.950000e-01 2.500000e-02 0.000000e+00 5.000000e-04 9.986524e-01 1.057803e-01 0.000000e+00 0.000000e+00 9.996130e+04 3.743457e+02 0.000000e+00 0.000000e+00 0.000000e+00 0.000000e+00 0.000000e+00 7.778000e-01 2.222000e-01 -1.000000e+00 2.502405e+05 3.483615e+02
 2.050000e-01 2.500000e-02 0.000000e+00 5.000000e-04 9.983279e-01 2.294536e-01 0.000000e+00 0.000000e+00 9.991583e+04 3.743213e+02 0.000000e+00 0.000000e+00 0.000000e+00 0.000000e+00 0.000000e+00 7.778000e-01 2.222000e-01 -1.000000e+00 2.502080e+05 3.483162e+02
 2.150000e-01 2.500000e-02 0.000000e+00 5.000000e-04 9.976702e-01 4.794955e-01 0.000000e+00 0.000000e+00 9.982370e+04 3.742720e+02 0.000000e+00 0.000000e+00 0.000000e+00 0.000000e+00 0.000000e+00 7.778000e-01 2.222000e-01 -1.000000e+00 2.501420e+05 3.482244e+02
 2.250000e-01 2.500000e-02 0.000000e+00 5.000000e-04 9.963966e-01 9.626932e-01 0.000000e+00 0.000000e+00 9.964534e+04 3.741764e+02 0.000000e+00 0.000000e+00 0.000000e+00 0.000000e+00 0.000000e+00 7.778000e-01 2.222000e-01 -1.000000e+00 2.500142e+05 3.480465e+02
 2.350000e-01 2.500000e-02 0.000000e+00 5.000000e-04 9.940512e-01 1.851265e+00 0.000000e+00 0.000000e+00 9.931713e+04 3.740001e+02 0.000000e+00 0.000000e+00 0.000000e+00 0.000000e+00 0.000000e+00 7.778000e-01 2.222000e-01 -1.000000e+00 2.497787e+05 3.477186e+02
 2.450000e-01 2.500000e-02 0.000000e+00 5.000000e-04 9.899672e-01 3.398381e+00 0.000000e+00 0.000000e+00 9.874639e+04 3.736924e+02 0.000000e+00 0.000000e+00 0.000000e+00 0.000000e+00 0.000000e+00 7.778000e-01 2.222000e-01 -1.000000e+00 2.493678e+05 3.471467e+02
 2.550000e-01 2.500000e-02 0.000000e+00 5.000000e-04 9.832850e-01 5.934725e+00 0.000000e+00 0.000000e+00 9.781466e+04 3.731868e+02 0.000000e+00 0.000000e+00 0.000000e+00 0.000000e+00 0.000000e+00 7.778000e-01 2.222000e-01 -1.000000e+00 2.486936e+05 3.462080e+02
 2.650000e-01 2.500000e-02 0.000000e+00 5.000000e-04 9.730794e-01 9.827501e+00 0.000000e+00 0.000000e+00 9.639671e+04 3.724097e+02 0.000000e+00 0.000000e+00 0.000000e+00 0.000000e+00 0.000000e+00 7.778000e-01 2.222000e-01 -1.000000e+00 2.476589e+05 3.447676e+02
 2.750000e-01 2.500000e-02 0.000000e+00 5.000000e-04 9.586203e-01 1.539141e+01 0.000000e+00 0.000000e+00 9.439819e+04 3.712979e+02 0.000000e+00 0.000000e+00 0.000000e+00 0.000000e+00 0.000000e+00 7.778000e-01 2.222000e-01 -1.000000e+00 2.461824e+05 3.427122e+02
 2.850000e-01 2.500000e-02 0.000000e+00 5.000000e-04 9.396925e-01 2.277174e+01 0.000000e+00 0.000000e+00 9.180042e+04 3.698226e+02 0.000000e+00 0.000000e+00 0.000000e+00 0.000000e+00 0.000000e+00 7.778000e-01 2.222000e-01 -1.000000e+00 2.442299e+05 3.399942e+02
 2.950000e-01 2.500000e-02 0.000000e+00 5.000000e-04 9.167731e-01 3.186789e+01 0.000000e+00 0.000000e+00 8.868275e+04 3.680041e+02 0.000000e+00 0.000000e+00 0.000000e+00 0.000000e+00 0.000000e+00 7.778000e-01 2.222000e-01 -1.000000e+00 2.418340e+05 3.366587e+02
 3.050000e-01 2.500000e-02 0.000000e+00 5.000000e-04 8.908677e-01 4.237306e+01 0.000000e+00 0.000000e+00 8.519598e+04 3.659038e+02 0.000000e+00 0.000000e+00 0.000000e+00 0.000000e+00 0.000000e+00 7.778000e-01 2.222000e-01 -1.000000e+00 2.390815e+05 3.328269e+02
 3.150000e-01 2.500000e-02 0.000000e+00 5.000000e-04 8.631044e-01 5.391074e+01 0.000000e+00 0.000000e+00 8.150347e+04 3.635971e+02 0.000000e+00 0.000000e+00 0.000000e+00 0.000000e+00 0.000000e+00 7.778000e-01 2.222000e-01 -1.000000e+00 2.360765e+05 3.286437e+02
 3.250000e-01 2.500000e-02 0.000000e+00 5.000000e-04 8.344079e-01 6.615678e+01 0.000000e+00 0.000000e+00 7.773602e+04 3.611486e+02 0.000000e+00 0.000000e+00 0.000000e+00 0.000000e+00 0.000000e+00 7.778000e-01 2.222000e-01 -1.000000e+00 2.329077e+05 3.242324e+02
 3.350000e-01 2.500000e-02 0.000000e+00 5.000000e-04 8.054105e-01 7.888155e+01 0.000000e+00 0.000000e+00 7.398100e+04 3.586043e+02 0.000000e+00 0.000000e+00 0.000000e+00 0.000000e+00 0.000000e+00 7.778000e-01 2.222000e-01 -1.000000e+00 2.296376e+05 3.196800e+02
 3.450000e-01 2.500000e-02 0.000000e+00 5.000000e-04 7.765104e-01 9.193565e+01 0.000000e+00 0.000000e+00 7.029178e+04 3.559940e+02 0.000000e+00 0.000000e+00 0.000000e+00 0.000000e+00 0.000000e+00 7.778000e-01 2.222000e-01 -1.000000e+00 2.263066e+05 3.150430e+02
 3.550000e-01 2.500000e-02 0.000000e+00 5.000000e-04 7.479576e-01 1.052215e+02 0.000000e+00 0.000000e+00 6.670027e+04 3.533372e+02 0.000000e+00 0.000000e+00 0.000000e+00 0.000000e+00 0.000000e+00 7.778000e-01 2.222000e-01 -1.000000e+00 2.229413e+05 3.103581e+02
 3.650000e-01 2.500000e-02 0.000000e+00 5.000000e-04 7.199153e-01 1.186716e+02 0.000000e+00 0.000000e+00 6.322585e+04 3.506474e+02 0.000000e+00 0.000000e+00 0.000000e+00 0.000000e+00 0.000000e+00 7.778000e-01 2.222000e-01 -1.000000e+00 2.195600e+05 3.056510e+02
 3.750000e-01 2.500000e-02 0.000000e+00 5.000000e-04 6.924951e-01 1.322356e+02 0.000000e+00 0.000000e+00 5.988038e+04 3.479349e+02 0.000000e+00 0.000000e+00 0.000000e+00 0.000000e+00 0.000000e+00 7.778000e-01 2.222000e-01 -1.000000e+00 2.161762e+05 3.009403e+02
 3.850000e-01 2.500000e-02 0.000000e+00 5.000000e-04 6.657722e-01 1.458738e+02 0.000000e+00 0.000000e+00 5.667063e+04 3.452075e+02 0.000000e+00 0.000000e+00 0.000000e+00 0.000000e+00 0.000000e+00 7.778000e-01 2.222000e-01 -1.000000e+00 2.128004e+05 2.962408e+02
 3.950000e-01 2.500000e-02 0.000000e+00 5.000000e-04 6.398022e-01 1.595576e+02 0.000000e+00 0.000000e+00 5.359989e+04 3.424705e+02 0.000000e+00 0.000000e+00 0.000000e+00 0.000000e+00 0.000000e+00 7.778000e-01 2.222000e-01 -1.000000e+00 2.094393e+05 2.915619e+02
 4.050000e-01 2.500000e-02 0.000000e+00 5.000000e-04 6.145894e-01 1.732665e+02 0.000000e+00 0.000000e+00 5.066708e+04 3.397304e+02 0.000000e+00 0.000000e+00 0.000000e+00 0.000000e+00 0.000000e+00 7.778000e-01 2.222000e-01 -1.000000e+00 2.061014e+05 2.869151e+02
 4.150000e-01 2.500000e-02 0.000000e+00 5.000000e-04 5.901635e-01 1.869964e+02 0.000000e+00 0.000000e+00 4.786937e+04 3.369820e+02 0.000000e+00 0.000000e+00 0.000000e+00 0.000000e+00 0.000000e+00 7.778000e-01 2.222000e-01 -1.000000e+00 2.027801e+05 2.822916e+02
 4.250000e-01 2.500000e-02 0.000000e+00 5.000000e-04 5.664545e-01 2.007574e+02 0.000000e+00 0.000000e+00 4.519950e+04 3.342322e+02 0.000000e+00 0.000000e+00 0.000000e+00 0.000000e+00 0.000000e+00 7.778000e-01 2.222000e-01 -1.000000e+00 1.994842e+05 2.777034e+02
 4.350000e-01 2.500000e-02 0.000000e+00 5.000000e-04 5.434343e-01 2.145601e+02 0.000000e+00 0.000000e+00 4.264843e+04 3.314683e+02 0.000000e+00 0.000000e+00 0.000000e+00 0.000000e+00 0.000000e+00 7.778000e-01 2.222000e-01 -1.000000e+00 1.961986e+05 2.731295e+02
 4.450000e-01 2.500000e-02 0.000000e+00 5.000000e-04 5.210247e-01 2.284433e+02 0.000000e+00 0.000000e+00 4.021371e+04 3.287169e+02 0.000000e+00 0.000000e+00 0.000000e+00 0.000000e+00 0.000000e+00 7.778000e-01 2.222000e-01 -1.000000e+00 1.929549e+05 2.686139e+02
 4.550000e-01 2.500000e-02 0.000000e+00 5.000000e-04 4.995342e-01 2.423548e+02 0.000000e+00 0.000000e+00 3.788670e+04 3.258553e+02 0.000000e+00 0.000000e+00 0.000000e+00 0.000000e+00 0.000000e+00 7.778000e-01 2.222000e-01 -1.000000e+00 1.896101e+05 2.639575e+02
 4.650000e-01 2.500000e-02 0.000000e+00 5.000000e-04 4.783683e-01 2.561964e+02 0.000000e+00 0.000000e+00 3.568587e+04 3.231700e+02 0.000000e+00 0.000000e+00 0.000000e+00 0.000000e+00 0.000000e+00 7.778000e-01 2.222000e-01 -1.000000e+00 1.864979e+05 2.596250e+02
 4.750000e-01 2.500000e-02 0.000000e+00 5.000000e-04 4.588124e-01 2.697561e+02 0.000000e+00 0.000000e+00 3.367001e+04 3.205295e+02 0.000000e+00 0.000000e+00 0.000000e+00 0.000000e+00 0.000000e+00 7.778000e-01 2.222000e-01 -1.000000e+00 1.834628e+05 2.553998e+02
 4.850000e-01 2.500000e-02 0.000000e+00 5.000000e-04 4.424630e-01 2.815714e+02 0.000000e+00 0.000000e+00 3.190126e+04 3.177090e+02 0.000000e+00 0.000000e+00 0.000000e+00 0.000000e+00 0.000000e+00 7.778000e-01 2.222000e-01 -1.000000e+00 1.802482e+05 2.509247e+02
 4.950000e-01 2.500000e-02 0.000000e+00 5.000000e-04 4.300829e-01 2.902187e+02 0.000000e+00 0.000000e+00 3.075947e+04 3.164298e+02 0.000000e+00 0.000000e+00 0.000000e+00 0.000000e+00 0.000000e+00 7.778000e-01 2.222000e-01 -1.000000e+00 1.787996e+05 2.489082e+02
 5.050000e-01 2.500000e-02 0.000000e+00 5.000000e-04 4.254565e-01 2.936798e+02 0.000000e+00 0.000000e+00 3.030904e+04 3.158075e+02 0.000000e+00 0.000000e+00 0.000000e+00 0.000000e+00 0.000000e+00 7.778000e-01 2.222000e-01 -1.000000e+00 1.780971e+05 2.479302e+02
 5.150000e-01 2.500000e-02 0.000000e+00 5.000000e-04 4.253324e-01 2.938538e+02 0.000000e+00 0.000000e+00 3.026644e+04 3.156316e+02 0.000000e+00 0.000000e+00 0.000000e+00 0.000000e+00 0.000000e+00 7.778000e-01 2.222000e-01 -1.000000e+00 1.778988e+05 2.476541e+02
 5.250000e-01 2.500000e-02 0.000000e+00 5.000000e-04 4.261384e-01 2.933420e+02 0.000000e+00 0.000000e+00 3.032581e+04 3.156420e+02 0.000000e+00 0.000000e+00 0.000000e+00 0.000000e+00 0.000000e+00 7.778000e-01 2.222000e-01 -1.000000e+00 1.779105e+05 2.476704e+02
 5.350000e-01 2.500000e-02 0.000000e+00 5.000000e-04 4.262300e-01 2.932788e+02 0.000000e+00 0.000000e+00 3.032448e+04 3.156012e+02 0.000000e+00 0.000000e+00 0.000000e+00 0.000000e+00 0.000000e+00 7.778000e-01 2.222000e-01 -1.000000e+00 1.778645e+05 2.476064e+02
 5.450000e-01 2.500000e-02 0.000000e+00 5.000000e-04 4.261593e-01 2.932818e+02 0.000000e+00 0.000000e+00 3.032072e+04 3.156079e+02 0.000000e+00 0.000000e+00 0.000000e+00 0.000000e+00 0.000000e+00 7.778000e-01 2.222000e-01 -1.000000e+00 1.778720e+05 2.476168e+02
 5.550000e-01 2.500000e-02 0.000000e+00 5.000000e-04 4.258958e-01 2.932969e+02 0.000000e+00 0.000000e+00 3.031814e+04 3.156920e+02 0.000000e+00 0.000000e+00 0.000000e+00 0.000000e+00 0.000000e+00 7.778000e-01 2.222000e-01 -1.000000e+00 1.779669e+05 2.477489e+02
 5.650000e-01 2.500000e-02 0.000000e+00 5.000000e-04 4.256690e-01 2.933655e+02 0.000000e+00 0.000000e+00 3.031517e+04 3.157606e+02 0.000000e+00 0.000000e+00 0.000000e+00 0.000000e+00 0.000000e+00 7.778000e-01 2.222000e-01 -1.000000e+00 1.780442e+05 2.478566e+02
 5.750000e-01 2.500000e-02 0.000000e+00 5.000000e-04 4.256677e-01 2.934988e+02 0.000000e+00 0.000000e+00 3.031233e+04 3.157464e+02 0.000000e+00 0.000000e+00 0.000000e+00 0.000000e+00 0.000000e+00 7.778000e-01 2.222000e-01 -1.000000e+00 1.780282e+05 2.478342e+02
 5.850000e-01 2.500000e-02 0.000000e+00 5.000000e-04 4.259787e-01 2.936272e+02 0.000000e+00 0.000000e+00 3.031151e+04 3.156268e+02 0.000000e+00 0.000000e+00 0.000000e+00 0.000000e+00 0.000000e+00 7.778000e-01 2.222000e-01 -1.000000e+00 1.778934e+05 2.476465e+02
 5.950000e-01 2.500000e-02 0.000000e+00 5.000000e-04 4.269389e-01 2.936479e+02 0.000000e+00 0.000000e+00 3.031057e+04 3.152668e+02 0.000000e+00 0.000000e+00 0.000000e+00 0.000000e+00 0.000000e+00 7.778000e-01 2.222000e-01 -1.000000e+00 1.774877e+05 2.470819e+02
 6.050000e-01 2.500000e-02 0.000000e+00 5.000000e-04 4.274887e-01 2.936230e+02 0.000000e+00 0.000000e+00 3.030475e+04 3.150337e+02 0.000000e+00 0.000000e+00 0.000000e+00 0.000000e+00 0.000000e+00 7.778000e-01 2.222000e-01 -1.000000e+00 1.772254e+05 2.467167e+02
 6.150000e-01 2.500000e-02 0.000000e+00 5.000000e-04 4.274222e-01 2.935955e+02 0.000000e+00 0.000000e+00 3.030187e+04 3.150433e+02 0.000000e+00 0.000000e+00 0.000000e+00 0.000000e+00 0.000000e+00 7.778000e-01 2.222000e-01 -1.000000e+00 1.772362e+05 2.467317e+02
 6.250000e-01 2.500000e-02 0.000000e+00 5.000000e-04 4.266069e-01 2.935738e+02 0.000000e+00 0.000000e+00 3.029819e+04 3.153250e+02 0.000000e+00 0.000000e+00 0.000000e+00 0.000000e+00 0.000000e+00 7.778000e-01 2.222000e-01 -1.000000e+00 1.775533e+05 2.471732e+02
 6.350000e-01 2.500000e-02 0.000000e+00 5.000000e-04 4.234875e-01 2.935672e+02 0.000000e+00 0.000000e+00 3.029744e+04 3.164803e+02 0.000000e+00 0.000000e+00 0.000000e+00 0.000000e+00 0.000000e+00 7.778000e-01 2.222000e-01 -1.000000e+00 1.788567e+05 2.489877e+02
 6.450000e-01 2.500000e-02 0.000000e+00 5.000000e-04 4.150015e-01 2.936064e+02 0.000000e+00 0.000000e+00 3.030356e+04 3.197319e+02 0.000000e+00 0.000000e+00 0.000000e+00 0.000000e+00 0.000000e+00 7.778000e-01 2.222000e-01 -1.000000e+00 1.825509e+05 2.541303e+02
 6.550000e-01 2.500000e-02 0.000000e+00 5.000000e-04 3.966171e-01 2.937961e+02 0.000000e+00 0.000000e+00 3.033328e+04 3.272186e+02 0.000000e+00 0.000000e+00 0.000000e+00 0.000000e+00 0.000000e+00 7.778000e-01 2.222000e-01 -1.000000e+00 1.912000e+05 2.661708e+02
 6.650000e-01 2.500000e-02 0.000000e+00 5.000000e-04 3.642670e-01 2.939336e+02 0.000000e+00 0.000000e+00 3.034266e+04 3.414923e+02 0.000000e+00 0.000000e+00 0.000000e+00 0.000000e+00 0.000000e+00 7.778000e-01 2.222000e-01 -1.000000e+00 2.082447e+05 2.898988e+02
 6.750000e-01 2.500000e-02 0.000000e+00 5.000000e-04 3.241425e-01 2.933205e+02 0.000000e+00 0.000000e+00 3.026377e+04 3.615409e+02 0.000000e+00 0.000000e+00 0.000000e+00 0.000000e+00 0.000000e+00 7.778000e-01 2.222000e-01 -1.000000e+00 2.334140e+05 3.249373e+02
 6.850000e-01 2.500000e-02 0.000000e+00 5.000000e-04 2.951614e-01 2.933002e+02 0.000000e+00 0.000000e+00 3.027133e+04 3.789221e+02 0.000000e+00 0.000000e+00 0.000000e+00 0.000000e+00 0.000000e+00 7.778000e-01 2.222000e-01 -1.000000e+00 2.563964e+05 3.569312e+02
 6.950000e-01 2.500000e-02 0.000000e+00 5.000000e-04 2.794442e-01 2.934542e+02 0.000000e+00 0.000000e+00 3.029056e+04 3.895562e+02 0.000000e+00 0.000000e+00 0.000000e+00 0.000000e+00 0.000000e+00 7.778000e-01 2.222000e-01 -1.000000e+00 2.709893e+05 3.772461e+02
 7.050000e-01 2.500000e-02 0.000000e+00 5.000000e-04 2.712438e-01 2.934565e+02 0.000000e+00 0.000000e+00 3.029250e+04 3.954137e+02 0.000000e+00 0.000000e+00 0.000000e+00 0.000000e+00 0.000000e+00 7.778000e-01 2.222000e-01 -1.000000e+00 2.791999e+05 3.886761e+02
 7.150000e-01 2.500000e-02 0.000000e+00 5.000000e-04 2.671795e-01 2.934234e+02 0.000000e+00 0.000000e+00 3.029084e+04 3.983989e+02 0.000000e+00 0.000000e+00 0.000000e+00 0.000000e+00 0.000000e+00 7.778000e-01 2.222000e-01 -1.000000e+00 2.834315e+05 3.945669e+02
 7.250000e-01 2.500000e-02 0.000000e+00 5.000000e-04 2.652979e-01 2.933723e+02 0.000000e+00 0.000000e+00 3.028656e+04 3.997810e+02 0.000000e+00 0.000000e+00 0.000000e+00 0.000000e+00 0.000000e+00 7.778000e-01 2.222000e-01 -1.000000e+00 2.854015e+05 3.973093e+02
 7.350000e-01 2.500000e-02 0.000000e+00 5.000000e-04 2.645001e-01 2.932751e+02 0.000000e+00 0.000000e+00 3.027771e+04 4.003249e+02 0.000000e+00 0.000000e+00 0.000000e+00 0.000000e+00 0.000000e+00 7.778000e-01 2.222000e-01 -1.000000e+00 2.861786e+05 3.983912e+02
 7.450000e-01 2.500000e-02 0.000000e+00 5.000000e-04 2.642343e-01 2.931981e+02 0.000000e+00 0.000000e+00 3.027112e+04 4.004827e+02 0.000000e+00 0.000000e+00 0.000000e+00 0.000000e+00 0.000000e+00 7.778000e-01 2.222000e-01 -1.000000e+00 2.864042e+05 3.987053e+02
 7.550000e-01 2.500000e-02 0.000000e+00 5.000000e-04 2.641954e-01 2.931679e+02 0.000000e+00 0.000000e+00 3.026934e+04 4.005003e+02 0.000000e+00 0.000000e+00 0.000000e+00 0.000000e+00 0.000000e+00 7.778000e-01 2.222000e-01 -1.000000e+00 2.864294e+05 3.987403e+02
 7.650000e-01 2.500000e-02 0.000000e+00 5.000000e-04 2.642466e-01 2.931540e+02 0.000000e+00 0.000000e+00 3.026979e+04 4.004645e+02 0.000000e+00 0.000000e+00 0.000000e+00 0.000000e+00 0.000000e+00 7.778000e-01 2.222000e-01 -1.000000e+00 2.863782e+05 3.986691e+02
 7.750000e-01 2.500000e-02 0.000000e+00 5.000000e-04 2.644095e-01 2.931652e+02 0.000000e+00 0.000000e+00 3.027143e+04 4.003519e+02 0.000000e+00 0.000000e+00 0.000000e+00 0.000000e+00 0.000000e+00 7.778000e-01 2.222000e-01 -1.000000e+00 2.862172e+05 3.984450e+02
 7.850000e-01 2.500000e-02 0.000000e+00 5.000000e-04 2.645944e-01 2.931154e+02 0.000000e+00 0.000000e+00 3.026580e+04 4.001748e+02 0.000000e+00 0.000000e+00 0.000000e+00 0.000000e+00 0.000000e+00 7.778000e-01 2.222000e-01 -1.000000e+00 2.859641e+05 3.980926e+02
 7.950000e-01 2.500000e-02 0.000000e+00 5.000000e-04 2.645027e-01 2.926998e+02 0.000000e+00 0.000000e+00 3.021716e+04 3.999225e+02 0.000000e+00 0.000000e+00 0.000000e+00 0.000000e+00 0.000000e+00 7.778000e-01 2.222000e-01 -1.000000e+00 2.856035e+05 3.975906e+02
 8.050000e-01 2.500000e-02 0.000000e+00 5.000000e-04 2.635681e-01 2.911596e+02 0.000000e+00 0.000000e+00 3.003583e+04 3.994270e+02 0.000000e+00 0.000000e+00 0.000000e+00 0.000000e+00 0.000000e+00 7.778000e-01 2.222000e-01 -1.000000e+00 2.848963e+05 3.966060e+02
 8.150000e-01 2.500000e-02 0.000000e+00 5.000000e-04 2.594386e-01 2.853147e+02 0.000000e+00 0.000000e+00 2.934667e+04 3.979478e+02 0.000000e+00 0.000000e+00 0.000000e+00 0.000000e+00 0.000000e+00 7.778000e-01 2.222000e-01 -1.000000e+00 2.827901e+05 3.936740e+02
 8.250000e-01 2.500000e-02 0.000000e+00 5.000000e-04 2.444979e-01 2.637423e+02 0.000000e+00 0.000000e+00 2.692252e+04 3.926308e+02 0.000000e+00 0.000000e+00 0.000000e+00 0.000000e+00 0.000000e+00 7.778000e-01 2.222000e-01 -1.000000e+00 2.752838e+05 3.832245e+02
 8.350000e-01 2.500000e-02 0.000000e+00 5.000000e-04 1.993034e-01 1.879982e+02 0.000000e+00 0.000000e+00 2.002853e+04 3.750863e+02 0.000000e+00 0.000000e+00 0.000000e+00 0.000000e+00 0.000000e+00 7.778000e-01 2.222000e-01 -1.000000e+00 2.512317e+05 3.497413e+02
 8.450000e-01 2.500000e-02 0.000000e+00 5.000000e-04 1.443633e-01 5.869535e+01 0.000000e+00 0.000000e+00 1.236106e+04 3.462290e+02 0.000000e+00 0.000000e+00 0.000000e+00 0.000000e+00 0.000000e+00 7.778000e-01 2.222000e-01 -1.000000e+00 2.140616e+05 2.979966e+02
 8.550000e-01 2.500000e-02 0.000000e+00 5.000000e-04 1.290596e-01 1.276549e+01 0.000000e+00 0.000000e+00 1.047790e+04 3.371368e+02 0.000000e+00 0.000000e+00 0.000000e+00 0.000000e+00 0.000000e+00 7.778000e-01 2.222000e-01 -1.000000e+00 2.029664e+05 2.825509e+02
 8.650000e-01 2.500000e-02 0.000000e+00 5.000000e-04 1.257311e-01 2.585406e+00 0.000000e+00 0.000000e+00 1.009635e+04 3.352933e+02 0.000000e+00 0.000000e+00 0.000000e+00 0.000000e+00 0.000000e+00 7.778000e-01 2.222000e-01 -1.000000e+00 2.007528e+05 2.794694e+02
 8.750000e-01 2.500000e-02 0.000000e+00 5.000000e-04 1.250460e-01 5.144811e-01 0.000000e+00 0.000000e+00 1.001919e+04 3.349233e+02 0.000000e+00 0.000000e+00 0.000000e+00 0.000000e+00 0.000000e+00 7.778000e-01 2.222000e-01 -1.000000e+00 2.003100e+05 2.788529e+02
 8.850000e-01 2.500000e-02 0.000000e+00 5.000000e-04 1.249089e-01 1.019005e-01 0.000000e+00 0.000000e+00 1.000380e+04 3.348496e+02 0.000000e+00 0.000000e+00 0.000000e+00 0.000000e+00 0.000000e+00 7.778000e-01 2.222000e-01 -1.000000e+00 2.002219e+05 2.787303e+02
 8.950000e-01 2.500000e-02 0.000000e+00 5.000000e-04 1.248817e-01 2.015683e-02 0.000000e+00 0.000000e+00 1.000075e+04 3.348350e+02 0.000000e+00 0.000000e+00 0.000000e+00 0.000000e+00 0.000000e+00 7.778000e-01 2.222000e-01 -1.000000e+00 2.002045e+05 2.787060e+02
 9.050000e-01 2.500000e-02 0.000000e+00 5.000000e-04 1.248764e-01 3.983035e-03 0.000000e+00 0.000000e+00 1.000015e+04 3.348321e+02 0.000000e+00 0.000000e+00 0.000000e+00 0.000000e+00 0.000000e+00 7.778000e-01 2.222000e-01 -1.000000e+00 2.002010e+05 2.787012e+02
 9.150000e-01 2.500000e-02 0.000000e+00 5.000000e-04 1.248753e-01 7.862838e-04 0.000000e+00 0.000000e+00 1.000003e+04 3.348316e+02 0.000000e+00 0.000000e+00 0.000000e+00 0.000000e+00 0.000000e+00 7.778000e-01 2.222000e-01 -1.000000e+00 2.002003e+05 2.787002e+02
 9.250000e-01 2.500000e-02 0.000000e+00 5.000000e-04 1.248751e-01 1.549997e-04 0.000000e+00 0.000000e+00 1.000001e+04 3.348315e+02 0.000000e+00 0.000000e+00 0.000000e+00 0.000000e+00 0.000000e+00 7.778000e-01 2.222000e-01 -1.000000e+00 2.002002e+05 2.787000e+02
 9.350000e-01 2.500000e-02 0.000000e+00 5.000000e-04 1.248750e-01 3.045617e-05 0.000000e+00 0.000000e+00 1.000000e+04 3.348314e+02 0.000000e+00 0.000000e+00 0.000000e+00 0.000000e+00 0.000000e+00 7.778000e-01 2.222000e-01 -1.000000e+00 2.002002e+05 2.787000e+02
 9.450000e-01 2.500000e-02 0.000000e+00 5.000000e-04 1.248750e-01 6.077610e-06 0.000000e+00 0.000000e+00 1.000000e+04 3.348314e+02 0.000000e+00 0.000000e+00 0.000000e+00 0.000000e+00 0.000000e+00 7.778000e-01 2.222000e-01 -1.000000e+00 2.002002e+05 2.787000e+02
 9.550000e-01 2.500000e-02 0.000000e+00 5.000000e-04 1.248750e-01 1.382395e-06 0.000000e+00 0.000000e+00 1.000000e+04 3.348314e+02 0.000000e+00 0.000000e+00 0.000000e+00 0.000000e+00 0.000000e+00 7.778000e-01 2.222000e-01 -1.000000e+00 2.002002e+05 2.787000e+02
 9.650000e-01 2.500000e-02 0.000000e+00 5.000000e-04 1.248750e-01 3.288878e-07 0.000000e+00 0.000000e+00 1.000000e+04 3.348314e+02 0.000000e+00 0.000000e+00 0.000000e+00 0.000000e+00 0.000000e+00 7.778000e-01 2.222000e-01 -1.000000e+00 2.002002e+05 2.787000e+02
 9.750000e-01 2.500000e-02 0.000000e+00 5.000000e-04 1.248750e-01 7.801969e-08 0.000000e+00 0.000000e+00 1.000000e+04 3.348314e+02 0.000000e+00 0.000000e+00 0.000000e+00 0.000000e+00 0.000000e+00 7.778000e-01 2.222000e-01 -1.000000e+00 2.002002e+05 2.787000e+02
 9.850000e-01 2.500000e-02 0.000000e+00 5.000000e-04 1.248750e-01 1.833924e-08 0.000000e+00 0.000000e+00 1.000000e+04 3.348314e+02 0.000000e+00 0.000000e+00 0.000000e+00 0.000000e+00 0.000000e+00 7.778000e-01 2.222000e-01 -1.000000e+00 2.002002e+05 2.787000e+02
 9.950000e-01 2.500000e-02 0.000000e+00 5.000000e-04 1.248750e-01 3.271534e-09 0.000000e+00 0.000000e+00 1.000000e+04 3.348314e+02 0.000000e+00 0.000000e+00 0.000000e+00 0.000000e+00 0.000000e+00 7.778000e-01 2.222000e-01 -1.000000e+00 2.002002e+05 2.787000e+02
