0.000000e+00 348.4
2.755006e-01 348.4
2.759480e-01 348.169
2.763963e-01 347.937
2.768456e-01 347.705
2.772957e-01 347.472
2.777467e-01 347.239
2.781987e-01 347.006
2.786515e-01 346.772
2.791053e-01 346.538
2.795600e-01 346.303
2.800156e-01 346.068
2.804722e-01 345.833
2.809297e-01 345.597
2.813881e-01 345.361
2.818474e-01 345.124
2.823078e-01 344.888
2.827690e-01 344.65
2.832312e-01 344.412
2.836944e-01 344.174
2.841586e-01 343.936
2.846237e-01 343.697
2.850898e-01 343.457
2.855568e-01 343.217
2.860248e-01 342.977
2.864939e-01 342.736
2.869639e-01 342.495
2.874349e-01 342.254
2.879069e-01 342.012
2.883799e-01 341.769
2.888539e-01 341.526
2.893290e-01 341.283
2.898050e-01 341.04
2.902821e-01 340.796
2.907602e-01 340.551
2.912393e-01 340.306
2.917195e-01 340.06
2.922007e-01 339.815
2.926830e-01 339.568
2.931663e-01 339.322
2.936506e-01 339.074
2.941361e-01 338.827
2.946226e-01 338.578
2.951101e-01 338.33
2.955988e-01 338.081
2.960885e-01 337.831
2.965793e-01 337.581
2.970712e-01 337.331
2.975642e-01 337.08
2.980583e-01 336.829
2.985535e-01 336.577
2.990499e-01 336.324
2.995473e-01 336.072
3.000459e-01 335.818
3.005456e-01 335.565
3.010464e-01 335.31
3.015484e-01 335.056
3.020515e-01 334.801
3.025558e-01 334.545
3.030613e-01 334.289
3.035679e-01 334.032
3.040756e-01 333.775
3.045846e-01 333.517
3.050947e-01 333.259
3.056060e-01 333
3.061186e-01 332.741
3.066323e-01 332.482
3.071472e-01 332.222
3.076633e-01 331.961
3.081807e-01 331.7
3.086992e-01 331.438
3.092191e-01 331.176
3.097401e-01 330.913
3.102624e-01 330.65
3.107859e-01 330.386
3.113107e-01 330.122
3.118368e-01 329.857
3.123641e-01 329.591
3.128927e-01 329.326
3.134226e-01 329.059
3.139538e-01 328.792
3.144863e-01 328.525
3.150200e-01 328.256
3.155551e-01 327.988
3.160915e-01 327.719
3.166293e-01 327.449
3.171683e-01 327.179
3.177087e-01 326.908
3.182505e-01 326.636
3.187936e-01 326.364
3.193380e-01 326.092
3.198839e-01 325.819
3.204311e-01 325.545
3.209797e-01 325.271
3.215297e-01 324.996
3.220810e-01 324.721
3.226338e-01 324.445
3.231880e-01 324.168
3.237436e-01 323.891
3.243007e-01 323.613
3.248592e-01 323.335
3.254191e-01 323.056
3.259805e-01 322.776
3.265434e-01 322.496
3.271077e-01 322.215
3.276735e-01 321.934
3.282408e-01 321.652
3.288096e-01 321.369
3.293799e-01 321.086
3.299517e-01 320.802
3.305250e-01 320.517
3.310998e-01 320.232
3.316762e-01 319.946
3.322542e-01 319.66
3.328337e-01 319.373
3.334148e-01 319.085
3.339974e-01 318.797
3.345816e-01 318.508
3.351674e-01 318.218
3.357549e-01 317.928
3.363439e-01 317.637
3.369346e-01 317.345
3.375269e-01 317.053
3.381208e-01 316.76
3.387164e-01 316.466
3.393137e-01 316.171
3.399126e-01 315.876
3.405132e-01 315.581
3.411155e-01 315.284
3.417195e-01 314.987
3.423252e-01 314.689
3.429327e-01 314.391
3.435418e-01 314.091
3.441528e-01 313.791
3.447654e-01 313.491
3.453799e-01 313.189
3.459961e-01 312.887
3.466141e-01 312.584
3.472340e-01 312.28
3.478556e-01 311.976
3.484791e-01 311.671
3.491043e-01 311.365
3.497315e-01 311.058
3.503605e-01 310.751
3.509914e-01 310.443
3.516241e-01 310.134
3.522588e-01 309.824
3.528953e-01 309.514
3.535338e-01 309.203
3.541742e-01 308.891
3.548166e-01 308.578
3.554609e-01 308.264
3.561072e-01 307.95
3.567555e-01 307.635
3.574057e-01 307.319
3.580580e-01 307.002
3.587123e-01 306.684
3.593687e-01 306.366
3.600271e-01 306.046
3.606876e-01 305.726
3.613501e-01 305.405
3.620148e-01 305.084
3.626815e-01 304.761
3.633504e-01 304.437
3.640214e-01 304.113
3.646946e-01 303.788
3.653699e-01 303.462
3.660474e-01 303.134
3.667272e-01 302.807
3.674091e-01 302.478
3.680933e-01 302.148
3.687797e-01 301.818
3.694684e-01 301.486
3.701593e-01 301.154
3.708526e-01 300.82
3.715481e-01 300.486
3.722460e-01 300.151
3.729463e-01 299.815
3.736489e-01 299.478
3.743538e-01 299.14
3.750612e-01 298.801
3.757710e-01 298.461
3.764832e-01 298.12
3.771979e-01 297.778
3.779150e-01 297.435
3.786347e-01 297.091
3.793568e-01 296.746
3.800815e-01 296.401
3.808087e-01 296.054
3.815385e-01 295.706
3.822708e-01 295.357
3.830058e-01 295.007
3.837434e-01 294.656
3.844836e-01 294.304
3.852265e-01 293.951
3.859721e-01 293.597
3.867203e-01 293.241
3.874714e-01 292.885
3.882251e-01 292.528
3.889817e-01 292.169
3.897410e-01 291.81
3.905031e-01 291.449
3.912681e-01 291.087
3.920360e-01 290.724
3.928067e-01 290.36
3.935804e-01 289.995
3.943570e-01 289.628
3.951365e-01 289.261
3.959190e-01 288.892
3.967045e-01 288.522
3.974931e-01 288.151
3.982847e-01 287.779
3.990794e-01 287.405
3.998772e-01 287.031
4.006782e-01 286.655
4.014823e-01 286.277
4.022896e-01 285.899
4.031001e-01 285.519
4.039138e-01 285.138
4.047309e-01 284.756
4.055512e-01 284.373
4.063749e-01 283.988
4.072019e-01 283.602
4.080323e-01 283.214
4.088662e-01 282.825
4.097035e-01 282.435
4.105442e-01 282.044
4.113885e-01 281.651
4.122364e-01 281.257
4.130878e-01 280.861
4.139428e-01 280.464
4.148015e-01 280.066
4.156638e-01 279.666
4.165299e-01 279.265
4.173997e-01 278.862
4.182733e-01 278.458
4.191507e-01 278.052
4.200320e-01 277.645
4.209171e-01 277.237
4.218062e-01 276.827
4.226993e-01 276.415
4.235963e-01 276.002
4.244974e-01 275.587
4.254026e-01 275.171
4.263120e-01 274.753
4.272254e-01 274.333
4.281431e-01 273.912
4.290651e-01 273.489
4.299913e-01 273.065
4.309219e-01 272.639
4.318568e-01 272.211
4.327962e-01 271.782
4.337401e-01 271.351
4.346885e-01 270.918
4.356414e-01 270.484
4.365989e-01 270.047
4.375612e-01 269.609
4.385281e-01 269.17
4.394998e-01 268.728
4.404763e-01 268.284
4.414576e-01 267.839
4.424439e-01 267.392
4.434351e-01 266.943
4.444314e-01 266.492
4.454328e-01 266.039
4.464393e-01 265.584
4.474509e-01 265.128
4.484679e-01 264.669
4.494901e-01 264.208
4.505178e-01 263.745
4.515508e-01 263.281
4.525894e-01 262.814
4.536335e-01 262.345
4.546833e-01 261.874
4.557387e-01 261.401
4.567999e-01 260.926
4.578669e-01 260.448
4.589398e-01 259.969
4.600187e-01 259.487
4.611037e-01 259.003
4.621947e-01 258.516
4.632920e-01 258.027
4.643955e-01 257.536
4.655053e-01 257.043
4.666216e-01 256.547
4.677444e-01 256.049
4.688738e-01 255.548
4.700098e-01 255.045
4.711526e-01 254.54
4.723023e-01 254.032
4.734589e-01 253.521
4.746225e-01 253.008
4.757932e-01 252.492
4.769712e-01 251.974
4.781564e-01 251.452
4.793491e-01 250.929
4.805493e-01 250.402
4.817571e-01 249.872
4.829727e-01 249.34
4.841960e-01 248.805
4.854273e-01 248.267
4.866667e-01 247.726
6.759718e-01 247.726
6.759718e-01 397.669
8.324482e-01 397.669
8.324482e-01 278.72
1.000000e+00 278.72
