=================================================================================================
      i NZ NE iSLP iLV iCONF                 E(RYD)      TE(RYD)   gi         QD     EQN    RL(NS)
 =================================================================================================
      1  8  8  100   1 2s2 2p4         -6.77557E-01  3.25953E-01  1.0  0.000E+00  0.9776  1.00E+30
      2  8  8  100   2 2p3(2PO) 3p      1.96414E-01  1.19992E+00  1.0  5.914E-01  2.4086  1.98E+01
      3  8  8  100   3 2p3(2PO) 4p      2.84057E-01  1.28757E+00  1.0  5.645E-01  3.4355  1.23E+02
      4  8  8  100   4 2p3(2PO) 5p      3.18171E-01  1.32168E+00  1.0  5.549E-01  4.4451  3.32E+02
      5  8  8  100   5 2p3(2PO) 6p      3.35110E-01  1.33862E+00  1.0  5.504E-01  5.4496  6.70E+02
      6  8  8  100   6 2p3(2PO) 7p      3.44761E-01  1.34827E+00  1.0  5.478E-01  6.4521  1.17E+03
      7  8  8  100   7 2p3(2PO) 8p      3.50783E-01  1.35429E+00  1.0  5.462E-01  7.4538  1.86E+03
      8  8  8  100   8 2p3(2PO) 9p      3.54793E-01  1.35830E+00  1.0  5.451E-01  8.4549  2.77E+03
      9  8  8  100   9 2p3(2PO)10p      3.57597E-01  1.36111E+00  1.0  5.446E-01  9.4554  3.92E+03
     10  8  8  101   1 2p3(2DO) 3d      1.32131E-01  1.13564E+00  1.0  1.540E-02  2.9846  2.41E+01
     11  8  8  101   2 2p3(2DO) 4d      1.81240E-01  1.18475E+00  1.0  2.070E-02  3.9793  7.26E+01
     12  8  8  101   3 2p3(2DO) 5d      2.04018E-01  1.20753E+00  1.0  2.321E-02  4.9768  1.61E+02
     13  8  8  101   4 2p3(2DO) 6d      2.16386E-01  1.21990E+00  1.0  2.450E-02  5.9755  2.97E+02
     14  8  8  101   5 2p3(2DO) 7d      2.23835E-01  1.22734E+00  1.0  2.538E-02  6.9746  4.92E+02
     15  8  8  101   6 2p3(2DO) 8d      2.28665E-01  1.23217E+00  1.0  2.598E-02  7.9740  7.52E+02
     16  8  8  101   7 2p3(2DO) 9d      2.31974E-01  1.23548E+00  1.0  2.624E-02  8.9738  1.09E+03
     17  8  8  101   8 2p3(2DO)10d      2.34339E-01  1.23785E+00  1.0  2.639E-02  9.9736  1.51E+03
     18  8  8  110   1 2p3(2DO) 3p      3.46131E-02  1.03812E+00  3.0  8.167E-01  2.1833  5.07E+01
     19  8  8  110   2 2p3(2DO) 4p      1.44497E-01  1.14801E+00  3.0  8.361E-01  3.1639  2.60E+02
     20  8  8  110   3 2p3(2PO) 3p      1.65408E-01  1.16892E+00  3.0  7.826E-01  2.2174  4.05E+01
     21  8  8  110   4 2p3(2DO) 4f      1.81898E-01  1.18541E+00  3.0 -1.922E-04  4.0002  7.15E+01
     22  8  8  110   5 2p3(2DO) 5p      1.88887E-01  1.19240E+00  3.0  7.554E-01  4.2446  3.47E+02
     23  8  8  110   6 2p3(2DO) 5f      2.04390E-01  1.20790E+00  3.0  1.243E-04  4.9999  1.36E+02
     24  8  8  110   7 2p3(2DO) 6p      2.07858E-01  1.21137E+00  3.0  7.682E-01  5.2318  1.03E+03
     25  8  8  110   8 2p3(2DO) 6f      2.16612E-01  1.22012E+00  3.0  2.396E-04  5.9998  2.32E+02
     26  8  8  110   9 2p3(2DO) 7p      2.18616E-01  1.22213E+00  3.0  7.714E-01  6.2286  1.98E+03
     27  8  8  110  10 2p3(2DO) 7f      2.23982E-01  1.22749E+00  3.0  3.126E-04  6.9997  3.64E+02
     28  8  8  110  11 2p3(2DO) 8p      2.25247E-01  1.22876E+00  3.0  7.728E-01  7.2272  3.29E+03
     29  8  8  110  12 2p3(2DO) 8f      2.28765E-01  1.23228E+00  3.0  5.111E-04  7.9995  5.39E+02
     30  8  8  110  13 2p3(2DO) 9p      2.29615E-01  1.23312E+00  3.0  7.737E-01  8.2263  4.98E+03
     31  8  8  110  14 2p3(2DO) 9f      2.32045E-01  1.23555E+00  3.0  4.807E-04  8.9995  7.63E+02
     32  8  8  110  15 2p3(2DO)10p      2.32643E-01  1.23615E+00  3.0  7.743E-01  9.2257  7.14E+03
     33  8  8  110  16 2p3(2DO)10f      2.34391E-01  1.23790E+00  3.0  4.944E-04  9.9995  1.04E+03
     34  8  8  111   1 2p3(2PO) 3s      6.59807E-02  1.06949E+00  3.0  1.183E+00  1.8173  1.40E+00
     35  8  8  111   2 2p3(2DO) 3d      1.32470E-01  1.13598E+00  3.0  1.089E-02  2.9891  1.71E+01
     36  8  8  111   3 2p3(2DO) 4d      1.81244E-01  1.18475E+00  3.0  2.058E-02  3.9794  3.47E+01
     37  8  8  111   4 2p3(2DO) 5d      2.03979E-01  1.20749E+00  3.0  2.561E-02  4.9744  6.25E+01
     38  8  8  111   5 2p3(2DO) 6d      2.16343E-01  1.21985E+00  3.0  2.908E-02  5.9709  1.00E+02
     39  8  8  111   6 2p3(2DO) 7d      2.23798E-01  1.22731E+00  3.0  3.165E-02  6.9683  1.48E+02
     40  8  8  111   7 2p3(2DO) 8d      2.28633E-01  1.23214E+00  3.0  3.408E-02  7.9659  2.04E+02
     41  8  8  111   8 2p3(2DO) 9d      2.31946E-01  1.23546E+00  3.0  3.634E-02  8.9637  2.66E+02
     42  8  8  111   9 2p3(2DO)10d      2.34315E-01  1.23783E+00  3.0  3.828E-02  9.9617  3.31E+02
     43  8  8  120   1 2s2 2p4         -8.51519E-01  1.51991E-01  5.0  0.000E+00  0.9552  1.00E+30
     44  8  8  120   2 2p3(2DO) 3p      6.56298E-02  1.06914E+00  5.0  6.348E-01  2.3652  2.26E+01
     45  8  8  120   3 2p3(2DO) 4p      1.56563E-01  1.16007E+00  5.0  6.257E-01  3.3743  8.58E+01
     46  8  8  120   4 2p3(2PO) 3p      1.74918E-01  1.17843E+00  5.0  7.288E-01  2.2712  3.03E+01
     47  8  8  120   5 2p3(2DO) 4f      1.81925E-01  1.18544E+00  5.0 -1.057E-03  4.0011  7.22E+01
     48  8  8  120   6 2p3(2DO) 5p      1.93069E-01  1.19658E+00  5.0  5.859E-01  4.4141  1.46E+02
     49  8  8  120   7 2p3(2DO) 5f      2.04392E-01  1.20790E+00  5.0  0.000E+00  5.0000  1.38E+02
     50  8  8  120   8 2p3(2DO) 6p      2.10220E-01  1.21373E+00  5.0  5.904E-01  5.4096  3.22E+02
     51  8  8  120   9 2p3(2DO) 6f      2.16612E-01  1.22012E+00  5.0  2.396E-04  5.9998  2.35E+02
     52  8  8  120  10 2p3(2DO) 7p      2.20050E-01  1.22356E+00  5.0  5.905E-01  6.4095  5.70E+02
     53  8  8  120  11 2p3(2DO) 7f      2.23982E-01  1.22749E+00  5.0  3.126E-04  6.9997  3.69E+02
     54  8  8  120  12 2p3(2DO) 8p      2.26178E-01  1.22969E+00  5.0  5.904E-01  7.4096  9.12E+02
     55  8  8  120  13 2p3(2DO) 8f      2.28765E-01  1.23228E+00  5.0  5.111E-04  7.9995  5.46E+02
     56  8  8  120  14 2p3(2DO) 9p      2.30252E-01  1.23376E+00  5.0  5.904E-01  8.4096  1.37E+03
     57  8  8  120  15 2p3(2DO) 9f      2.32045E-01  1.23555E+00  5.0  4.807E-04  8.9995  7.73E+02
     58  8  8  120  16 2p3(2DO)10p      2.33098E-01  1.23661E+00  5.0  5.903E-01  9.4097  1.95E+03
     59  8  8  120  17 2p3(2DO)10f      2.34391E-01  1.23790E+00  5.0  4.944E-04  9.9995  1.05E+03
     60  8  8  121   1 2p3(2DO) 3s     -5.61535E-02  9.47357E-01  5.0  1.176E+00  1.8241  1.83E+00
     61  8  8  121   2 2p3(2DO) 4s      1.20216E-01  1.12373E+00  5.0  1.162E+00  2.8378  6.65E+00
     62  8  8  121   3 2p3(2DO) 3d      1.33071E-01  1.13658E+00  5.0  2.829E-03  2.9972  6.87E+00
     63  8  8  121   4 2p3(2DO) 5s      1.76643E-01  1.18015E+00  5.0  1.158E+00  3.8419  1.62E+01
     64  8  8  121   5 2p3(2DO) 4d      1.81774E-01  1.18528E+00  5.0  3.770E-03  3.9962  1.34E+01
     65  8  8  121   6 2p3(2DO) 6s      2.01767E-01  1.20528E+00  5.0  1.156E+00  4.8436  3.21E+01
     66  8  8  121   7 2p3(2DO) 5d      2.04322E-01  1.20783E+00  5.0  4.369E-03  4.9956  2.40E+01
     67  8  8  121   8 2p3(2DO) 7s      2.15116E-01  1.21863E+00  5.0  1.156E+00  5.8445  5.62E+01
     68  8  8  121   9 2p3(2DO) 6d      2.16570E-01  1.22008E+00  5.0  4.769E-03  5.9952  4.00E+01
     69  8  8  121  10 2p3(2DO) 8s      2.23048E-01  1.22656E+00  5.0  1.155E+00  6.8448  9.01E+01
     70  8  8  121  11 2p3(2DO) 7d      2.23954E-01  1.22746E+00  5.0  5.109E-03  6.9949  6.19E+01
     71  8  8  121  12 2p3(2DO) 9s      2.28144E-01  1.23165E+00  5.0  1.155E+00  7.8451  1.35E+02
     72  8  8  121  13 2p3(2DO) 8d      2.28746E-01  1.23226E+00  5.0  5.369E-03  7.9946  9.09E+01
     73  8  8  121  14 2p3(2DO)10s      2.31611E-01  1.23512E+00  5.0  1.155E+00  8.8454  1.93E+02
     74  8  8  121  15 2p3(2DO) 9d      2.32031E-01  1.23554E+00  5.0  5.576E-03  8.9944  1.28E+02
     75  8  8  121  16 2p3(2DO)11s      2.34075E-01  1.23758E+00  5.0  1.155E+00  9.8452  2.66E+02
     76  8  8  130   1 2p3(2DO) 3p      4.15449E-02  1.04505E+00  7.0  7.797E-01  2.2203  4.04E+01
     77  8  8  130   2 2p3(2DO) 4p      1.49136E-01  1.15265E+00  7.0  7.599E-01  3.2401  2.59E+02
     78  8  8  130   3 2p3(2DO) 4f      1.81886E-01  1.18540E+00  7.0  1.917E-04  3.9998  7.23E+01
     79  8  8  130   4 2p3(2DO) 5p      1.88948E-01  1.19246E+00  7.0  7.531E-01  4.2469  8.58E+02
     80  8  8  130   5 2p3(2DO) 5f      2.04387E-01  1.20790E+00  7.0  3.124E-04  4.9997  1.40E+02
     81  8  8  130   6 2p3(2DO) 6p      2.08112E-01  1.21162E+00  7.0  7.499E-01  5.2501  2.07E+03
     82  8  8  130   7 2p3(2DO) 6f      2.16611E-01  1.22012E+00  7.0  3.474E-04  5.9997  2.39E+02
     83  8  8  130   8 2p3(2DO) 7p      2.18807E-01  1.22232E+00  7.0  7.482E-01  6.2518  4.16E+03
     84  8  8  130   9 2p3(2DO) 7f      2.23982E-01  1.22749E+00  7.0  3.126E-04  6.9997  3.77E+02
     85  8  8  130  10 2p3(2DO) 8p      2.25382E-01  1.22889E+00  7.0  7.471E-01  7.2529  7.37E+03
     86  8  8  130  11 2p3(2DO) 8f      2.28765E-01  1.23228E+00  7.0  5.111E-04  7.9995  5.61E+02
     87  8  8  130  12 2p3(2DO) 9p      2.29712E-01  1.23322E+00  7.0  7.465E-01  8.2535  1.20E+04
     88  8  8  130  13 2p3(2DO) 9f      2.32045E-01  1.23555E+00  7.0  4.807E-04  8.9995  7.95E+02
     89  8  8  130  14 2p3(2DO)10p      2.32715E-01  1.23623E+00  7.0  7.459E-01  9.2541  1.82E+04
     90  8  8  131   1 2p3(2DO) 3d      1.33207E-01  1.13672E+00  7.0  9.970E-04  2.9990  6.74E+00
     91  8  8  131   2 2p3(2DO) 4d      1.81856E-01  1.18537E+00  7.0  1.151E-03  3.9988  1.30E+01
     92  8  8  131   3 2p3(2DO) 5d      2.04371E-01  1.20788E+00  7.0  1.311E-03  4.9987  2.33E+01
     93  8  8  131   4 2p3(2DO) 6d      2.16601E-01  1.22011E+00  7.0  1.427E-03  5.9986  3.85E+01
     94  8  8  131   5 2p3(2DO) 7d      2.23975E-01  1.22748E+00  7.0  1.513E-03  6.9985  5.92E+01
     95  8  8  131   6 2p3(2DO) 8d      2.28761E-01  1.23227E+00  7.0  1.533E-03  7.9985  8.65E+01
     96  8  8  131   7 2p3(2DO) 9d      2.32042E-01  1.23555E+00  7.0  1.572E-03  8.9984  1.21E+02
     97  8  8  140   1 2p3(2DO) 4f      1.81885E-01  1.18540E+00  9.0  2.236E-04  3.9998  7.22E+01
     98  8  8  140   2 2p3(2DO) 5f      2.04387E-01  1.20790E+00  9.0  3.124E-04  4.9997  1.39E+02
     99  8  8  140   3 2p3(2DO) 6f      2.16611E-01  1.22012E+00  9.0  3.474E-04  5.9997  2.39E+02
    100  8  8  140   4 2p3(2DO) 7f      2.23982E-01  1.22749E+00  9.0  3.126E-04  6.9997  3.77E+02
    101  8  8  140   5 2p3(2DO) 8f      2.28765E-01  1.23228E+00  9.0  5.111E-04  7.9995  5.60E+02
    102  8  8  140   6 2p3(2DO) 9f      2.32045E-01  1.23555E+00  9.0  4.807E-04  8.9995  7.94E+02
    103  8  8  141   1 2p3(2DO) 3d      1.32384E-01  1.13589E+00  9.0  1.204E-02  2.9880  2.66E+01
    104  8  8  141   2 2p3(2DO) 4d      1.81388E-01  1.18490E+00  9.0  1.603E-02  3.9840  8.41E+01
    105  8  8  141   3 2p3(2DO) 5d      2.04104E-01  1.20761E+00  9.0  1.790E-02  4.9821  1.92E+02
    106  8  8  141   4 2p3(2DO) 6d      2.16438E-01  1.21995E+00  9.0  1.894E-02  5.9811  3.61E+02
    107  8  8  141   5 2p3(2DO) 7d      2.23869E-01  1.22738E+00  9.0  1.961E-02  6.9804  6.03E+02
    108  8  8  141   6 2p3(2DO) 8d      2.28689E-01  1.23220E+00  9.0  1.989E-02  7.9801  9.32E+02
    109  8  8  141   7 2p3(2DO) 9d      2.31991E-01  1.23550E+00  9.0  2.010E-02  8.9799  1.36E+03
    110  8  8  141   8 2p3(2DO)10d      2.34351E-01  1.23786E+00  9.0  2.044E-02  9.9796  1.89E+03
    111  8  8  150   1 2p3(2DO) 4f      1.81884E-01  1.18539E+00 11.0  2.556E-04  3.9997  7.14E+01
    112  8  8  150   2 2p3(2DO) 5f      2.04386E-01  1.20790E+00 11.0  3.748E-04  4.9996  1.37E+02
    113  8  8  150   3 2p3(2DO) 6f      2.16610E-01  1.22012E+00 11.0  4.552E-04  5.9995  2.33E+02
    114  8  8  150   4 2p3(2DO) 7f      2.23981E-01  1.22749E+00 11.0  4.864E-04  6.9995  3.67E+02
    115  8  8  150   5 2p3(2DO) 8f      2.28765E-01  1.23228E+00 11.0  5.111E-04  7.9995  5.42E+02
    116  8  8  150   6 2p3(2DO) 9f      2.32045E-01  1.23555E+00 11.0  4.807E-04  8.9995  7.69E+02
    117  8  8  300   1 2p3(2PO) 3p      1.59737E-01  1.16325E+00  3.0  8.128E-01  2.1872  3.09E+01
    118  8  8  300   2 2p3(2PO) 4p      2.71495E-01  1.27500E+00  3.0  7.939E-01  3.2061  5.63E+02
    119  8  8  300   3 2p3(2PO) 5p      3.12430E-01  1.31594E+00  3.0  7.874E-01  4.2126  1.69E+03
    120  8  8  300   4 2p3(2PO) 6p      3.32021E-01  1.33553E+00  3.0  7.844E-01  5.2156  3.23E+03
    121  8  8  300   5 2p3(2PO) 7p      3.42912E-01  1.34642E+00  3.0  7.827E-01  6.2173  5.37E+03
    122  8  8  300   6 2p3(2PO) 8p      3.49590E-01  1.35310E+00  3.0  7.816E-01  7.2184  8.24E+03
    123  8  8  300   7 2p3(2PO) 9p      3.53978E-01  1.35749E+00  3.0  7.812E-01  8.2188  1.20E+04
    124  8  8  300   8 2p3(2PO)10p      3.57017E-01  1.36053E+00  3.0  7.806E-01  9.2194  1.67E+04
    125  8  8  301   1 2p3(4SO) 3s     -2.93894E-01  7.09616E-01  3.0  1.155E+00  1.8446  1.61E+00
    126  8  8  301   2 2p3(4SO) 4s     -1.22358E-01  8.81152E-01  3.0  1.141E+00  2.8588  5.26E+00
    127  8  8  301   3 2p3(4SO) 5s     -6.70033E-02  9.36507E-01  3.0  1.137E+00  3.8632  1.25E+01
    128  8  8  301   4 2p3(4SO) 6s     -4.22472E-02  9.61263E-01  3.0  1.135E+00  4.8652  2.44E+01
    129  8  8  301   5 2p3(4SO) 7s     -2.90590E-02  9.74451E-01  3.0  1.134E+00  5.8662  4.25E+01
    130  8  8  301   6 2p3(4SO) 8s     -2.12072E-02  9.82303E-01  3.0  1.133E+00  6.8669  6.79E+01
    131  8  8  301   7 2p3(4SO) 9s     -1.61567E-02  9.87353E-01  3.0  1.133E+00  7.8673  1.02E+02
    132  8  8  301   8 2p3(4SO)10s     -1.27173E-02  9.90793E-01  3.0  1.132E+00  8.8675  1.45E+02
    133  8  8  301   9 2p3(4SO)11s     -1.02699E-02  9.93240E-01  3.0  1.132E+00  9.8677  2.00E+02
    134  8  8  310   1 2s2 2p4         -1.00351E+00  0.00000E+00  9.0  0.000E+00  0.9982  1.00E+30
    135  8  8  310   2 2p3(4SO) 3p     -1.89969E-01  8.13541E-01  9.0  7.057E-01  2.2943  3.29E+01
    136  8  8  310   3 2p3(4SO) 4p     -9.15127E-02  9.11997E-01  9.0  6.943E-01  3.3057  1.77E+02
    137  8  8  310   4 2p3(4SO) 5p     -5.39101E-02  9.49600E-01  9.0  6.931E-01  4.3069  5.62E+02
    138  8  8  310   5 2p3(4SO) 6p     -3.55168E-02  9.67993E-01  9.0  6.938E-01  5.3062  1.35E+03
    139  8  8  310   6 2p3(4SO) 7p     -2.51541E-02  9.78356E-01  9.0  6.948E-01  6.3052  2.73E+03
    140  8  8  310   7 2p3(4SO) 8p     -1.87438E-02  9.84766E-01  9.0  6.958E-01  7.3042  4.86E+03
    141  8  8  310   8 2p3(4SO) 9p     -1.45042E-02  9.89006E-01  9.0  6.967E-01  8.3033  7.93E+03
    142  8  8  310   9 2p3(4SO)10p     -1.15554E-02  9.91955E-01  9.0  6.973E-01  9.3027  1.21E+04
    143  8  8  311   1 2p3(2PO) 3s      4.77531E-02  1.05126E+00  9.0  1.235E+00  1.7649  1.42E+00
    144  8  8  311   2 2p3(2DO) 3d      1.25952E-01  1.12946E+00  9.0  9.430E-02  2.9057  2.48E+01
    145  8  8  311   3 2s 2p5           1.54334E-01  1.15784E+00  9.0  0.000E+00  3.3323  1.48E+00
    146  8  8  311   4 2p3(2DO) 4d      1.84117E-01  1.18763E+00  9.0 -7.316E-02  4.0732  4.53E+00
    147  8  8  311   5 2p3(2DO) 5d      2.05057E-01  1.20857E+00  9.0 -4.209E-02  5.0421  1.04E+01
    148  8  8  311   6 2p3(2DO) 6d      2.16886E-01  1.22040E+00  9.0 -2.957E-02  6.0296  1.83E+01
    149  8  8  311   7 2p3(2DO) 7d      2.24105E-01  1.22761E+00  9.0 -2.087E-02  7.0209  2.84E+01
    150  8  8  311   8 2p3(2DO) 8d      2.28817E-01  1.23233E+00  9.0 -1.283E-02  8.0128  4.05E+01
    151  8  8  311   9 2p3(2DO) 9d      2.32059E-01  1.23557E+00  9.0 -4.628E-03  9.0046  5.46E+01
    152  8  8  311  10 2p3(2DO)10d      2.34383E-01  1.23789E+00  9.0  4.492E-03  9.9955  6.98E+01
    153  8  8  320   1 2p3(2DO) 3p      3.60014E-02  1.03951E+00 15.0  8.094E-01  2.1906  3.47E+01
    154  8  8  320   2 2p3(2DO) 4p      1.46695E-01  1.15021E+00 15.0  8.007E-01  3.1993  8.83E+02
    155  8  8  320   3 2p3(2PO) 3p      1.63214E-01  1.16672E+00 15.0  7.944E-01  2.2056  3.02E+01
    156  8  8  320   4 2p3(2DO) 4f      1.81902E-01  1.18541E+00 15.0 -3.205E-04  4.0003  1.21E+02
    157  8  8  320   5 2p3(2DO) 5p      1.88326E-01  1.19184E+00 15.0  7.767E-01  4.2233  1.52E+03
    158  8  8  320   6 2p3(2DO) 5f      2.04391E-01  1.20790E+00 15.0  0.000E+00  4.9999  2.32E+02
    159  8  8  320   7 2p3(2DO) 6p      2.07735E-01  1.21125E+00 15.0  7.770E-01  5.2230  4.38E+03
    160  8  8  320   8 2p3(2DO) 6f      2.16612E-01  1.22012E+00 15.0  2.396E-04  5.9998  3.96E+02
    161  8  8  320   9 2p3(2DO) 7p      2.18575E-01  1.22208E+00 15.0  7.763E-01  6.2237  8.04E+03
    162  8  8  320  10 2p3(2DO) 7f      2.23982E-01  1.22749E+00 15.0  3.126E-04  6.9997  6.23E+02
    163  8  8  320  11 2p3(2DO) 8p      2.25231E-01  1.22874E+00 15.0  7.758E-01  7.2242  1.29E+04
    164  8  8  320  12 2p3(2DO) 8f      2.28765E-01  1.23228E+00 15.0  5.111E-04  7.9995  9.26E+02
    165  8  8  320  13 2p3(2DO) 9p      2.29609E-01  1.23312E+00 15.0  7.753E-01  8.2247  1.93E+04
    166  8  8  320  14 2p3(2DO) 9f      2.32045E-01  1.23555E+00 15.0  4.807E-04  8.9995  1.31E+03
    167  8  8  320  15 2p3(2DO)10p      2.32641E-01  1.23615E+00 15.0  7.751E-01  9.2249  2.74E+04
    168  8  8  320  16 2p3(2DO)10f      2.34391E-01  1.23790E+00 15.0  4.944E-04  9.9995  1.79E+03
    169  8  8  321   1 2p3(4SO) 3d     -1.11481E-01  8.92029E-01 15.0  4.981E-03  2.9950  9.89E+00
    170  8  8  321   2 2p3(2DO) 3s     -7.00860E-02  9.33424E-01 15.0  1.217E+00  1.7832  4.39E+00
    171  8  8  321   3 2p3(4SO) 4d     -6.26251E-02  9.40885E-01 15.0  3.997E-03  3.9960  1.35E+01
    172  8  8  321   4 2p3(4SO) 5d     -4.01011E-02  9.63409E-01 15.0  6.307E-03  4.9937  3.18E+01
    173  8  8  321   5 2p3(4SO) 6d     -2.78416E-02  9.75668E-01 15.0  6.881E-03  5.9931  5.46E+01
    174  8  8  321   6 2p3(4SO) 7d     -2.04501E-02  9.83060E-01 15.0  7.181E-03  6.9928  8.59E+01
    175  8  8  321   7 2p3(4SO) 8d     -1.56539E-02  9.87856E-01 15.0  7.388E-03  7.9926  1.27E+02
    176  8  8  321   8 2p3(4SO) 9d     -1.23663E-02  9.91144E-01 15.0  7.507E-03  8.9925  1.80E+02
    177  8  8  321   9 2p3(4SO)10d     -1.00152E-02  9.93495E-01 15.0  7.591E-03  9.9924  2.46E+02
    178  8  8  330   1 2p3(4SO) 4f     -6.25066E-02  9.41003E-01 21.0  2.112E-04  3.9998  7.22E+01
    179  8  8  330   2 2p3(4SO) 5f     -4.00049E-02  9.63505E-01 21.0  3.063E-04  4.9997  1.39E+02
    180  8  8  330   3 2p3(4SO) 6f     -2.77811E-02  9.75729E-01 21.0  3.587E-04  5.9996  2.38E+02
    181  8  8  330   4 2p3(4SO) 7f     -2.04104E-02  9.83100E-01 21.0  3.835E-04  6.9996  3.74E+02
    182  8  8  330   5 2p3(4SO) 8f     -1.56266E-02  9.87883E-01 21.0  4.096E-04  7.9996  5.56E+02
    183  8  8  330   6 2p3(4SO) 9f     -1.23468E-02  9.91163E-01 21.0  4.087E-04  8.9996  7.88E+02
    184  8  8  330   7 2p3(4SO)10f     -1.00009E-02  9.93509E-01 21.0  4.502E-04  9.9995  1.08E+03
    185  8  8  331   1 2p3(2DO) 3d      1.32148E-01  1.13566E+00 21.0  1.518E-02  2.9848  3.64E+01
    186  8  8  331   2 2p3(2DO) 4d      1.81244E-01  1.18475E+00 21.0  2.058E-02  3.9794  1.10E+02
    187  8  8  331   3 2p3(2DO) 5d      2.04017E-01  1.20753E+00 21.0  2.327E-02  4.9767  2.44E+02
    188  8  8  331   4 2p3(2DO) 6d      2.16383E-01  1.21989E+00 21.0  2.482E-02  5.9752  4.50E+02
    189  8  8  331   5 2p3(2DO) 7d      2.23832E-01  1.22734E+00 21.0  2.589E-02  6.9741  7.40E+02
    190  8  8  331   6 2p3(2DO) 8d      2.28663E-01  1.23217E+00 21.0  2.649E-02  7.9735  1.13E+03
    191  8  8  331   7 2p3(2DO) 9d      2.31972E-01  1.23548E+00 21.0  2.697E-02  8.9730  1.63E+03
    192  8  8  331   8 2p3(2DO)10d      2.34337E-01  1.23785E+00 21.0  2.738E-02  9.9726  2.25E+03
    193  8  8  340   1 2p3(2DO) 4f      1.81883E-01  1.18539E+00 27.0  2.875E-04  3.9997  8.55E+01
    194  8  8  340   2 2p3(2DO) 5f      2.04385E-01  1.20790E+00 27.0  4.371E-04  4.9996  1.63E+02
    195  8  8  340   3 2p3(2DO) 6f      2.16609E-01  1.22012E+00 27.0  5.630E-04  5.9994  2.77E+02
    196  8  8  340   4 2p3(2DO) 7f      2.23980E-01  1.22749E+00 27.0  6.576E-04  6.9993  4.36E+02
    197  8  8  340   5 2p3(2DO) 8f      2.28765E-01  1.23228E+00 27.0  5.111E-04  7.9995  6.44E+02
    198  8  8  340   6 2p3(2DO) 9f      2.32045E-01  1.23555E+00 27.0  4.807E-04  8.9995  9.12E+02
    199  8  8  501   1 2p3(4SO) 3s     -3.21618E-01  6.81892E-01  5.0  1.237E+00  1.7633  1.00E+30
    200  8  8  501   2 2p3(4SO) 4s     -1.29298E-01  8.74212E-01  5.0  1.219E+00  2.7810  4.08E+01
    201  8  8  501   3 2p3(4SO) 5s     -6.97565E-02  9.33753E-01  5.0  1.214E+00  3.7862  7.65E+01
    202  8  8  501   4 2p3(4SO) 6s     -4.36117E-02  9.59898E-01  5.0  1.212E+00  4.7885  1.39E+02
    203  8  8  501   5 2p3(4SO) 7s     -2.98327E-02  9.73677E-01  5.0  1.210E+00  5.7897  2.32E+02
    204  8  8  501   6 2p3(4SO) 8s     -2.16877E-02  9.81822E-01  5.0  1.210E+00  6.7904  3.63E+02
    205  8  8  501   7 2p3(4SO) 9s     -1.64754E-02  9.87035E-01  5.0  1.209E+00  7.7908  5.38E+02
    206  8  8  501   8 2p3(4SO)10s     -1.29394E-02  9.90571E-01  5.0  1.209E+00  8.7911  7.64E+02
    207  8  8  501   9 2p3(4SO)11s     -1.04308E-02  9.93079E-01  5.0  1.209E+00  9.7913  1.05E+03
    208  8  8  510   1 2p3(4SO) 3p     -2.08196E-01  7.95314E-01 15.0  8.084E-01  2.1916  2.97E+01
    209  8  8  510   2 2p3(4SO) 4p     -9.70244E-02  9.06486E-01 15.0  7.896E-01  3.2104  2.01E+02
    210  8  8  510   3 2p3(4SO) 5p     -5.62360E-02  9.47274E-01 15.0  7.831E-01  4.2169  7.16E+02
    211  8  8  510   4 2p3(4SO) 6p     -3.67004E-02  9.66810E-01 15.0  7.801E-01  5.2199  1.86E+03
    212  8  8  510   5 2p3(4SO) 7p     -2.58342E-02  9.77676E-01 15.0  7.784E-01  6.2216  3.98E+03
    213  8  8  510   6 2p3(4SO) 8p     -1.91695E-02  9.84340E-01 15.0  7.774E-01  7.2226  7.46E+03
    214  8  8  510   7 2p3(4SO) 9p     -1.47880E-02  9.88722E-01 15.0  7.767E-01  8.2233  1.27E+04
    215  8  8  510   8 2p3(4SO)10p     -1.17540E-02  9.91756E-01 15.0  7.763E-01  9.2237  2.03E+04
    216  8  8  511   1 2p4(4PE) 3p      8.79279E-01  1.88279E+00 15.0  8.360E-01  2.1640  1.54E+00
    217  8  8  511   2 2p4(4PE) 4p      9.94407E-01  1.99792E+00 15.0  8.123E-01  3.1877  1.63E+00
    218  8  8  511   3 2p4(4PE) 5p      1.03600E+00  2.03951E+00 15.0  8.048E-01  4.1952  1.65E+00
    219  8  8  511   4 2p4(4PE) 6p      1.05582E+00  2.05933E+00 15.0  8.013E-01  5.1987  1.66E+00
    220  8  8  511   5 2p4(4PE) 7p      1.06681E+00  2.07032E+00 15.0  7.995E-01  6.2005  1.66E+00
    221  8  8  511   6 2p4(4PE) 8p      1.07354E+00  2.07705E+00 15.0  7.981E-01  7.2019  1.66E+00
    222  8  8  511   7 2p4(4PE) 9p      1.07795E+00  2.08146E+00 15.0  7.994E-01  8.2006  1.66E+00
    223  8  8  511   8 2p4(4PE)10p      1.08101E+00  2.08452E+00 15.0  7.982E-01  9.2018  1.66E+00
    224  8  8  520   1 2p4(4PE) 3d      9.79726E-01  1.98324E+00 25.0  2.642E-02  2.9736  1.57E+00
    225  8  8  520   2 2p4(4PE) 4d      1.02927E+00  2.03278E+00 25.0  3.318E-02  3.9668  1.63E+00
    226  8  8  520   3 2p4(4PE) 5d      1.05223E+00  2.05574E+00 25.0  3.647E-02  4.9635  1.65E+00
    227  8  8  520   4 2p4(4PE) 6d      1.06469E+00  2.06820E+00 25.0  3.769E-02  5.9623  1.65E+00
    228  8  8  520   5 2p4(4PE) 7d      1.07218E+00  2.07569E+00 25.0  3.943E-02  6.9606  1.66E+00
    229  8  8  520   6 2p4(4PE) 8d      1.07704E+00  2.08055E+00 25.0  3.941E-02  7.9606  1.66E+00
    230  8  8  520   7 2p4(4PE) 9d      1.08036E+00  2.08387E+00 25.0  4.138E-02  8.9586  1.66E+00
    231  8  8  520   8 2p4(4PE)10d      1.08274E+00  2.08625E+00 25.0  3.981E-02  9.9602  1.66E+00
    232  8  8  521   1 2p3(4SO) 3d     -1.12247E-01  8.91263E-01 25.0  1.522E-02  2.9848  2.43E+01
    233  8  8  521   2 2p3(4SO) 4d     -6.31442E-02  9.40366E-01 25.0  2.046E-02  3.9795  7.39E+01
    234  8  8  521   3 2p3(4SO) 5d     -4.03693E-02  9.63141E-01 25.0  2.292E-02  4.9771  1.65E+02
    235  8  8  521   4 2p3(4SO) 6d     -2.80039E-02  9.75506E-01 25.0  2.427E-02  5.9757  3.06E+02
    236  8  8  521   5 2p3(4SO) 7d     -2.05552E-02  9.82955E-01 25.0  2.508E-02  6.9749  5.08E+02
    237  8  8  521   6 2p3(4SO) 8d     -1.57255E-02  9.87785E-01 25.0  2.560E-02  7.9744  7.79E+02
    238  8  8  521   7 2p3(4SO) 9d     -1.24172E-02  9.91093E-01 25.0  2.596E-02  8.9740  1.13E+03
    239  8  8  521   8 2p3(4SO)10d     -1.00527E-02  9.93457E-01 25.0  2.625E-02  9.9738  1.57E+03
    240  8  8  530   1 2p3(4SO) 4f     -6.25090E-02  9.41001E-01 35.0  2.880E-04  3.9997  7.10E+01
    241  8  8  530   2 2p3(4SO) 5f     -4.00069E-02  9.63503E-01 35.0  4.311E-04  4.9996  1.36E+02
    242  8  8  530   3 2p3(4SO) 6f     -2.77825E-02  9.75727E-01 35.0  5.099E-04  5.9995  2.32E+02
    243  8  8  530   4 2p3(4SO) 7f     -2.04114E-02  9.83099E-01 35.0  5.551E-04  6.9994  3.63E+02
    244  8  8  530   5 2p3(4SO) 8f     -1.56273E-02  9.87883E-01 35.0  5.888E-04  7.9994  5.38E+02
    245  8  8  530   6 2p3(4SO) 9f     -1.23473E-02  9.91163E-01 35.0  5.906E-04  8.9994  7.60E+02
    246  8  8  530   7 2p3(4SO)10f     -1.00013E-02  9.93509E-01 35.0  6.499E-04  9.9994  1.04E+03
    247  8  8  531   1 2p4(4PE) 4f      1.03028E+00  2.03379E+00 35.0  1.281E-03  3.9987  1.63E+00
    248  8  8  531   2 2p4(4PE) 5f      1.05279E+00  2.05630E+00 35.0  1.874E-03  4.9981  1.65E+00
    249  8  8  531   3 2p4(4PE) 6f      1.06502E+00  2.06853E+00 35.0  2.408E-03  5.9976  1.66E+00
    250  8  8  531   4 2p4(4PE) 7f      1.07240E+00  2.07591E+00 35.0  2.042E-03  6.9980  1.66E+00
    251  8  8  531   5 2p4(4PE) 8f      1.07718E+00  2.08069E+00 35.0  3.842E-03  7.9962  1.66E+00
    252  8  8  531   6 2p4(4PE) 9f      1.08046E+00  2.08397E+00 35.0  5.250E-03  8.9948  1.66E+00
    253  8  8  531   7 2p4(4PE)10f      1.08281E+00  2.08632E+00 35.0  4.998E-03  9.9950  1.66E+00
 =================================================================================================