# Variables: pos.x pos.y pos.z volume rho vel.x vel.y vel.z p a mu k[0] mu_t k_t S massf[0] massf[1] dt_chem e[0] T[0]
 5.000000e-03 2.500000e-02 0.000000e+00 5.000000e-04 1.377327e-01 7.704565e-01 0.000000e+00 0.000000e+00 9.945367e+04 1.097024e+03 0.000000e+00 0.000000e+00 0.000000e+00 0.000000e+00 0.000000e+00 0.000000e+00 1.000000e+00 -1.000000e+00 1.083116e+06 3.476373e+02
 1.500000e-02 2.500000e-02 0.000000e+00 5.000000e-04 1.375943e-01 3.198569e+00 0.000000e+00 0.000000e+00 9.928731e+04 1.096657e+03 0.000000e+00 0.000000e+00 0.000000e+00 0.000000e+00 0.000000e+00 0.000000e+00 1.000000e+00 -1.000000e+00 1.082392e+06 3.474048e+02
 2.500000e-02 2.500000e-02 0.000000e+00 5.000000e-04 1.373376e-01 6.006238e+00 0.000000e+00 0.000000e+00 9.897868e+04 1.095975e+03 0.000000e+00 0.000000e+00 0.000000e+00 0.000000e+00 0.000000e+00 0.000000e+00 1.000000e+00 -1.000000e+00 1.081044e+06 3.469723e+02
 3.500000e-02 2.500000e-02 0.000000e+00 5.000000e-04 1.368765e-01 1.012055e+01 0.000000e+00 0.000000e+00 9.842566e+04 1.094748e+03 0.000000e+00 0.000000e+00 0.000000e+00 0.000000e+00 0.000000e+00 0.000000e+00 1.000000e+00 -1.000000e+00 1.078626e+06 3.461960e+02
 4.500000e-02 2.500000e-02 0.000000e+00 5.000000e-04 1.362200e-01 1.559953e+01 0.000000e+00 0.000000e+00 9.764008e+04 1.092995e+03 0.000000e+00 0.000000e+00 0.000000e+00 0.000000e+00 0.000000e+00 0.000000e+00 1.000000e+00 -1.000000e+00 1.075174e+06 3.450881e+02
 5.500000e-02 2.500000e-02 0.000000e+00 5.000000e-04 1.353046e-01 2.304560e+01 0.000000e+00 0.000000e+00 9.654954e+04 1.090544e+03 0.000000e+00 0.000000e+00 0.000000e+00 0.000000e+00 0.000000e+00 0.000000e+00 1.000000e+00 -1.000000e+00 1.070358e+06 3.435423e+02
 6.500000e-02 2.500000e-02 0.000000e+00 5.000000e-04 1.341446e-01 3.245505e+01 0.000000e+00 0.000000e+00 9.517414e+04 1.087420e+03 0.000000e+00 0.000000e+00 0.000000e+00 0.000000e+00 0.000000e+00 0.000000e+00 1.000000e+00 -1.000000e+00 1.064234e+06 3.415769e+02
 7.500000e-02 2.500000e-02 0.000000e+00 5.000000e-04 1.327396e-01 4.388132e+01 0.000000e+00 0.000000e+00 9.351938e+04 1.083615e+03 0.000000e+00 0.000000e+00 0.000000e+00 0.000000e+00 0.000000e+00 0.000000e+00 1.000000e+00 -1.000000e+00 1.056799e+06 3.391905e+02
 8.500000e-02 2.500000e-02 0.000000e+00 5.000000e-04 1.311373e-01 5.700677e+01 0.000000e+00 0.000000e+00 9.164601e+04 1.079240e+03 0.000000e+00 0.000000e+00 0.000000e+00 0.000000e+00 0.000000e+00 0.000000e+00 1.000000e+00 -1.000000e+00 1.048283e+06 3.364573e+02
 9.500000e-02 2.500000e-02 0.000000e+00 5.000000e-04 1.293829e-01 7.149884e+01 0.000000e+00 0.000000e+00 8.961229e+04 1.074409e+03 0.000000e+00 0.000000e+00 0.000000e+00 0.000000e+00 0.000000e+00 0.000000e+00 1.000000e+00 -1.000000e+00 1.038920e+06 3.334520e+02
 1.050000e-01 2.500000e-02 0.000000e+00 5.000000e-04 1.275258e-01 8.698622e+01 0.000000e+00 0.000000e+00 8.747929e+04 1.069247e+03 0.000000e+00 0.000000e+00 0.000000e+00 0.000000e+00 0.000000e+00 0.000000e+00 1.000000e+00 -1.000000e+00 1.028960e+06 3.302552e+02
 1.150000e-01 2.500000e-02 0.000000e+00 5.000000e-04 1.256024e-01 1.031890e+02 0.000000e+00 0.000000e+00 8.529170e+04 1.063846e+03 0.000000e+00 0.000000e+00 0.000000e+00 0.000000e+00 0.000000e+00 0.000000e+00 1.000000e+00 -1.000000e+00 1.018592e+06 3.269275e+02
 1.250000e-01 2.500000e-02 0.000000e+00 5.000000e-04 1.236392e-01 1.199004e+02 0.000000e+00 0.000000e+00 8.308170e+04 1.058276e+03 0.000000e+00 0.000000e+00 0.000000e+00 0.000000e+00 0.000000e+00 0.000000e+00 1.000000e+00 -1.000000e+00 1.007953e+06 3.235130e+02
 1.350000e-01 2.500000e-02 0.000000e+00 5.000000e-04 1.216542e-01 1.369805e+02 0.000000e+00 0.000000e+00 8.087064e+04 1.052583e+03 0.000000e+00 0.000000e+00 0.000000e+00 0.000000e+00 0.000000e+00 0.000000e+00 1.000000e+00 -1.000000e+00 9.971378e+05 3.200417e+02
 1.450000e-01 2.500000e-02 0.000000e+00 5.000000e-04 1.196597e-01 1.543301e+02 0.000000e+00 0.000000e+00 7.867322e+04 1.046800e+03 0.000000e+00 0.000000e+00 0.000000e+00 0.000000e+00 0.000000e+00 0.000000e+00 1.000000e+00 -1.000000e+00 9.862116e+05 3.165348e+02
 1.550000e-01 2.500000e-02 0.000000e+00 5.000000e-04 1.176652e-01 1.718750e+02 0.000000e+00 0.000000e+00 7.649992e+04 1.040952e+03 0.000000e+00 0.000000e+00 0.000000e+00 0.000000e+00 0.000000e+00 0.000000e+00 1.000000e+00 -1.000000e+00 9.752234e+05 3.130080e+02
 1.650000e-01 2.500000e-02 0.000000e+00 5.000000e-04 1.156779e-01 1.895555e+02 0.000000e+00 0.000000e+00 7.435870e+04 1.035059e+03 0.000000e+00 0.000000e+00 0.000000e+00 0.000000e+00 0.000000e+00 0.000000e+00 1.000000e+00 -1.000000e+00 9.642125e+05 3.094739e+02
 1.750000e-01 2.500000e-02 0.000000e+00 5.000000e-04 1.137038e-01 2.073199e+02 0.000000e+00 0.000000e+00 7.225589e+04 1.029138e+03 0.000000e+00 0.000000e+00 0.000000e+00 0.000000e+00 0.000000e+00 0.000000e+00 1.000000e+00 -1.000000e+00 9.532121e+05 3.059433e+02
 1.850000e-01 2.500000e-02 0.000000e+00 5.000000e-04 1.117483e-01 2.251212e+02 0.000000e+00 0.000000e+00 7.019671e+04 1.023204e+03 0.000000e+00 0.000000e+00 0.000000e+00 0.000000e+00 0.000000e+00 0.000000e+00 1.000000e+00 -1.000000e+00 9.422521e+05 3.024255e+02
 1.950000e-01 2.500000e-02 0.000000e+00 5.000000e-04 1.098162e-01 2.429149e+02 0.000000e+00 0.000000e+00 6.818559e+04 1.017273e+03 0.000000e+00 0.000000e+00 0.000000e+00 0.000000e+00 0.000000e+00 0.000000e+00 1.000000e+00 -1.000000e+00 9.313600e+05 2.989296e+02
 2.050000e-01 2.500000e-02 0.000000e+00 5.000000e-04 1.079118e-01 2.606584e+02 0.000000e+00 0.000000e+00 6.622631e+04 1.011359e+03 0.000000e+00 0.000000e+00 0.000000e+00 0.000000e+00 0.000000e+00 0.000000e+00 1.000000e+00 -1.000000e+00 9.205615e+05 2.954637e+02
 2.150000e-01 2.500000e-02 0.000000e+00 5.000000e-04 1.060393e-01 2.783105e+02 0.000000e+00 0.000000e+00 6.432208e+04 1.005474e+03 0.000000e+00 0.000000e+00 0.000000e+00 0.000000e+00 0.000000e+00 0.000000e+00 1.000000e+00 -1.000000e+00 9.098810e+05 2.920357e+02
 2.250000e-01 2.500000e-02 0.000000e+00 5.000000e-04 1.042022e-01 2.958313e+02 0.000000e+00 0.000000e+00 6.247561e+04 9.996343e+02 0.000000e+00 0.000000e+00 0.000000e+00 0.000000e+00 0.000000e+00 0.000000e+00 1.000000e+00 -1.000000e+00 8.993418e+05 2.886530e+02
 2.350000e-01 2.500000e-02 0.000000e+00 5.000000e-04 1.024040e-01 3.131814e+02 0.000000e+00 0.000000e+00 6.068903e+04 9.938504e+02 0.000000e+00 0.000000e+00 0.000000e+00 0.000000e+00 0.000000e+00 0.000000e+00 1.000000e+00 -1.000000e+00 8.889647e+05 2.853224e+02
 2.450000e-01 2.500000e-02 0.000000e+00 5.000000e-04 1.006481e-01 3.303241e+02 0.000000e+00 0.000000e+00 5.896457e+04 9.881369e+02 0.000000e+00 0.000000e+00 0.000000e+00 0.000000e+00 0.000000e+00 0.000000e+00 1.000000e+00 -1.000000e+00 8.787730e+05 2.820513e+02
 2.550000e-01 2.500000e-02 0.000000e+00 5.000000e-04 9.893739e-02 3.472099e+02 0.000000e+00 0.000000e+00 5.730352e+04 9.825050e+02 0.000000e+00 0.000000e+00 0.000000e+00 0.000000e+00 0.000000e+00 0.000000e+00 1.000000e+00 -1.000000e+00 8.687846e+05 2.788454e+02
 2.650000e-01 2.500000e-02 0.000000e+00 5.000000e-04 9.727930e-02 3.637897e+02 0.000000e+00 0.000000e+00 5.571170e+04 9.769838e+02 0.000000e+00 0.000000e+00 0.000000e+00 0.000000e+00 0.000000e+00 0.000000e+00 1.000000e+00 -1.000000e+00 8.590477e+05 2.757202e+02
 2.750000e-01 2.500000e-02 0.000000e+00 5.000000e-04 9.567970e-02 3.799047e+02 0.000000e+00 0.000000e+00 5.419234e+04 9.715909e+02 0.000000e+00 0.000000e+00 0.000000e+00 0.000000e+00 0.000000e+00 0.000000e+00 1.000000e+00 -1.000000e+00 8.495900e+05 2.726847e+02
 2.850000e-01 2.500000e-02 0.000000e+00 5.000000e-04 9.417635e-02 3.953813e+02 0.000000e+00 0.000000e+00 5.277971e+04 9.664668e+02 0.000000e+00 0.000000e+00 0.000000e+00 0.000000e+00 0.000000e+00 0.000000e+00 1.000000e+00 -1.000000e+00 8.406523e+05 2.698160e+02
 2.950000e-01 2.500000e-02 0.000000e+00 5.000000e-04 9.278638e-02 4.094802e+02 0.000000e+00 0.000000e+00 5.148516e+04 9.616639e+02 0.000000e+00 0.000000e+00 0.000000e+00 0.000000e+00 0.000000e+00 0.000000e+00 1.000000e+00 -1.000000e+00 8.323177e+05 2.671409e+02
 3.050000e-01 2.500000e-02 0.000000e+00 5.000000e-04 9.165793e-02 4.217932e+02 0.000000e+00 0.000000e+00 5.043762e+04 9.576717e+02 0.000000e+00 0.000000e+00 0.000000e+00 0.000000e+00 0.000000e+00 0.000000e+00 1.000000e+00 -1.000000e+00 8.254216e+05 2.649276e+02
 3.150000e-01 2.500000e-02 0.000000e+00 5.000000e-04 9.070752e-02 4.308350e+02 0.000000e+00 0.000000e+00 4.959435e+04 9.545943e+02 0.000000e+00 0.000000e+00 0.000000e+00 0.000000e+00 0.000000e+00 0.000000e+00 1.000000e+00 -1.000000e+00 8.201253e+05 2.632277e+02
 3.250000e-01 2.500000e-02 0.000000e+00 5.000000e-04 9.024240e-02 4.371248e+02 0.000000e+00 0.000000e+00 4.909231e+04 9.521948e+02 0.000000e+00 0.000000e+00 0.000000e+00 0.000000e+00 0.000000e+00 0.000000e+00 1.000000e+00 -1.000000e+00 8.160075e+05 2.619060e+02
 3.350000e-01 2.500000e-02 0.000000e+00 5.000000e-04 8.973095e-02 4.406474e+02 0.000000e+00 0.000000e+00 4.875152e+04 9.515844e+02 0.000000e+00 0.000000e+00 0.000000e+00 0.000000e+00 0.000000e+00 0.000000e+00 1.000000e+00 -1.000000e+00 8.149617e+05 2.615704e+02
 3.450000e-01 2.500000e-02 0.000000e+00 5.000000e-04 8.966519e-02 4.427622e+02 0.000000e+00 0.000000e+00 4.859202e+04 9.503748e+02 0.000000e+00 0.000000e+00 0.000000e+00 0.000000e+00 0.000000e+00 0.000000e+00 1.000000e+00 -1.000000e+00 8.128911e+05 2.609058e+02
 3.550000e-01 2.500000e-02 0.000000e+00 5.000000e-04 8.955309e-02 4.436468e+02 0.000000e+00 0.000000e+00 4.852645e+04 9.503276e+02 0.000000e+00 0.000000e+00 0.000000e+00 0.000000e+00 0.000000e+00 0.000000e+00 1.000000e+00 -1.000000e+00 8.128103e+05 2.608799e+02
 3.650000e-01 2.500000e-02 0.000000e+00 5.000000e-04 8.951865e-02 4.437593e+02 0.000000e+00 0.000000e+00 4.851186e+04 9.503674e+02 0.000000e+00 0.000000e+00 0.000000e+00 0.000000e+00 0.000000e+00 0.000000e+00 1.000000e+00 -1.000000e+00 8.128785e+05 2.609017e+02
 3.750000e-01 2.500000e-02 0.000000e+00 5.000000e-04 8.953375e-02 4.436423e+02 0.000000e+00 0.000000e+00 4.852042e+04 9.503712e+02 0.000000e+00 0.000000e+00 0.000000e+00 0.000000e+00 0.000000e+00 0.000000e+00 1.000000e+00 -1.000000e+00 8.128849e+05 2.609038e+02
 3.850000e-01 2.500000e-02 0.000000e+00 5.000000e-04 8.958945e-02 4.431013e+02 0.000000e+00 0.000000e+00 4.856471e+04 9.505093e+02 0.000000e+00 0.000000e+00 0.000000e+00 0.000000e+00 0.000000e+00 0.000000e+00 1.000000e+00 -1.000000e+00 8.131211e+05 2.609796e+02
 3.950000e-01 2.500000e-02 0.000000e+00 5.000000e-04 8.966368e-02 4.423637e+02 0.000000e+00 0.000000e+00 4.863195e+04 9.507732e+02 0.000000e+00 0.000000e+00 0.000000e+00 0.000000e+00 0.000000e+00 0.000000e+00 1.000000e+00 -1.000000e+00 8.135727e+05 2.611245e+02
 4.050000e-01 2.500000e-02 0.000000e+00 5.000000e-04 8.968888e-02 4.419891e+02 0.000000e+00 0.000000e+00 4.866374e+04 9.509503e+02 0.000000e+00 0.000000e+00 0.000000e+00 0.000000e+00 0.000000e+00 0.000000e+00 1.000000e+00 -1.000000e+00 8.138758e+05 2.612218e+02
 4.150000e-01 2.500000e-02 0.000000e+00 5.000000e-04 8.971949e-02 4.418505e+02 0.000000e+00 0.000000e+00 4.868235e+04 9.509698e+02 0.000000e+00 0.000000e+00 0.000000e+00 0.000000e+00 0.000000e+00 0.000000e+00 1.000000e+00 -1.000000e+00 8.139092e+05 2.612326e+02
 4.250000e-01 2.500000e-02 0.000000e+00 5.000000e-04 8.972477e-02 4.417665e+02 0.000000e+00 0.000000e+00 4.868910e+04 9.510078e+02 0.000000e+00 0.000000e+00 0.000000e+00 0.000000e+00 0.000000e+00 0.000000e+00 1.000000e+00 -1.000000e+00 8.139743e+05 2.612534e+02
 4.350000e-01 2.500000e-02 0.000000e+00 5.000000e-04 8.972418e-02 4.416991e+02 0.000000e+00 0.000000e+00 4.868915e+04 9.510114e+02 0.000000e+00 0.000000e+00 0.000000e+00 0.000000e+00 0.000000e+00 0.000000e+00 1.000000e+00 -1.000000e+00 8.139804e+05 2.612554e+02
 4.450000e-01 2.500000e-02 0.000000e+00 5.000000e-04 8.972221e-02 4.416632e+02 0.000000e+00 0.000000e+00 4.868744e+04 9.510051e+02 0.000000e+00 0.000000e+00 0.000000e+00 0.000000e+00 0.000000e+00 0.000000e+00 1.000000e+00 -1.000000e+00 8.139696e+05 2.612519e+02
 4.550000e-01 2.500000e-02 0.000000e+00 5.000000e-04 8.971825e-02 4.416780e+02 0.000000e+00 0.000000e+00 4.868494e+04 9.510017e+02 0.000000e+00 0.000000e+00 0.000000e+00 0.000000e+00 0.000000e+00 0.000000e+00 1.000000e+00 -1.000000e+00 8.139638e+05 2.612501e+02
 4.650000e-01 2.500000e-02 0.000000e+00 5.000000e-04 8.971291e-02 4.417400e+02 0.000000e+00 0.000000e+00 4.868067e+04 9.509883e+02 0.000000e+00 0.000000e+00 0.000000e+00 0.000000e+00 0.000000e+00 0.000000e+00 1.000000e+00 -1.000000e+00 8.139408e+05 2.612427e+02
 4.750000e-01 2.500000e-02 0.000000e+00 5.000000e-04 8.970735e-02 4.418516e+02 0.000000e+00 0.000000e+00 4.867496e+04 9.509620e+02 0.000000e+00 0.000000e+00 0.000000e+00 0.000000e+00 0.000000e+00 0.000000e+00 1.000000e+00 -1.000000e+00 8.138959e+05 2.612283e+02
 4.850000e-01 2.500000e-02 0.000000e+00 5.000000e-04 8.970093e-02 4.419859e+02 0.000000e+00 0.000000e+00 4.866829e+04 9.509309e+02 0.000000e+00 0.000000e+00 0.000000e+00 0.000000e+00 0.000000e+00 0.000000e+00 1.000000e+00 -1.000000e+00 8.138426e+05 2.612112e+02
 4.950000e-01 2.500000e-02 0.000000e+00 5.000000e-04 8.969314e-02 4.420915e+02 0.000000e+00 0.000000e+00 4.866317e+04 9.509221e+02 0.000000e+00 0.000000e+00 0.000000e+00 0.000000e+00 0.000000e+00 0.000000e+00 1.000000e+00 -1.000000e+00 8.138276e+05 2.612064e+02
 5.050000e-01 2.500000e-02 0.000000e+00 5.000000e-04 8.968386e-02 4.421371e+02 0.000000e+00 0.000000e+00 4.865631e+04 9.509043e+02 0.000000e+00 0.000000e+00 0.000000e+00 0.000000e+00 0.000000e+00 3.571299e-12 1.000000e-00 -1.000000e+00 8.137971e+05 2.611966e+02
 5.150000e-01 2.500000e-02 0.000000e+00 5.000000e-04 8.967681e-02 4.421482e+02 0.000000e+00 0.000000e+00 4.864939e+04 9.508741e+02 0.000000e+00 0.000000e+00 0.000000e+00 0.000000e+00 0.000000e+00 4.849782e-11 1.000000e-00 -1.000000e+00 8.137454e+05 2.611800e+02
 5.250000e-01 2.500000e-02 0.000000e+00 5.000000e-04 8.966956e-02 4.421685e+02 0.000000e+00 0.000000e+00 4.864368e+04 9.508567e+02 0.000000e+00 0.000000e+00 0.000000e+00 0.000000e+00 0.000000e+00 3.332970e-10 1.000000e-00 -1.000000e+00 8.137156e+05 2.611704e+02
 5.350000e-01 2.500000e-02 0.000000e+00 5.000000e-04 8.966184e-02 4.422183e+02 0.000000e+00 0.000000e+00 4.863878e+04 9.508497e+02 0.000000e+00 0.000000e+00 0.000000e+00 0.000000e+00 0.000000e+00 2.066352e-09 1.000000e-00 -1.000000e+00 8.137036e+05 2.611666e+02
 5.450000e-01 2.500000e-02 0.000000e+00 5.000000e-04 8.965489e-02 4.423007e+02 0.000000e+00 0.000000e+00 4.863399e+04 9.508398e+02 0.000000e+00 0.000000e+00 0.000000e+00 0.000000e+00 0.000000e+00 2.012077e-08 1.000000e-00 -1.000000e+00 8.136867e+05 2.611611e+02
 5.550000e-01 2.500000e-02 0.000000e+00 5.000000e-04 8.964928e-02 4.424139e+02 0.000000e+00 0.000000e+00 4.862890e+04 9.508197e+02 0.000000e+00 0.000000e+00 0.000000e+00 0.000000e+00 0.000000e+00 1.766710e-07 9.999998e-01 -1.000000e+00 8.136523e+05 2.611501e+02
 5.650000e-01 2.500000e-02 0.000000e+00 5.000000e-04 8.964437e-02 4.425027e+02 0.000000e+00 0.000000e+00 4.862418e+04 9.507996e+02 0.000000e+00 0.000000e+00 0.000000e+00 0.000000e+00 0.000000e+00 1.294389e-06 9.999987e-01 -1.000000e+00 8.136180e+05 2.611393e+02
 5.750000e-01 2.500000e-02 0.000000e+00 5.000000e-04 8.963612e-02 4.425721e+02 0.000000e+00 0.000000e+00 4.862101e+04 9.508123e+02 0.000000e+00 0.000000e+00 0.000000e+00 0.000000e+00 0.000000e+00 8.099135e-06 9.999919e-01 -1.000000e+00 8.136404e+05 2.611479e+02
 5.850000e-01 2.500000e-02 0.000000e+00 5.000000e-04 8.962128e-02 4.426261e+02 0.000000e+00 0.000000e+00 4.861388e+04 9.508206e+02 0.000000e+00 0.000000e+00 0.000000e+00 0.000000e+00 0.000000e+00 4.410586e-05 9.999559e-01 -1.000000e+00 8.136584e+05 2.611609e+02
 5.950000e-01 2.500000e-02 0.000000e+00 5.000000e-04 8.960813e-02 4.426802e+02 0.000000e+00 0.000000e+00 4.860369e+04 9.507878e+02 0.000000e+00 0.000000e+00 0.000000e+00 0.000000e+00 0.000000e+00 2.118820e-04 9.997881e-01 -1.000000e+00 8.136200e+05 2.611823e+02
 6.050000e-01 2.500000e-02 0.000000e+00 5.000000e-04 8.962180e-02 4.427723e+02 0.000000e+00 0.000000e+00 4.859700e+04 9.506376e+02 0.000000e+00 0.000000e+00 0.000000e+00 0.000000e+00 0.000000e+00 9.069425e-04 9.990931e-01 -1.000000e+00 8.134360e+05 2.612630e+02
 6.150000e-01 2.500000e-02 0.000000e+00 5.000000e-04 8.972146e-02 4.428057e+02 0.000000e+00 0.000000e+00 4.859172e+04 9.500126e+02 0.000000e+00 0.000000e+00 0.000000e+00 0.000000e+00 0.000000e+00 3.484545e-03 9.965155e-01 -1.000000e+00 8.126378e+05 2.615259e+02
 6.250000e-01 2.500000e-02 0.000000e+00 5.000000e-04 9.012308e-02 4.428330e+02 0.000000e+00 0.000000e+00 4.858956e+04 9.477204e+02 0.000000e+00 0.000000e+00 0.000000e+00 0.000000e+00 0.000000e+00 1.208079e-02 9.879192e-01 -1.000000e+00 8.096298e+05 2.622978e+02
 6.350000e-01 2.500000e-02 0.000000e+00 5.000000e-04 9.143151e-02 4.430002e+02 0.000000e+00 0.000000e+00 4.858628e+04 9.404170e+02 0.000000e+00 0.000000e+00 0.000000e+00 0.000000e+00 0.000000e+00 3.791080e-02 9.620892e-01 -1.000000e+00 7.999717e+05 2.644759e+02
 6.450000e-01 2.500000e-02 0.000000e+00 5.000000e-04 9.533198e-02 4.437214e+02 0.000000e+00 0.000000e+00 4.859716e+04 9.197443e+02 0.000000e+00 0.000000e+00 0.000000e+00 0.000000e+00 0.000000e+00 1.078517e-01 8.921483e-01 -1.000000e+00 7.730296e+05 2.705708e+02
 6.550000e-01 2.500000e-02 0.000000e+00 5.000000e-04 1.065359e-01 4.461833e+02 0.000000e+00 0.000000e+00 4.890669e+04 8.690604e+02 0.000000e+00 0.000000e+00 0.000000e+00 0.000000e+00 0.000000e+00 2.750324e-01 7.249676e-01 -1.000000e+00 7.114670e+05 2.896676e+02
 6.650000e-01 2.500000e-02 0.000000e+00 5.000000e-04 1.349231e-01 4.466802e+02 0.000000e+00 0.000000e+00 4.890116e+04 7.631783e+02 0.000000e+00 0.000000e+00 0.000000e+00 0.000000e+00 0.000000e+00 5.557315e-01 4.442685e-01 -1.000000e+00 5.970836e+05 3.348643e+02
 6.750000e-01 2.500000e-02 0.000000e+00 5.000000e-04 1.832954e-01 4.391445e+02 0.000000e+00 0.000000e+00 4.801886e+04 6.373376e+02 0.000000e+00 0.000000e+00 0.000000e+00 0.000000e+00 0.000000e+00 7.700776e-01 2.299224e-01 -1.000000e+00 4.758642e+05 3.749676e+02
 6.850000e-01 2.500000e-02 0.000000e+00 5.000000e-04 2.358016e-01 4.397204e+02 0.000000e+00 0.000000e+00 4.796574e+04 5.519543e+02 0.000000e+00 0.000000e+00 0.000000e+00 0.000000e+00 0.000000e+00 8.824709e-01 1.175291e-01 -1.000000e+00 4.087200e+05 4.088946e+02
 6.950000e-01 2.500000e-02 0.000000e+00 5.000000e-04 2.810149e-01 4.429869e+02 0.000000e+00 0.000000e+00 4.835396e+04 5.006297e+02 0.000000e+00 0.000000e+00 0.000000e+00 0.000000e+00 0.000000e+00 9.415978e-01 5.840216e-02 -1.000000e+00 3.768757e+05 4.393553e+02
 7.050000e-01 2.500000e-02 0.000000e+00 5.000000e-04 3.119213e-01 4.440222e+02 0.000000e+00 0.000000e+00 4.845881e+04 4.712841e+02 0.000000e+00 0.000000e+00 0.000000e+00 0.000000e+00 0.000000e+00 9.719609e-01 2.803915e-02 -1.000000e+00 3.615642e+05 4.606001e+02
 7.150000e-01 2.500000e-02 0.000000e+00 5.000000e-04 3.297524e-01 4.437507e+02 0.000000e+00 0.000000e+00 4.840823e+04 4.556561e+02 0.000000e+00 0.000000e+00 0.000000e+00 0.000000e+00 0.000000e+00 9.871098e-01 1.289022e-02 -1.000000e+00 3.543324e+05 4.732891e+02
 7.250000e-01 2.500000e-02 0.000000e+00 5.000000e-04 3.394081e-01 4.440674e+02 0.000000e+00 0.000000e+00 4.845565e+04 4.480912e+02 0.000000e+00 0.000000e+00 0.000000e+00 0.000000e+00 0.000000e+00 9.943620e-01 5.638000e-03 -1.000000e+00 3.512873e+05 4.803802e+02
 7.350000e-01 2.500000e-02 0.000000e+00 5.000000e-04 3.446725e-01 4.452198e+02 0.000000e+00 0.000000e+00 4.863406e+04 4.448826e+02 0.000000e+00 0.000000e+00 0.000000e+00 0.000000e+00 0.000000e+00 9.976712e-01 2.328831e-03 -1.000000e+00 3.504122e+05 4.844401e+02
 7.450000e-01 2.500000e-02 0.000000e+00 5.000000e-04 3.464630e-01 4.451861e+02 0.000000e+00 0.000000e+00 4.863250e+04 4.434652e+02 0.000000e+00 0.000000e+00 0.000000e+00 0.000000e+00 0.000000e+00 9.991024e-01 8.976096e-04 -1.000000e+00 3.500149e+05 4.861977e+02
 7.550000e-01 2.500000e-02 0.000000e+00 5.000000e-04 3.458873e-01 4.435044e+02 0.000000e+00 0.000000e+00 4.837815e+04 4.425662e+02 0.000000e+00 0.000000e+00 0.000000e+00 0.000000e+00 0.000000e+00 9.996827e-01 3.173069e-04 -1.000000e+00 3.493466e+05 4.862092e+02
 7.650000e-01 2.500000e-02 0.000000e+00 5.000000e-04 3.394285e-01 4.352624e+02 0.000000e+00 0.000000e+00 4.709946e+04 4.407737e+02 0.000000e+00 0.000000e+00 0.000000e+00 0.000000e+00 0.000000e+00 9.999002e-01 9.977864e-05 -1.000000e+00 3.468025e+05 4.830191e+02
 7.750000e-01 2.500000e-02 0.000000e+00 5.000000e-04 3.090861e-01 3.967874e+02 0.000000e+00 0.000000e+00 4.126684e+04 4.323441e+02 0.000000e+00 0.000000e+00 0.000000e+00 0.000000e+00 0.000000e+00 9.999740e-01 2.604027e-05 -1.000000e+00 3.337560e+05 4.649626e+02
 7.850000e-01 2.500000e-02 0.000000e+00 5.000000e-04 2.186890e-01 2.540058e+02 0.000000e+00 0.000000e+00 2.470552e+04 3.976934e+02 0.000000e+00 0.000000e+00 0.000000e+00 0.000000e+00 0.000000e+00 9.999956e-01 4.429813e-06 -1.000000e+00 2.824240e+05 3.934794e+02
 7.950000e-01 2.500000e-02 0.000000e+00 5.000000e-04 1.431993e-01 5.950768e+01 0.000000e+00 0.000000e+00 1.230148e+04 3.467945e+02 0.000000e+00 0.000000e+00 0.000000e+00 0.000000e+00 0.000000e+00 9.999998e-01 1.819457e-07 -1.000000e+00 2.147614e+05 2.992146e+02
 8.050000e-01 2.500000e-02 0.000000e+00 5.000000e-04 1.280318e-01 9.865691e+00 0.000000e+00 0.000000e+00 1.034957e+04 3.364080e+02 0.000000e+00 0.000000e+00 0.000000e+00 0.000000e+00 0.000000e+00 1.000000e-00 1.041615e-09 -1.000000e+00 2.020899e+05 2.815603e+02
 8.150000e-01 2.500000e-02 0.000000e+00 5.000000e-04 1.254402e-01 1.452510e+00 0.000000e+00 0.000000e+00 1.005205e+04 3.349447e+02 0.000000e+00 0.000000e+00 0.000000e+00 0.000000e+00 0.000000e+00 1.000000e-00 6.526503e-13 -1.000000e+00 2.003356e+05 2.791161e+02
 8.250000e-01 2.500000e-02 0.000000e+00 5.000000e-04 1.250449e-01 2.119681e-01 0.000000e+00 0.000000e+00 1.000762e+04 3.347314e+02 0.000000e+00 0.000000e+00 0.000000e+00 0.000000e+00 0.000000e+00 1.000000e+00 5.559831e-17 -1.000000e+00 2.000805e+05 2.787607e+02
 8.350000e-01 2.500000e-02 0.000000e+00 5.000000e-04 1.249868e-01 3.085210e-02 0.000000e+00 0.000000e+00 1.000111e+04 3.347002e+02 0.000000e+00 0.000000e+00 0.000000e+00 0.000000e+00 0.000000e+00 1.000000e+00 4.935179e-22 -1.000000e+00 2.000433e+05 2.787088e+02
 8.450000e-01 2.500000e-02 0.000000e+00 5.000000e-04 1.249784e-01 4.486267e-03 0.000000e+00 0.000000e+00 1.000016e+04 3.346957e+02 0.000000e+00 0.000000e+00 0.000000e+00 0.000000e+00 0.000000e+00 1.000000e+00 4.700521e-28 -1.000000e+00 2.000378e+05 2.787013e+02
 8.550000e-01 2.500000e-02 0.000000e+00 5.000000e-04 1.249771e-01 6.517187e-04 0.000000e+00 0.000000e+00 1.000002e+04 3.346950e+02 0.000000e+00 0.000000e+00 0.000000e+00 0.000000e+00 0.000000e+00 1.000000e+00 4.787760e-35 -1.000000e+00 2.000371e+05 2.787002e+02
 8.650000e-01 2.500000e-02 0.000000e+00 5.000000e-04 1.249770e-01 9.453635e-05 0.000000e+00 0.000000e+00 1.000000e+04 3.346949e+02 0.000000e+00 0.000000e+00 0.000000e+00 0.000000e+00 0.000000e+00 1.000000e+00 5.254727e-43 -1.000000e+00 2.000369e+05 2.787000e+02
 8.750000e-01 2.500000e-02 0.000000e+00 5.000000e-04 1.249769e-01 1.361742e-05 0.000000e+00 0.000000e+00 1.000000e+04 3.346949e+02 0.000000e+00 0.000000e+00 0.000000e+00 0.000000e+00 0.000000e+00 1.000000e+00 5.996855e-52 -1.000000e+00 2.000369e+05 2.787000e+02
 8.850000e-01 2.500000e-02 0.000000e+00 5.000000e-04 1.249769e-01 2.046305e-06 0.000000e+00 0.000000e+00 1.000000e+04 3.346949e+02 0.000000e+00 0.000000e+00 0.000000e+00 0.000000e+00 0.000000e+00 1.000000e+00 7.739211e-62 -1.000000e+00 2.000369e+05 2.787000e+02
 8.950000e-01 2.500000e-02 0.000000e+00 5.000000e-04 1.249769e-01 3.471131e-07 0.000000e+00 0.000000e+00 1.000000e+04 3.346949e+02 0.000000e+00 0.000000e+00 0.000000e+00 0.000000e+00 0.000000e+00 1.000000e+00 1.280029e-72 -1.000000e+00 2.000369e+05 2.787000e+02
 9.050000e-01 2.500000e-02 0.000000e+00 5.000000e-04 1.249769e-01 5.912502e-08 0.000000e+00 0.000000e+00 1.000000e+04 3.346949e+02 0.000000e+00 0.000000e+00 0.000000e+00 0.000000e+00 0.000000e+00 1.000000e+00 2.796458e-84 -1.000000e+00 2.000369e+05 2.787000e+02
 9.150000e-01 2.500000e-02 0.000000e+00 5.000000e-04 1.249769e-01 1.018005e-08 0.000000e+00 0.000000e+00 1.000000e+04 3.346949e+02 0.000000e+00 0.000000e+00 0.000000e+00 0.000000e+00 0.000000e+00 1.000000e+00 8.159218e-97 -1.000000e+00 2.000369e+05 2.787000e+02
 9.250000e-01 2.500000e-02 0.000000e+00 5.000000e-04 1.249769e-01 1.919624e-09 0.000000e+00 0.000000e+00 1.000000e+04 3.346949e+02 0.000000e+00 0.000000e+00 0.000000e+00 0.000000e+00 0.000000e+00 1.000000e+00 3.107836e-110 -1.000000e+00 2.000369e+05 2.787000e+02
 9.350000e-01 2.500000e-02 0.000000e+00 5.000000e-04 1.249769e-01 4.371417e-10 0.000000e+00 0.000000e+00 1.000000e+04 3.346949e+02 0.000000e+00 0.000000e+00 0.000000e+00 0.000000e+00 0.000000e+00 1.000000e+00 1.907098e-124 -1.000000e+00 2.000369e+05 2.787000e+02
 9.450000e-01 2.500000e-02 0.000000e+00 5.000000e-04 1.249769e-01 1.070793e-10 0.000000e+00 0.000000e+00 1.000000e+04 3.346949e+02 0.000000e+00 0.000000e+00 0.000000e+00 0.000000e+00 0.000000e+00 1.000000e+00 2.284109e-139 -1.000000e+00 2.000369e+05 2.787000e+02
 9.550000e-01 2.500000e-02 0.000000e+00 5.000000e-04 1.249769e-01 2.612795e-11 0.000000e+00 0.000000e+00 1.000000e+04 3.346949e+02 0.000000e+00 0.000000e+00 0.000000e+00 0.000000e+00 0.000000e+00 1.000000e+00 5.394652e-155 -1.000000e+00 2.000369e+05 2.787000e+02
 9.650000e-01 2.500000e-02 0.000000e+00 5.000000e-04 1.249769e-01 6.441460e-12 0.000000e+00 0.000000e+00 1.000000e+04 3.346949e+02 0.000000e+00 0.000000e+00 0.000000e+00 0.000000e+00 0.000000e+00 1.000000e+00 2.560002e-171 -1.000000e+00 2.000369e+05 2.787000e+02
 9.750000e-01 2.500000e-02 0.000000e+00 5.000000e-04 1.249769e-01 1.616484e-12 0.000000e+00 0.000000e+00 1.000000e+04 3.346949e+02 0.000000e+00 0.000000e+00 0.000000e+00 0.000000e+00 0.000000e+00 1.000000e+00 2.570141e-188 -1.000000e+00 2.000369e+05 2.787000e+02
 9.850000e-01 2.500000e-02 0.000000e+00 5.000000e-04 1.249769e-01 3.963738e-13 0.000000e+00 0.000000e+00 1.000000e+04 3.346949e+02 0.000000e+00 0.000000e+00 0.000000e+00 0.000000e+00 0.000000e+00 1.000000e+00 5.107952e-206 -1.000000e+00 2.000369e+05 2.787000e+02
 9.950000e-01 2.500000e-02 0.000000e+00 5.000000e-04 1.249769e-01 8.808307e-14 0.000000e+00 0.000000e+00 1.000000e+04 3.346949e+02 0.000000e+00 0.000000e+00 0.000000e+00 0.000000e+00 0.000000e+00 1.000000e+00 2.528340e-224 -1.000000e+00 2.000369e+05 2.787000e+02
