0.000000e+00 1.000160e+05
6.068895e-02 1.000160e+05
6.129267e-02 9.984433e+04
6.189721e-02 9.967263e+04
6.250259e-02 9.950093e+04
6.310881e-02 9.932922e+04
6.371586e-02 9.915752e+04
6.432376e-02 9.898582e+04
6.493250e-02 9.881412e+04
6.554209e-02 9.864242e+04
6.615252e-02 9.847072e+04
6.676381e-02 9.829901e+04
6.737595e-02 9.812731e+04
6.798895e-02 9.795561e+04
6.860282e-02 9.778391e+04
6.921754e-02 9.761221e+04
6.983313e-02 9.744051e+04
7.044959e-02 9.726880e+04
7.106691e-02 9.709710e+04
7.168512e-02 9.692540e+04
7.230420e-02 9.675370e+04
7.292415e-02 9.658200e+04
7.354500e-02 9.641030e+04
7.416672e-02 9.623859e+04
7.478934e-02 9.606689e+04
7.541284e-02 9.589519e+04
7.603724e-02 9.572349e+04
7.666253e-02 9.555179e+04
7.728873e-02 9.538009e+04
7.791583e-02 9.520838e+04
7.854383e-02 9.503668e+04
7.917274e-02 9.486498e+04
7.980256e-02 9.469328e+04
8.043330e-02 9.452158e+04
8.106495e-02 9.434988e+04
8.169752e-02 9.417817e+04
8.233102e-02 9.400647e+04
8.296544e-02 9.383477e+04
8.360079e-02 9.366307e+04
8.423708e-02 9.349137e+04
8.487430e-02 9.331967e+04
8.551246e-02 9.314796e+04
8.615156e-02 9.297626e+04
8.679160e-02 9.280456e+04
8.743260e-02 9.263286e+04
8.807454e-02 9.246116e+04
8.871744e-02 9.228946e+04
8.936130e-02 9.211775e+04
9.000611e-02 9.194605e+04
9.065189e-02 9.177435e+04
9.129864e-02 9.160265e+04
9.194636e-02 9.143095e+04
9.259505e-02 9.125925e+04
9.324472e-02 9.108754e+04
9.389537e-02 9.091584e+04
9.454700e-02 9.074414e+04
9.519962e-02 9.057244e+04
9.585324e-02 9.040074e+04
9.650784e-02 9.022904e+04
9.716344e-02 9.005733e+04
9.782004e-02 8.988563e+04
9.847765e-02 8.971393e+04
9.913627e-02 8.954223e+04
9.979589e-02 8.937053e+04
1.004565e-01 8.919883e+04
1.011182e-01 8.902713e+04
1.017809e-01 8.885542e+04
1.024446e-01 8.868372e+04
1.031093e-01 8.851202e+04
1.037751e-01 8.834032e+04
1.044419e-01 8.816862e+04
1.051097e-01 8.799692e+04
1.057786e-01 8.782521e+04
1.064485e-01 8.765351e+04
1.071195e-01 8.748181e+04
1.077915e-01 8.731011e+04
1.084646e-01 8.713841e+04
1.091388e-01 8.696671e+04
1.098140e-01 8.679500e+04
1.104903e-01 8.662330e+04
1.111677e-01 8.645160e+04
1.118461e-01 8.627990e+04
1.125256e-01 8.610820e+04
1.132062e-01 8.593650e+04
1.138879e-01 8.576479e+04
1.145707e-01 8.559309e+04
1.152546e-01 8.542139e+04
1.159396e-01 8.524969e+04
1.166257e-01 8.507799e+04
1.173129e-01 8.490629e+04
1.180012e-01 8.473458e+04
1.186906e-01 8.456288e+04
1.193812e-01 8.439118e+04
1.200728e-01 8.421948e+04
1.207656e-01 8.404778e+04
1.214596e-01 8.387608e+04
1.221547e-01 8.370437e+04
1.228509e-01 8.353267e+04
1.235482e-01 8.336097e+04
1.242467e-01 8.318927e+04
1.249464e-01 8.301757e+04
1.256472e-01 8.284587e+04
1.263492e-01 8.267416e+04
1.270524e-01 8.250246e+04
1.277567e-01 8.233076e+04
1.284622e-01 8.215906e+04
1.291689e-01 8.198736e+04
1.298767e-01 8.181566e+04
1.305858e-01 8.164395e+04
1.312960e-01 8.147225e+04
1.320075e-01 8.130055e+04
1.327201e-01 8.112885e+04
1.334340e-01 8.095715e+04
1.341491e-01 8.078545e+04
1.348653e-01 8.061374e+04
1.355828e-01 8.044204e+04
1.363016e-01 8.027034e+04
1.370215e-01 8.009864e+04
1.377427e-01 7.992694e+04
1.384652e-01 7.975524e+04
1.391889e-01 7.958353e+04
1.399138e-01 7.941183e+04
1.406400e-01 7.924013e+04
1.413674e-01 7.906843e+04
1.420962e-01 7.889673e+04
1.428261e-01 7.872503e+04
1.435574e-01 7.855332e+04
1.442899e-01 7.838162e+04
1.450238e-01 7.820992e+04
1.457589e-01 7.803822e+04
1.464953e-01 7.786652e+04
1.472330e-01 7.769482e+04
1.479720e-01 7.752311e+04
1.487123e-01 7.735141e+04
1.494540e-01 7.717971e+04
1.501969e-01 7.700801e+04
1.509412e-01 7.683631e+04
1.516869e-01 7.666461e+04
1.524338e-01 7.649290e+04
1.531821e-01 7.632120e+04
1.539318e-01 7.614950e+04
1.546828e-01 7.597780e+04
1.554351e-01 7.580610e+04
1.561888e-01 7.563440e+04
1.569439e-01 7.546269e+04
1.577004e-01 7.529099e+04
1.584583e-01 7.511929e+04
1.592175e-01 7.494759e+04
1.599781e-01 7.477589e+04
1.607402e-01 7.460419e+04
1.615036e-01 7.443248e+04
1.622684e-01 7.426078e+04
1.630347e-01 7.408908e+04
1.638024e-01 7.391738e+04
1.645715e-01 7.374568e+04
1.653420e-01 7.357398e+04
1.661140e-01 7.340227e+04
1.668874e-01 7.323057e+04
1.676623e-01 7.305887e+04
1.684386e-01 7.288717e+04
1.692165e-01 7.271547e+04
1.699957e-01 7.254377e+04
1.707765e-01 7.237206e+04
1.715587e-01 7.220036e+04
1.723424e-01 7.202866e+04
1.731277e-01 7.185696e+04
1.739144e-01 7.168526e+04
1.747026e-01 7.151356e+04
1.754923e-01 7.134185e+04
1.762836e-01 7.117015e+04
1.770764e-01 7.099845e+04
1.778707e-01 7.082675e+04
1.786666e-01 7.065505e+04
1.794640e-01 7.048335e+04
1.802630e-01 7.031164e+04
1.810635e-01 7.013994e+04
1.818657e-01 6.996824e+04
1.826693e-01 6.979654e+04
1.834746e-01 6.962484e+04
1.842815e-01 6.945314e+04
1.850899e-01 6.928143e+04
1.859000e-01 6.910973e+04
1.867117e-01 6.893803e+04
1.875249e-01 6.876633e+04
1.883399e-01 6.859463e+04
1.891564e-01 6.842293e+04
1.899746e-01 6.825122e+04
1.907944e-01 6.807952e+04
1.916159e-01 6.790782e+04
1.924391e-01 6.773612e+04
1.932639e-01 6.756442e+04
1.940904e-01 6.739272e+04
1.949186e-01 6.722101e+04
1.957485e-01 6.704931e+04
1.965801e-01 6.687761e+04
1.974134e-01 6.670591e+04
1.982484e-01 6.653421e+04
1.990851e-01 6.636251e+04
1.999236e-01 6.619080e+04
2.007638e-01 6.601910e+04
2.016058e-01 6.584740e+04
2.024495e-01 6.567570e+04
2.032950e-01 6.550400e+04
2.041423e-01 6.533230e+04
2.049913e-01 6.516059e+04
2.058422e-01 6.498889e+04
2.066948e-01 6.481719e+04
2.075493e-01 6.464549e+04
2.084055e-01 6.447379e+04
2.092636e-01 6.430209e+04
2.101235e-01 6.413038e+04
2.109853e-01 6.395868e+04
2.118489e-01 6.378698e+04
2.127144e-01 6.361528e+04
2.135818e-01 6.344358e+04
2.144510e-01 6.327188e+04
2.153221e-01 6.310017e+04
2.161952e-01 6.292847e+04
2.170701e-01 6.275677e+04
2.179469e-01 6.258507e+04
2.188257e-01 6.241337e+04
2.197064e-01 6.224167e+04
2.205891e-01 6.206997e+04
2.214737e-01 6.189826e+04
2.223603e-01 6.172656e+04
2.232488e-01 6.155486e+04
2.241394e-01 6.138316e+04
2.250319e-01 6.121146e+04
2.259264e-01 6.103976e+04
2.268230e-01 6.086805e+04
2.277215e-01 6.069635e+04
2.286222e-01 6.052465e+04
2.295248e-01 6.035295e+04
2.304295e-01 6.018125e+04
2.313363e-01 6.000955e+04
2.322452e-01 5.983784e+04
2.331561e-01 5.966614e+04
2.340692e-01 5.949444e+04
2.349843e-01 5.932274e+04
2.359016e-01 5.915104e+04
2.368210e-01 5.897934e+04
2.377426e-01 5.880763e+04
2.386663e-01 5.863593e+04
2.395922e-01 5.846423e+04
2.405202e-01 5.829253e+04
2.414505e-01 5.812083e+04
2.423829e-01 5.794913e+04
2.433176e-01 5.777742e+04
2.442544e-01 5.760572e+04
2.451936e-01 5.743402e+04
2.461349e-01 5.726232e+04
2.470786e-01 5.709062e+04
2.480245e-01 5.691892e+04
2.489726e-01 5.674721e+04
2.499231e-01 5.657551e+04
2.508759e-01 5.640381e+04
2.518310e-01 5.623211e+04
2.527885e-01 5.606041e+04
2.537483e-01 5.588871e+04
2.547104e-01 5.571700e+04
2.556750e-01 5.554530e+04
2.566419e-01 5.537360e+04
2.576112e-01 5.520190e+04
2.585830e-01 5.503020e+04
2.595572e-01 5.485850e+04
2.605338e-01 5.468679e+04
2.615128e-01 5.451509e+04
2.624944e-01 5.434339e+04
2.634784e-01 5.417169e+04
2.644649e-01 5.399999e+04
2.654539e-01 5.382829e+04
2.664455e-01 5.365658e+04
2.674396e-01 5.348488e+04
2.684363e-01 5.331318e+04
2.694355e-01 5.314148e+04
2.704373e-01 5.296978e+04
2.714417e-01 5.279808e+04
2.724488e-01 5.262637e+04
2.734584e-01 5.245467e+04
2.744707e-01 5.228297e+04
2.754857e-01 5.211127e+04
2.765034e-01 5.193957e+04
2.775237e-01 5.176787e+04
2.785468e-01 5.159616e+04
2.795726e-01 5.142446e+04
2.806011e-01 5.125276e+04
2.816324e-01 5.108106e+04
2.826664e-01 5.090936e+04
2.837033e-01 5.073766e+04
2.847430e-01 5.056595e+04
2.857855e-01 5.039425e+04
2.868308e-01 5.022255e+04
2.878790e-01 5.005085e+04
2.889301e-01 4.987915e+04
2.899841e-01 4.970745e+04
2.910410e-01 4.953574e+04
2.921008e-01 4.936404e+04
2.931636e-01 4.919234e+04
2.942294e-01 4.902064e+04
2.952981e-01 4.884894e+04
2.963699e-01 4.867724e+04
2.974447e-01 4.850553e+04
6.775440e-01 4.850553e+04
6.775440e-01 4.850553e+04
7.776049e-01 4.850553e+04
7.776049e-01 1.000000e+04
1.000000e+00 1.000000e+04

