0.000000e+00 1.050000e-02
2.416739e-04 1.050159e-02
4.866710e-04 1.050633e-02
7.349549e-04 1.051417e-02
9.864897e-04 1.052507e-02
1.241240e-03 1.053900e-02
1.499169e-03 1.055590e-02
1.760244e-03 1.057574e-02
2.024429e-03 1.059847e-02
2.291689e-03 1.062406e-02
2.561992e-03 1.065246e-02
2.835303e-03 1.068364e-02
3.111590e-03 1.071755e-02
3.390819e-03 1.075416e-02
3.672958e-03 1.079343e-02
3.957975e-03 1.083531e-02
4.245838e-03 1.087978e-02
4.536515e-03 1.092679e-02
4.829975e-03 1.097630e-02
5.126188e-03 1.102829e-02
5.425122e-03 1.108271e-02
5.726748e-03 1.113953e-02
6.031036e-03 1.119871e-02
6.337957e-03 1.126021e-02
6.647480e-03 1.132401e-02
6.959578e-03 1.139007e-02
7.274221e-03 1.145835e-02
7.591381e-03 1.152882e-02
7.911031e-03 1.160145e-02
8.233142e-03 1.167620e-02
8.557688e-03 1.175304e-02
8.884641e-03 1.183195e-02
9.213974e-03 1.191287e-02
9.545662e-03 1.199580e-02
9.879677e-03 1.208069e-02
1.021600e-02 1.216751e-02
1.055459e-02 1.225624e-02
1.089544e-02 1.234683e-02
1.123851e-02 1.243928e-02
1.158378e-02 1.253353e-02
1.193123e-02 1.262957e-02
1.228084e-02 1.272737e-02
1.263257e-02 1.282689e-02
1.298641e-02 1.292811e-02
1.334233e-02 1.303100e-02
1.370031e-02 1.313554e-02
1.406033e-02 1.324169e-02
1.442237e-02 1.334943e-02
1.478639e-02 1.345873e-02
1.515239e-02 1.356957e-02
1.552034e-02 1.368192e-02
1.589021e-02 1.379575e-02
1.626199e-02 1.391105e-02
1.663565e-02 1.402778e-02
1.701118e-02 1.414591e-02
1.738856e-02 1.426543e-02
1.776776e-02 1.438632e-02
1.814876e-02 1.450853e-02
1.853155e-02 1.463206e-02
1.891611e-02 1.475689e-02
1.930241e-02 1.488297e-02
1.969044e-02 1.501030e-02
2.008018e-02 1.513886e-02
2.047161e-02 1.526861e-02
2.086472e-02 1.539953e-02
2.125948e-02 1.553162e-02
2.165588e-02 1.566483e-02
2.205390e-02 1.579916e-02
2.245352e-02 1.593458e-02
2.285473e-02 1.607107e-02
2.325751e-02 1.620861e-02
2.366184e-02 1.634718e-02
2.406771e-02 1.648676e-02
2.447510e-02 1.662734e-02
2.488399e-02 1.676888e-02
2.529438e-02 1.691137e-02
2.570624e-02 1.705480e-02
2.611956e-02 1.719915e-02
2.653433e-02 1.734438e-02
2.695052e-02 1.749050e-02
2.736813e-02 1.763748e-02
2.778714e-02 1.778530e-02
2.820754e-02 1.793394e-02
2.862932e-02 1.808339e-02
2.905245e-02 1.823363e-02
2.947693e-02 1.838465e-02
2.990274e-02 1.853642e-02
3.032988e-02 1.868893e-02
3.075832e-02 1.884217e-02
3.118805e-02 1.899611e-02
3.161907e-02 1.915075e-02
3.205136e-02 1.930607e-02
3.248491e-02 1.946204e-02
3.291970e-02 1.961867e-02
3.335573e-02 1.977592e-02
3.379299e-02 1.993380e-02
3.423145e-02 2.009228e-02
3.467112e-02 2.025134e-02
3.511198e-02 2.041098e-02
3.555402e-02 2.057118e-02
3.599722e-02 2.073193e-02
3.644159e-02 2.089321e-02
3.688711e-02 2.105501e-02
3.733376e-02 2.121732e-02
3.778154e-02 2.138013e-02
3.823045e-02 2.154341e-02
3.868046e-02 2.170717e-02
3.913157e-02 2.187138e-02
3.958378e-02 2.203604e-02
4.003707e-02 2.220113e-02
4.049143e-02 2.236664e-02
4.094686e-02 2.253255e-02
4.140335e-02 2.269887e-02
4.186089e-02 2.286557e-02
4.231946e-02 2.303265e-02
4.277907e-02 2.320010e-02
4.323971e-02 2.336789e-02
4.370136e-02 2.353604e-02
4.416402e-02 2.370451e-02
4.462769e-02 2.387330e-02
4.509235e-02 2.404241e-02
4.555800e-02 2.421182e-02
4.602463e-02 2.438153e-02
4.649224e-02 2.455151e-02
4.696081e-02 2.472177e-02
4.743035e-02 2.489230e-02
4.790085e-02 2.506307e-02
4.837229e-02 2.523410e-02
4.884468e-02 2.540536e-02
4.931800e-02 2.557685e-02
4.979226e-02 2.574856e-02
5.026745e-02 2.592048e-02
5.074356e-02 2.609261e-02
5.122058e-02 2.626493e-02
5.169852e-02 2.643743e-02
5.217736e-02 2.661012e-02
5.265710e-02 2.678297e-02
5.313774e-02 2.695599e-02
5.361927e-02 2.712917e-02
5.410169e-02 2.730250e-02
5.458499e-02 2.747596e-02
5.506918e-02 2.764956e-02
5.555423e-02 2.782329e-02
5.604016e-02 2.799714e-02
5.652695e-02 2.817111e-02
5.701461e-02 2.834518e-02
5.750313e-02 2.851935e-02
5.799251e-02 2.869362e-02
5.848274e-02 2.886797e-02
5.897381e-02 2.904241e-02
5.946574e-02 2.921692e-02
5.995851e-02 2.939151e-02
6.045212e-02 2.956616e-02
6.094656e-02 2.974087e-02
6.144185e-02 2.991563e-02
6.193796e-02 3.009044e-02
6.243491e-02 3.026529e-02
6.293268e-02 3.044018e-02
6.343128e-02 3.061511e-02
6.393071e-02 3.079006e-02
6.443096e-02 3.096503e-02
6.493202e-02 3.114002e-02
6.543391e-02 3.131503e-02
6.593661e-02 3.149004e-02
6.644012e-02 3.166506e-02
6.694445e-02 3.184007e-02
6.744959e-02 3.201509e-02
6.795554e-02 3.219009e-02
6.846231e-02 3.236508e-02
6.896987e-02 3.254006e-02
6.947825e-02 3.271501e-02
6.998743e-02 3.288994e-02
7.049742e-02 3.306484e-02
7.100822e-02 3.323971e-02
7.151981e-02 3.341454e-02
7.203221e-02 3.358933e-02
7.254542e-02 3.376409e-02
7.305943e-02 3.393879e-02
7.357423e-02 3.411345e-02
7.408985e-02 3.428805e-02
7.460626e-02 3.446260e-02
7.512348e-02 3.463709e-02
7.564149e-02 3.481152e-02
7.616031e-02 3.498589e-02
7.667994e-02 3.516019e-02
7.720036e-02 3.533442e-02
7.772159e-02 3.550858e-02
7.824362e-02 3.568266e-02
7.876646e-02 3.585667e-02
7.929010e-02 3.603059e-02
7.981455e-02 3.620444e-02
8.033980e-02 3.637820e-02
8.086586e-02 3.655188e-02
8.139273e-02 3.672547e-02
8.192041e-02 3.689896e-02
8.244889e-02 3.707237e-02
8.297819e-02 3.724568e-02
8.350830e-02 3.741889e-02
8.403922e-02 3.759201e-02
8.457096e-02 3.776503e-02
8.510351e-02 3.793794e-02
8.563688e-02 3.811076e-02
8.617108e-02 3.828347e-02
8.670609e-02 3.845607e-02
8.724192e-02 3.862857e-02
8.777858e-02 3.880095e-02
8.831606e-02 3.897323e-02
8.885437e-02 3.914539e-02
8.939351e-02 3.931745e-02
8.993348e-02 3.948939e-02
9.047429e-02 3.966121e-02
9.101593e-02 3.983292e-02
9.155841e-02 4.000451e-02
9.210172e-02 4.017599e-02
9.264588e-02 4.034734e-02
9.319089e-02 4.051858e-02
9.373674e-02 4.068969e-02
9.428344e-02 4.086069e-02
9.483099e-02 4.103156e-02
9.537939e-02 4.120231e-02
9.592865e-02 4.137293e-02
9.647877e-02 4.154343e-02
9.702975e-02 4.171381e-02
9.758160e-02 4.188406e-02
9.813431e-02 4.205419e-02
9.868790e-02 4.222419e-02
9.924235e-02 4.239406e-02
9.979768e-02 4.256381e-02
1.003539e-01 4.273343e-02
1.009110e-01 4.290292e-02
1.014690e-01 4.307229e-02
1.020278e-01 4.324153e-02
1.025876e-01 4.341064e-02
1.031482e-01 4.357962e-02
1.037098e-01 4.374847e-02
1.042722e-01 4.391720e-02
1.048356e-01 4.408579e-02
1.053998e-01 4.425426e-02
1.059650e-01 4.442260e-02
1.065311e-01 4.459081e-02
1.070981e-01 4.475890e-02
1.076660e-01 4.492685e-02
1.082348e-01 4.509468e-02
1.088046e-01 4.526238e-02
1.093753e-01 4.542995e-02
1.099469e-01 4.559739e-02
1.105195e-01 4.576471e-02
1.110930e-01 4.593190e-02
1.116674e-01 4.609896e-02
1.122429e-01 4.626590e-02
1.128192e-01 4.643271e-02
1.133965e-01 4.659940e-02
1.139748e-01 4.676595e-02
1.145540e-01 4.693239e-02
1.151343e-01 4.709870e-02
1.157154e-01 4.726489e-02
1.162976e-01 4.743095e-02
1.168807e-01 4.759689e-02
1.174648e-01 4.776270e-02
1.180499e-01 4.792840e-02
1.186360e-01 4.809397e-02
1.192231e-01 4.825942e-02
1.198112e-01 4.842476e-02
1.204003e-01 4.858997e-02
1.209904e-01 4.875506e-02
1.215815e-01 4.892003e-02
1.221737e-01 4.908489e-02
1.227668e-01 4.924963e-02
1.233610e-01 4.941425e-02
1.239562e-01 4.957875e-02
1.245524e-01 4.974315e-02
1.251497e-01 4.990742e-02
1.257480e-01 5.007158e-02
1.263474e-01 5.023563e-02
1.269478e-01 5.039957e-02
1.275493e-01 5.056339e-02
1.281518e-01 5.072710e-02
1.287554e-01 5.089071e-02
1.293601e-01 5.105420e-02
1.299658e-01 5.121759e-02
1.305726e-01 5.138086e-02
1.311805e-01 5.154403e-02
1.317894e-01 5.170710e-02
1.323995e-01 5.187006e-02
1.330107e-01 5.203291e-02
1.336229e-01 5.219566e-02
1.342363e-01 5.235831e-02
1.348507e-01 5.252085e-02
1.354663e-01 5.268330e-02
1.360830e-01 5.284564e-02
1.367008e-01 5.300788e-02
1.373197e-01 5.317003e-02
1.379398e-01 5.333208e-02
1.385610e-01 5.349403e-02
1.391833e-01 5.365588e-02
1.398068e-01 5.381764e-02
1.404314e-01 5.397931e-02
1.410572e-01 5.414088e-02
1.416841e-01 5.430236e-02
1.423122e-01 5.446374e-02
1.429415e-01 5.462504e-02
1.435719e-01 5.478625e-02
1.442035e-01 5.494736e-02
1.448363e-01 5.510839e-02
1.454703e-01 5.526933e-02
1.461055e-01 5.543019e-02
1.467418e-01 5.559096e-02
1.473794e-01 5.575165e-02
1.480181e-01 5.591225e-02
1.486581e-01 5.607277e-02
1.492993e-01 5.623320e-02
1.499417e-01 5.639356e-02
1.505853e-01 5.655383e-02
1.512301e-01 5.671403e-02
1.518762e-01 5.687415e-02
1.525235e-01 5.703419e-02
1.531720e-01 5.719415e-02
1.538218e-01 5.735404e-02
1.544729e-01 5.751385e-02
1.551252e-01 5.767359e-02
1.557787e-01 5.783326e-02
1.564335e-01 5.799285e-02
1.570896e-01 5.815237e-02
1.577469e-01 5.831182e-02
1.584056e-01 5.847121e-02
1.590655e-01 5.863052e-02
1.597267e-01 5.878976e-02
1.603892e-01 5.894894e-02
1.610529e-01 5.910805e-02
1.617180e-01 5.926709e-02
1.623844e-01 5.942607e-02
1.630521e-01 5.958498e-02
1.637211e-01 5.974383e-02
1.643914e-01 5.990262e-02
1.650631e-01 6.006135e-02
1.657360e-01 6.022001e-02
1.664103e-01 6.037862e-02
1.670860e-01 6.053716e-02
1.677629e-01 6.069565e-02
1.684413e-01 6.085408e-02
1.691209e-01 6.101245e-02
1.698020e-01 6.117076e-02
1.704843e-01 6.132902e-02
1.711681e-01 6.148722e-02
1.718532e-01 6.164537e-02
1.725397e-01 6.180346e-02
1.732275e-01 6.196150e-02
1.739168e-01 6.211949e-02
1.746074e-01 6.227743e-02
1.752994e-01 6.243531e-02
1.759928e-01 6.259315e-02
1.766876e-01 6.275093e-02
1.773838e-01 6.290866e-02
1.780814e-01 6.306635e-02
1.787805e-01 6.322399e-02
1.794809e-01 6.338158e-02
1.801828e-01 6.353912e-02
1.808861e-01 6.369662e-02
1.815908e-01 6.385407e-02
1.822969e-01 6.401147e-02
1.830045e-01 6.416883e-02
1.837135e-01 6.432615e-02
1.844240e-01 6.448342e-02
1.851359e-01 6.464065e-02
1.858493e-01 6.479784e-02
1.865641e-01 6.495498e-02
1.872804e-01 6.511208e-02
1.879982e-01 6.526914e-02
1.887174e-01 6.542616e-02
1.894381e-01 6.558314e-02
1.901603e-01 6.574008e-02
1.908840e-01 6.589698e-02
1.916091e-01 6.605384e-02
1.923358e-01 6.621066e-02
1.930639e-01 6.636745e-02
1.937936e-01 6.652419e-02
1.945247e-01 6.668090e-02
1.952574e-01 6.683757e-02
1.959915e-01 6.699420e-02
1.967272e-01 6.715080e-02
1.974644e-01 6.730736e-02
1.982032e-01 6.746388e-02
1.989434e-01 6.762037e-02
1.996852e-01 6.777682e-02
2.004285e-01 6.793324e-02
2.011734e-01 6.808962e-02
2.019198e-01 6.824597e-02
2.026677e-01 6.840228e-02
2.034172e-01 6.855856e-02
2.041683e-01 6.871480e-02
2.049209e-01 6.887101e-02
2.056751e-01 6.902719e-02
2.064308e-01 6.918333e-02
2.071882e-01 6.933944e-02
2.079471e-01 6.949552e-02
2.087075e-01 6.965156e-02
2.094696e-01 6.980757e-02
2.102332e-01 6.996355e-02
2.109984e-01 7.011949e-02
2.117652e-01 7.027540e-02
2.125337e-01 7.043128e-02
2.133037e-01 7.058713e-02
2.140753e-01 7.074294e-02
2.148485e-01 7.089872e-02
2.156233e-01 7.105447e-02
2.163998e-01 7.121018e-02
2.171778e-01 7.136587e-02
2.179575e-01 7.152152e-02
2.187388e-01 7.167714e-02
2.195218e-01 7.183272e-02
2.203063e-01 7.198828e-02
2.210926e-01 7.214380e-02
2.218804e-01 7.229928e-02
2.226699e-01 7.245474e-02
2.234610e-01 7.261016e-02
2.242538e-01 7.276555e-02
2.250482e-01 7.292090e-02
2.258443e-01 7.307623e-02
2.266420e-01 7.323151e-02
2.274414e-01 7.338677e-02
2.282425e-01 7.354199e-02
2.290452e-01 7.369718e-02
2.298496e-01 7.385233e-02
2.306557e-01 7.400745e-02
2.314635e-01 7.416253e-02
2.322729e-01 7.431758e-02
2.330840e-01 7.447260e-02
2.338969e-01 7.462758e-02
2.347114e-01 7.478252e-02
2.355275e-01 7.493743e-02
2.363454e-01 7.509230e-02
2.371650e-01 7.524713e-02
2.379863e-01 7.540193e-02
2.388093e-01 7.555669e-02
2.396340e-01 7.571142e-02
2.404604e-01 7.586610e-02
2.412885e-01 7.602075e-02
2.421184e-01 7.617536e-02
2.429499e-01 7.632993e-02
2.437832e-01 7.648447e-02
2.446182e-01 7.663896e-02
2.454550e-01 7.679341e-02
2.462934e-01 7.694783e-02
2.471336e-01 7.710220e-02
2.479756e-01 7.725653e-02
2.488192e-01 7.741082e-02
2.496647e-01 7.756506e-02
2.505118e-01 7.771927e-02
2.513607e-01 7.787343e-02
2.522114e-01 7.802755e-02
2.530638e-01 7.818162e-02
2.539180e-01 7.833565e-02
2.547739e-01 7.848964e-02
2.556316e-01 7.864358e-02
2.564910e-01 7.879747e-02
2.573522e-01 7.895132e-02
2.582152e-01 7.910512e-02
2.590799e-01 7.925887e-02
2.599464e-01 7.941257e-02
2.608147e-01 7.956623e-02
2.616848e-01 7.971983e-02
2.625566e-01 7.987339e-02
2.634303e-01 8.002689e-02
2.643057e-01 8.018035e-02
2.651829e-01 8.033375e-02
2.660619e-01 8.048710e-02
2.669426e-01 8.064040e-02
2.678252e-01 8.079364e-02
2.687096e-01 8.094683e-02
2.695957e-01 8.109996e-02
2.704837e-01 8.125304e-02
2.713734e-01 8.140606e-02
2.722650e-01 8.155903e-02
2.731584e-01 8.171193e-02
2.740535e-01 8.186478e-02
2.749505e-01 8.201757e-02
2.758493e-01 8.217030e-02
2.767499e-01 8.232297e-02
2.776523e-01 8.247558e-02
2.785566e-01 8.262812e-02
2.794626e-01 8.278061e-02
2.803705e-01 8.293303e-02
2.812802e-01 8.308538e-02
2.821918e-01 8.323767e-02
2.831051e-01 8.338990e-02
2.840203e-01 8.354206e-02
2.849373e-01 8.369415e-02
2.858562e-01 8.384617e-02
2.867769e-01 8.399812e-02
2.876994e-01 8.415001e-02
2.886237e-01 8.430182e-02
2.895499e-01 8.445356e-02
2.904780e-01 8.460523e-02
2.914079e-01 8.475683e-02
2.923396e-01 8.490836e-02
2.932732e-01 8.505980e-02
2.942086e-01 8.521118e-02
2.951458e-01 8.536248e-02
2.960850e-01 8.551370e-02
2.970259e-01 8.566484e-02
2.979687e-01 8.581590e-02
2.989134e-01 8.596689e-02
2.998600e-01 8.611779e-02
3.008084e-01 8.626861e-02
3.017586e-01 8.641935e-02
3.027107e-01 8.657001e-02
3.036647e-01 8.672058e-02
3.046205e-01 8.687107e-02
3.055782e-01 8.702147e-02
3.065378e-01 8.717179e-02
3.074992e-01 8.732201e-02
3.084625e-01 8.747215e-02
3.094277e-01 8.762220e-02
3.103948e-01 8.777216e-02
3.113637e-01 8.792203e-02
3.123345e-01 8.807180e-02
3.133071e-01 8.822149e-02
3.142817e-01 8.837108e-02
3.152581e-01 8.852057e-02
3.162364e-01 8.866997e-02
3.172166e-01 8.881927e-02
3.181986e-01 8.896847e-02
3.191826e-01 8.911758e-02
3.201684e-01 8.926659e-02
3.211561e-01 8.941549e-02
3.221457e-01 8.956429e-02
3.231372e-01 8.971300e-02
3.241305e-01 8.986159e-02
3.251258e-01 9.001009e-02
3.261229e-01 9.015848e-02
3.271219e-01 9.030676e-02
3.281228e-01 9.045494e-02
3.291256e-01 9.060300e-02
3.301303e-01 9.075096e-02
3.311369e-01 9.089881e-02
3.321454e-01 9.104655e-02
3.331558e-01 9.119417e-02
3.341681e-01 9.134169e-02
3.351822e-01 9.148909e-02
3.361983e-01 9.163637e-02
3.372162e-01 9.178354e-02
3.382361e-01 9.193059e-02
3.392579e-01 9.207753e-02
3.402815e-01 9.222434e-02
3.413071e-01 9.237104e-02
3.423345e-01 9.251762e-02
3.433639e-01 9.266407e-02
3.443951e-01 9.281041e-02
3.454283e-01 9.295662e-02
3.464633e-01 9.310270e-02
3.475003e-01 9.324866e-02
3.485392e-01 9.339450e-02
3.495799e-01 9.354020e-02
3.506226e-01 9.368578e-02
3.516672e-01 9.383123e-02
3.527137e-01 9.397655e-02
3.537621e-01 9.412174e-02
3.548124e-01 9.426680e-02
3.558646e-01 9.441173e-02
3.569187e-01 9.455652e-02
3.579747e-01 9.470117e-02
3.590326e-01 9.484569e-02
3.600925e-01 9.499008e-02
3.611542e-01 9.513433e-02
3.622179e-01 9.527844e-02
3.632834e-01 9.542240e-02
3.643509e-01 9.556623e-02
3.654203e-01 9.570992e-02
3.664916e-01 9.585347e-02
3.675648e-01 9.599687e-02
3.686399e-01 9.614013e-02
3.697169e-01 9.628325e-02
3.707958e-01 9.642621e-02
3.718767e-01 9.656904e-02
3.729594e-01 9.671171e-02
3.740441e-01 9.685424e-02
3.751307e-01 9.699661e-02
3.762191e-01 9.713884e-02
3.773095e-01 9.728092e-02
3.784018e-01 9.742284e-02
3.794961e-01 9.756461e-02
3.805922e-01 9.770623e-02
3.816902e-01 9.784769e-02
3.827902e-01 9.798900e-02
3.838920e-01 9.813015e-02
3.849958e-01 9.827114e-02
3.861015e-01 9.841197e-02
3.872091e-01 9.855265e-02
3.883186e-01 9.869317e-02
3.894300e-01 9.883352e-02
3.905433e-01 9.897372e-02
3.916586e-01 9.911375e-02
3.927757e-01 9.925362e-02
3.938948e-01 9.939332e-02
3.950157e-01 9.953286e-02
3.961386e-01 9.967223e-02
3.972634e-01 9.981144e-02
3.983901e-01 9.995048e-02
3.995187e-01 1.000894e-01
4.006492e-01 1.002281e-01
4.017817e-01 1.003666e-01
4.029160e-01 1.005050e-01
4.040522e-01 1.006431e-01
4.051904e-01 1.007812e-01
4.063304e-01 1.009190e-01
4.074724e-01 1.010567e-01
4.086163e-01 1.011942e-01
4.097621e-01 1.013315e-01
4.109098e-01 1.014686e-01
4.120594e-01 1.016056e-01
4.132109e-01 1.017424e-01
4.143643e-01 1.018790e-01
4.155196e-01 1.020155e-01
4.166768e-01 1.021517e-01
4.178359e-01 1.022878e-01
4.189969e-01 1.024237e-01
4.201599e-01 1.025594e-01
4.213247e-01 1.026949e-01
4.224914e-01 1.028303e-01
4.236601e-01 1.029654e-01
4.248306e-01 1.031004e-01
4.260031e-01 1.032352e-01
4.271774e-01 1.033698e-01
4.283536e-01 1.035042e-01
4.295318e-01 1.036385e-01
4.307118e-01 1.037725e-01
4.318938e-01 1.039064e-01
4.330776e-01 1.040401e-01
4.342633e-01 1.041735e-01
4.354510e-01 1.043068e-01
4.366405e-01 1.044399e-01
4.378319e-01 1.045728e-01
4.390253e-01 1.047055e-01
4.402205e-01 1.048381e-01
4.414176e-01 1.049704e-01
4.426166e-01 1.051025e-01
4.438175e-01 1.052345e-01
4.450203e-01 1.053662e-01
4.462250e-01 1.054977e-01
4.474316e-01 1.056291e-01
4.486400e-01 1.057602e-01
4.498504e-01 1.058912e-01
4.510626e-01 1.060220e-01
4.522768e-01 1.061525e-01
4.534928e-01 1.062829e-01
4.547107e-01 1.064130e-01
4.559305e-01 1.065430e-01
4.571522e-01 1.066728e-01
4.583757e-01 1.068023e-01
4.596012e-01 1.069317e-01
4.608285e-01 1.070608e-01
4.620577e-01 1.071898e-01
4.632888e-01 1.073185e-01
4.645218e-01 1.074471e-01
4.657567e-01 1.075754e-01
4.669934e-01 1.077035e-01
4.682321e-01 1.078315e-01
4.694726e-01 1.079592e-01
4.707149e-01 1.080867e-01
4.719592e-01 1.082140e-01
4.732053e-01 1.083411e-01
4.744533e-01 1.084680e-01
4.757032e-01 1.085947e-01
4.769550e-01 1.087212e-01
4.782086e-01 1.088475e-01
4.794641e-01 1.089736e-01
4.807215e-01 1.090994e-01
4.819807e-01 1.092251e-01
4.832418e-01 1.093505e-01
4.845048e-01 1.094757e-01
4.857696e-01 1.096007e-01
4.870363e-01 1.097255e-01
4.883049e-01 1.098501e-01
4.895754e-01 1.099745e-01
4.908477e-01 1.100987e-01
4.921218e-01 1.102226e-01
4.933979e-01 1.103464e-01
4.946758e-01 1.104699e-01
4.959555e-01 1.105932e-01
4.972371e-01 1.107163e-01
4.985206e-01 1.108392e-01
4.998060e-01 1.109619e-01
5.010931e-01 1.110844e-01
5.023822e-01 1.112066e-01
5.036731e-01 1.113287e-01
5.049659e-01 1.114505e-01
5.062605e-01 1.115721e-01
5.075569e-01 1.116935e-01
5.088552e-01 1.118146e-01
5.101554e-01 1.119356e-01
5.114574e-01 1.120563e-01
5.127613e-01 1.121768e-01
5.140670e-01 1.122971e-01
5.153746e-01 1.124172e-01
5.166840e-01 1.125371e-01
5.179952e-01 1.126567e-01
5.193083e-01 1.127762e-01
5.206232e-01 1.128954e-01
5.219400e-01 1.130144e-01
5.232586e-01 1.131332e-01
5.245791e-01 1.132517e-01
5.259014e-01 1.133701e-01
5.272255e-01 1.134882e-01
5.285515e-01 1.136061e-01
5.298793e-01 1.137238e-01
5.312090e-01 1.138412e-01
5.325404e-01 1.139585e-01
5.338738e-01 1.140755e-01
5.352089e-01 1.141923e-01
5.365459e-01 1.143089e-01
5.378847e-01 1.144252e-01
5.392253e-01 1.145414e-01
5.405678e-01 1.146573e-01
5.419121e-01 1.147730e-01
5.432582e-01 1.148885e-01
5.446062e-01 1.150037e-01
5.459559e-01 1.151188e-01
5.473075e-01 1.152336e-01
5.486609e-01 1.153482e-01
5.500162e-01 1.154625e-01
5.513732e-01 1.155767e-01
5.527321e-01 1.156906e-01
5.540928e-01 1.158043e-01
5.554553e-01 1.159178e-01
5.568197e-01 1.160311e-01
5.581858e-01 1.161441e-01
5.595538e-01 1.162569e-01
5.609235e-01 1.163695e-01
5.622951e-01 1.164819e-01
5.636685e-01 1.165941e-01
5.650437e-01 1.167060e-01
5.664208e-01 1.168177e-01
5.677996e-01 1.169292e-01
5.691802e-01 1.170405e-01
5.705627e-01 1.171515e-01
5.719469e-01 1.172623e-01
5.733330e-01 1.173729e-01
5.747208e-01 1.174833e-01
5.761105e-01 1.175934e-01
5.775019e-01 1.177034e-01
5.788952e-01 1.178131e-01
5.802903e-01 1.179225e-01
5.816871e-01 1.180318e-01
5.830858e-01 1.181408e-01
5.844862e-01 1.182496e-01
5.858885e-01 1.183582e-01
5.872925e-01 1.184666e-01
5.886984e-01 1.185747e-01
5.901060e-01 1.186826e-01
5.915154e-01 1.187903e-01
5.929266e-01 1.188978e-01
5.943396e-01 1.190050e-01
5.957544e-01 1.191120e-01
5.971710e-01 1.192188e-01
5.985894e-01 1.193254e-01
6.000095e-01 1.194318e-01
6.014315e-01 1.195379e-01
6.028552e-01 1.196438e-01
6.042807e-01 1.197495e-01
6.057080e-01 1.198549e-01
6.071371e-01 1.199601e-01
6.085679e-01 1.200651e-01
6.100005e-01 1.201699e-01
6.114350e-01 1.202745e-01
6.128711e-01 1.203788e-01
6.143091e-01 1.204829e-01
6.157488e-01 1.205868e-01
6.171904e-01 1.206904e-01
6.186336e-01 1.207938e-01
6.200787e-01 1.208970e-01
6.215255e-01 1.210000e-01
6.229741e-01 1.211028e-01
6.244245e-01 1.212053e-01
6.258766e-01 1.213076e-01
6.273306e-01 1.214096e-01
6.287862e-01 1.215115e-01
6.302437e-01 1.216131e-01
6.317029e-01 1.217145e-01
6.331639e-01 1.218157e-01
6.346266e-01 1.219166e-01
6.360911e-01 1.220173e-01
6.375573e-01 1.221178e-01
6.390254e-01 1.222180e-01
6.404952e-01 1.223181e-01
6.419667e-01 1.224179e-01
6.434400e-01 1.225174e-01
6.449151e-01 1.226168e-01
6.463919e-01 1.227159e-01
6.478704e-01 1.228148e-01
6.493508e-01 1.229135e-01
6.508328e-01 1.230119e-01
6.523167e-01 1.231101e-01
6.538023e-01 1.232081e-01
6.552896e-01 1.233058e-01
6.567787e-01 1.234033e-01
6.582695e-01 1.235006e-01
6.597621e-01 1.235976e-01
6.612564e-01 1.236945e-01
6.627525e-01 1.237910e-01
6.642503e-01 1.238874e-01
6.657499e-01 1.239835e-01
6.672512e-01 1.240794e-01
6.687543e-01 1.241751e-01
6.702591e-01 1.242705e-01
6.717656e-01 1.243657e-01
6.732739e-01 1.244607e-01
6.747840e-01 1.245554e-01
6.762957e-01 1.246499e-01
6.778092e-01 1.247441e-01
6.793245e-01 1.248381e-01
6.808415e-01 1.249319e-01
6.823602e-01 1.250255e-01
6.838807e-01 1.251188e-01
6.854029e-01 1.252119e-01
6.869268e-01 1.253047e-01
6.884525e-01 1.253973e-01
6.899799e-01 1.254896e-01
6.915090e-01 1.255818e-01
6.930398e-01 1.256736e-01
6.945724e-01 1.257653e-01
6.961068e-01 1.258567e-01
6.976428e-01 1.259478e-01
6.991806e-01 1.260387e-01
7.007201e-01 1.261294e-01
7.022613e-01 1.262198e-01
7.038043e-01 1.263100e-01
7.053490e-01 1.263999e-01
7.068954e-01 1.264896e-01
7.084436e-01 1.265791e-01
7.099934e-01 1.266683e-01
7.115450e-01 1.267572e-01
7.130983e-01 1.268459e-01
7.146534e-01 1.269344e-01
7.162101e-01 1.270226e-01
7.177686e-01 1.271105e-01
7.193288e-01 1.271982e-01
7.208907e-01 1.272856e-01
7.224543e-01 1.273728e-01
7.240197e-01 1.274597e-01
7.255868e-01 1.275464e-01
7.271556e-01 1.276328e-01
7.287261e-01 1.277190e-01
7.302983e-01 1.278049e-01
7.318722e-01 1.278905e-01
7.334479e-01 1.279759e-01
7.350252e-01 1.280610e-01
7.366043e-01 1.281459e-01
7.381851e-01 1.282305e-01
7.397676e-01 1.283148e-01
7.413518e-01 1.283989e-01
7.429378e-01 1.284827e-01
7.445254e-01 1.285662e-01
7.461147e-01 1.286494e-01
7.477058e-01 1.287324e-01
7.492986e-01 1.288151e-01
7.508930e-01 1.288976e-01
7.524892e-01 1.289797e-01
7.540871e-01 1.290616e-01
7.556867e-01 1.291432e-01
7.572880e-01 1.292245e-01
7.588910e-01 1.293056e-01
7.604957e-01 1.293863e-01
7.621022e-01 1.294668e-01
7.637103e-01 1.295470e-01
7.653201e-01 1.296269e-01
7.669316e-01 1.297065e-01
7.685449e-01 1.297858e-01
7.701598e-01 1.298649e-01
7.717765e-01 1.299436e-01
7.733948e-01 1.300221e-01
7.750149e-01 1.301002e-01
7.766366e-01 1.301781e-01
7.782600e-01 1.302556e-01
7.798852e-01 1.303328e-01
7.815120e-01 1.304098e-01
7.831406e-01 1.304864e-01
7.847708e-01 1.305627e-01
7.864028e-01 1.306388e-01
7.880364e-01 1.307145e-01
7.896717e-01 1.307899e-01
7.913088e-01 1.308649e-01
7.929475e-01 1.309397e-01
7.945879e-01 1.310141e-01
7.962300e-01 1.310882e-01
7.978739e-01 1.311620e-01
7.995194e-01 1.312355e-01
8.011666e-01 1.313086e-01
8.028155e-01 1.313814e-01
8.044661e-01 1.314539e-01
8.061184e-01 1.315260e-01
8.077723e-01 1.315978e-01
8.094280e-01 1.316692e-01
8.110854e-01 1.317403e-01
8.127444e-01 1.318111e-01
8.144052e-01 1.318815e-01
8.160676e-01 1.319516e-01
8.177318e-01 1.320213e-01
8.193976e-01 1.320906e-01
8.210651e-01 1.321596e-01
8.227343e-01 1.322282e-01
8.244052e-01 1.322965e-01
8.260778e-01 1.323644e-01
8.277521e-01 1.324319e-01
8.294281e-01 1.324990e-01
8.311057e-01 1.325658e-01
8.327851e-01 1.326322e-01
8.344661e-01 1.326982e-01
8.361488e-01 1.327638e-01
8.378332e-01 1.328291e-01
8.395193e-01 1.328939e-01
8.412071e-01 1.329584e-01
8.428966e-01 1.330224e-01
8.445877e-01 1.330860e-01
8.462806e-01 1.331493e-01
8.479751e-01 1.332121e-01
8.496713e-01 1.332745e-01
8.513693e-01 1.333365e-01
8.530688e-01 1.333981e-01
8.547701e-01 1.334593e-01
8.564731e-01 1.335200e-01
8.581777e-01 1.335803e-01
8.598841e-01 1.336402e-01
8.615921e-01 1.336996e-01
8.633018e-01 1.337586e-01
8.650132e-01 1.338172e-01
8.667263e-01 1.338753e-01
8.684410e-01 1.339329e-01
8.701575e-01 1.339901e-01
8.718756e-01 1.340468e-01
8.735954e-01 1.341031e-01
8.753169e-01 1.341588e-01
8.770401e-01 1.342142e-01
8.787649e-01 1.342690e-01
8.804915e-01 1.343233e-01
8.822197e-01 1.343772e-01
8.839496e-01 1.344306e-01
8.856812e-01 1.344834e-01
8.874145e-01 1.345358e-01
8.891495e-01 1.345877e-01
8.908861e-01 1.346390e-01
8.926244e-01 1.346899e-01
8.943644e-01 1.347402e-01
8.961061e-01 1.347900e-01
8.978495e-01 1.348393e-01
8.995945e-01 1.348880e-01
9.013413e-01 1.349362e-01
9.030897e-01 1.349839e-01
9.048398e-01 1.350310e-01
9.065916e-01 1.350775e-01
9.083450e-01 1.351235e-01
9.101002e-01 1.351689e-01
9.118570e-01 1.352138e-01
9.136155e-01 1.352580e-01
9.153757e-01 1.353017e-01
9.171376e-01 1.353448e-01
9.189011e-01 1.353874e-01
9.206663e-01 1.354293e-01
9.224332e-01 1.354706e-01
9.242018e-01 1.355113e-01
9.259721e-01 1.355514e-01
9.277441e-01 1.355908e-01
9.295177e-01 1.356297e-01
9.312930e-01 1.356679e-01
9.330700e-01 1.357054e-01
9.348487e-01 1.357423e-01
9.366290e-01 1.357786e-01
9.384111e-01 1.358142e-01
9.401948e-01 1.358491e-01
9.419802e-01 1.358834e-01
9.437673e-01 1.359170e-01
9.455560e-01 1.359499e-01
9.473465e-01 1.359821e-01
9.491386e-01 1.360136e-01
9.509324e-01 1.360444e-01
9.527278e-01 1.360745e-01
9.545250e-01 1.361039e-01
9.563238e-01 1.361325e-01
9.581244e-01 1.361604e-01
9.599266e-01 1.361876e-01
9.617304e-01 1.362141e-01
9.635360e-01 1.362397e-01
9.653432e-01 1.362646e-01
9.671522e-01 1.362888e-01
9.689628e-01 1.363122e-01
9.707750e-01 1.363347e-01
9.725890e-01 1.363565e-01
9.744046e-01 1.363775e-01
9.762220e-01 1.363977e-01
9.780410e-01 1.364171e-01
9.798616e-01 1.364356e-01
9.816840e-01 1.364534e-01
9.835080e-01 1.364702e-01
9.853338e-01 1.364863e-01
9.871612e-01 1.365014e-01
9.889902e-01 1.365158e-01
9.908210e-01 1.365292e-01
9.926534e-01 1.365417e-01
9.944876e-01 1.365534e-01
9.963234e-01 1.365642e-01
9.981608e-01 1.365741e-01
1.000000e+00 1.365830e-01
