=================================================================================================
      i NZ NE iSLP iLV iCONF                 E(RYD)      TE(RYD)   gi         QD     EQN    RL(NS)
 =================================================================================================
      1 18 18  100   1 3s2 3p6         -1.10469E+00  0.00000E+00  1.0  0.000E+00  0.9514  1.00E+30
      2 18 18  100   2 3s2 3p5 4p      -1.66058E-01  9.38632E-01  1.0  1.546E+00  2.4540  2.57E+01
      3 18 18  100   3 3s2 3p5 5p      -8.20808E-02  1.02261E+00  1.0  1.510E+00  3.4904  8.39E+01
      4 18 18  100   4 3s2 3p5 6p      -4.93082E-02  1.05538E+00  1.0  1.497E+00  4.5034  1.84E+02
      5 18 18  100   5 3s2 3p5 7p      -3.29426E-02  1.07175E+00  1.0  1.490E+00  5.5096  3.37E+02
      6 18 18  100   6 3s2 3p5 8p      -2.35736E-02  1.08112E+00  1.0  1.487E+00  6.5131  5.56E+02
      7 18 18  100   7 3s2 3p5 9p      -1.77058E-02  1.08698E+00  1.0  1.485E+00  7.5152  8.53E+02
      8 18 18  100   8 3s2 3p510p      -1.37867E-02  1.09090E+00  1.0  1.483E+00  8.5167  1.24E+03
      9 18 18  100   9 3s2 3p511p      -1.10393E-02  1.09365E+00  1.0  1.482E+00  9.5176  1.73E+03
     10 18 18  110   1 3s2 3p5 4p      -1.79962E-01  9.24728E-01  3.0  1.643E+00  2.3573  4.07E+01
     11 18 18  110   2 3s2 3p5 5p      -8.76008E-02  1.01709E+00  3.0  1.621E+00  3.3787  1.68E+02
     12 18 18  110   3 3s2 3p5 6p      -5.19676E-02  1.05272E+00  3.0  1.613E+00  4.3867  4.07E+02
     13 18 18  110   4 3s2 3p5 7p      -3.44140E-02  1.07028E+00  3.0  1.609E+00  5.3905  7.84E+02
     14 18 18  110   5 3s2 3p5 8p      -2.44696E-02  1.08022E+00  3.0  1.607E+00  6.3927  1.33E+03
     15 18 18  110   6 3s2 3p5 9p      -1.82908E-02  1.08640E+00  3.0  1.606E+00  7.3941  2.08E+03
     16 18 18  110   7 3s2 3p510p      -1.41893E-02  1.09050E+00  3.0  1.605E+00  8.3950  3.05E+03
     17 18 18  110   8 3s2 3p511p      -1.13279E-02  1.09336E+00  3.0  1.604E+00  9.3956  4.30E+03
     18 18 18  111   1 3s2 3p5 4s      -2.72550E-01  8.32140E-01  3.0  2.085E+00  1.9155  1.59E+00
     19 18 18  111   2 3s2 3p5 5s      -1.16335E-01  9.88355E-01  3.0  2.068E+00  2.9319  2.93E+00
     20 18 18  111   3 3s2 3p5 3d      -1.12014E-01  9.92676E-01  3.0  1.212E-02  2.9879  3.26E+00
     21 18 18  111   4 3s2 3p5 6s      -6.44618E-02  1.04023E+00  3.0  2.061E+00  3.9387  6.65E+00
     22 18 18  111   5 3s2 3p5 4d      -6.29022E-02  1.04179E+00  3.0  1.281E-02  3.9872  5.68E+00
     23 18 18  111   6 3s2 3p5 7s      -4.09500E-02  1.06374E+00  3.0  2.058E+00  4.9417  1.28E+01
     24 18 18  111   7 3s2 3p5 5d      -4.02055E-02  1.06448E+00  3.0  1.279E-02  4.9872  9.83E+00
     25 18 18  111   8 3s2 3p5 8s      -2.83108E-02  1.07638E+00  3.0  2.057E+00  5.9432  2.21E+01
     26 18 18  111   9 3s2 3p5 6d      -2.78961E-02  1.07679E+00  3.0  1.274E-02  5.9873  1.60E+01
     27 18 18  111  10 3s2 3p5 9s      -2.07375E-02  1.08395E+00  3.0  2.056E+00  6.9442  3.50E+01
     28 18 18  111  11 3s2 3p5 7d      -2.04823E-02  1.08421E+00  3.0  1.268E-02  6.9873  2.46E+01
     29 18 18  111  12 3s2 3p510s      -1.58429E-02  1.08885E+00  3.0  2.055E+00  7.9448  5.22E+01
     30 18 18  111  13 3s2 3p5 8d      -1.56745E-02  1.08902E+00  3.0  1.264E-02  7.9874  3.58E+01
     31 18 18  111  14 3s2 3p511s      -1.24974E-02  1.09219E+00  3.0  2.055E+00  8.9452  7.43E+01
     32 18 18  111  15 3s2 3p5 9d      -1.23803E-02  1.09231E+00  3.0  1.259E-02  8.9874  5.02E+01
     33 18 18  111  16 3s2 3p512s      -1.01099E-02  1.09458E+00  3.0  2.055E+00  9.9455  1.02E+02
     34 18 18  111  17 3s2 3p510d      -1.00252E-02  1.09466E+00  3.0  1.258E-02  9.9874  6.80E+01
     35 18 18  120   1 3s2 3p5 4p      -1.84438E-01  9.20252E-01  5.0  1.672E+00  2.3285  4.45E+01
     36 18 18  120   2 3s2 3p5 5p      -8.87445E-02  1.01595E+00  5.0  1.643E+00  3.3568  1.95E+02
     37 18 18  120   3 3s2 3p5 4f      -6.25597E-02  1.04213E+00  5.0  1.909E-03  3.9981  7.06E+01
     38 18 18  120   4 3s2 3p5 6p      -5.24389E-02  1.05225E+00  5.0  1.633E+00  4.3669  4.56E+02
     39 18 18  120   5 3s2 3p5 5f      -4.00454E-02  1.06464E+00  5.0  2.835E-03  4.9972  1.35E+02
     40 18 18  120   6 3s2 3p5 7p      -3.46560E-02  1.07003E+00  5.0  1.628E+00  5.3717  8.45E+02
     41 18 18  120   7 3s2 3p5 6f      -2.78087E-02  1.07688E+00  5.0  3.337E-03  5.9967  2.29E+02
     42 18 18  120   8 3s2 3p5 8p      -2.46110E-02  1.08008E+00  5.0  1.626E+00  6.3743  1.39E+03
     43 18 18  120   9 3s2 3p5 7f      -2.04294E-02  1.08426E+00  5.0  3.639E-03  6.9964  3.59E+02
     44 18 18  120  10 3s2 3p5 9p      -1.83806E-02  1.08631E+00  5.0  1.624E+00  7.3760  2.13E+03
     45 18 18  120  11 3s2 3p5 8f      -1.56400E-02  1.08905E+00  5.0  3.837E-03  7.9962  5.31E+02
     46 18 18  120  12 3s2 3p510p      -1.42501E-02  1.09044E+00  5.0  1.623E+00  8.3770  3.09E+03
     47 18 18  120  13 3s2 3p5 9f      -1.23566E-02  1.09233E+00  5.0  3.978E-03  8.9960  7.50E+02
     48 18 18  120  14 3s2 3p511p      -1.13710E-02  1.09332E+00  5.0  1.622E+00  9.3778  4.30E+03
     49 18 18  120  15 3s2 3p510f      -1.00081E-02  1.09468E+00  5.0  4.048E-03  9.9960  1.02E+03
     50 18 18  121   1 3s2 3p5 3d      -1.13931E-01  9.90759E-01  5.0  3.736E-02  2.9626  4.94E+01
     51 18 18  121   2 3s2 3p5 4d      -6.45741E-02  1.04012E+00  5.0  6.476E-02  3.9352  2.63E+02
     52 18 18  121   3 3s2 3p5 5d      -4.13029E-02  1.06339E+00  5.0  7.949E-02  4.9205  7.94E+02
     53 18 18  121   4 3s2 3p5 6d      -2.86099E-02  1.07608E+00  5.0  8.790E-02  5.9121  1.60E+03
     54 18 18  121   5 3s2 3p5 7d      -2.09619E-02  1.08373E+00  5.0  9.308E-02  6.9069  2.60E+03
     55 18 18  121   6 3s2 3p5 8d      -1.60088E-02  1.08868E+00  5.0  9.648E-02  7.9035  3.80E+03
     56 18 18  121   7 3s2 3p5 9d      -1.26213E-02  1.09207E+00  5.0  9.881E-02  8.9012  5.23E+03
     57 18 18  121   8 3s2 3p510d      -1.02040E-02  1.09449E+00  5.0  1.005E-01  9.8995  6.95E+03
     58 18 18  130   1 3s2 3p5 4f      -6.24350E-02  1.04225E+00  7.0 -2.082E-03  4.0021  7.01E+01
     59 18 18  130   2 3s2 3p5 5f      -3.99508E-02  1.06474E+00  7.0 -3.078E-03  5.0031  1.31E+02
     60 18 18  130   3 3s2 3p5 6f      -2.77444E-02  1.07695E+00  7.0 -3.608E-03  6.0036  2.20E+02
     61 18 18  130   4 3s2 3p5 7f      -2.03853E-02  1.08430E+00  7.0 -3.924E-03  7.0039  3.41E+02
     62 18 18  130   5 3s2 3p5 8f      -1.56089E-02  1.08908E+00  7.0 -4.125E-03  8.0041  4.99E+02
     63 18 18  130   6 3s2 3p5 9f      -1.23340E-02  1.09236E+00  7.0 -4.260E-03  9.0043  7.01E+02
     64 18 18  131   1 3s2 3p5 3d      -1.16720E-01  9.87970E-01  7.0  7.297E-02  2.9270  4.95E+01
     65 18 18  131   2 3s2 3p5 4d      -6.58307E-02  1.03886E+00  7.0  1.025E-01  3.8975  2.96E+02
     66 18 18  131   3 3s2 3p5 5d      -4.19341E-02  1.06276E+00  7.0  1.167E-01  4.8833  8.47E+02
     67 18 18  131   4 3s2 3p5 5g      -4.00005E-02  1.06469E+00  7.0  0.000E+00  5.0000  2.35E+02
     68 18 18  131   5 3s2 3p5 6d      -2.89666E-02  1.07572E+00  7.0  1.244E-01  5.8756  1.54E+03
     69 18 18  131   6 3s2 3p5 6g      -2.77784E-02  1.07691E+00  7.0  0.000E+00  5.9999  4.02E+02
     70 18 18  131   7 3s2 3p5 7d      -2.11821E-02  1.08351E+00  7.0  1.291E-01  6.8709  2.32E+03
     71 18 18  131   8 3s2 3p5 7g      -2.04087E-02  1.08428E+00  7.0  0.000E+00  6.9999  6.33E+02
     72 18 18  131   9 3s2 3p5 8d      -1.61540E-02  1.08854E+00  7.0  1.321E-01  7.8679  3.24E+03
     73 18 18  131  10 3s2 3p5 8g      -1.56254E-02  1.08906E+00  7.0  1.025E-04  7.9999  9.36E+02
     74 18 18  131  11 3s2 3p5 9d      -1.27221E-02  1.09197E+00  7.0  1.341E-01  8.8659  4.35E+03
     75 18 18  131  12 3s2 3p5 9g      -1.23460E-02  1.09234E+00  7.0  1.171E-04  8.9999  1.32E+03
     76 18 18  131  13 3s2 3p510d      -1.02768E-02  1.09441E+00  7.0  1.356E-01  9.8644  5.70E+03
     77 18 18  131  14 3s2 3p510g      -1.00003E-02  1.09469E+00  7.0  1.498E-04  9.9999  1.80E+03
     78 18 18  140   1 3s2 3p5 4f      -6.25333E-02  1.04216E+00  9.0  1.065E-03  3.9989  6.73E+01
     79 18 18  140   2 3s2 3p5 5f      -4.00260E-02  1.06466E+00  9.0  1.624E-03  4.9984  1.24E+02
     80 18 18  140   3 3s2 3p5 6f      -2.77958E-02  1.07689E+00  9.0  1.945E-03  5.9981  2.06E+02
     81 18 18  140   4 3s2 3p5 6h      -2.77778E-02  1.07691E+00  9.0  0.000E+00  6.0000  6.06E+02
     82 18 18  140   5 3s2 3p5 7f      -2.04207E-02  1.08427E+00  9.0  2.149E-03  6.9979  3.19E+02
     83 18 18  140   6 3s2 3p5 7h      -2.04081E-02  1.08428E+00  9.0  0.000E+00  7.0000  9.53E+02
     84 18 18  140   7 3s2 3p5 8f      -1.56339E-02  1.08906E+00  9.0  2.277E-03  7.9977  4.70E+02
     85 18 18  140   8 3s2 3p5 8h      -1.56250E-02  1.08906E+00  9.0  0.000E+00  8.0000  1.41E+03
     86 18 18  140   9 3s2 3p5 9f      -1.23522E-02  1.09234E+00  9.0  2.376E-03  8.9976  6.62E+02
     87 18 18  140  10 3s2 3p5 9h      -1.23456E-02  1.09234E+00  9.0  0.000E+00  9.0000  1.99E+03
     88 18 18  140  11 3s2 3p510f      -1.00049E-02  1.09469E+00  9.0  2.449E-03  9.9976  8.99E+02
     89 18 18  141   1 3s2 3p5 5g      -3.99988E-02  1.06469E+00  9.0  0.000E+00  5.0001  2.35E+02
     90 18 18  141   2 3s2 3p5 6g      -2.77765E-02  1.07691E+00  9.0 -1.380E-04  6.0001  4.05E+02
     91 18 18  141   3 3s2 3p5 7g      -2.04071E-02  1.08428E+00  9.0 -1.825E-04  7.0002  6.38E+02
     92 18 18  141   4 3s2 3p5 8g      -1.56242E-02  1.08907E+00  9.0 -2.048E-04  8.0002  9.48E+02
     93 18 18  141   5 3s2 3p5 9g      -1.23450E-02  1.09234E+00  9.0 -2.474E-04  9.0002  1.34E+03
     94 18 18  150   1 3s2 3p5 6h      -2.77778E-02  1.07691E+00 11.0  0.000E+00  6.0000  6.32E+02
     95 18 18  150   2 3s2 3p5 7h      -2.04081E-02  1.08428E+00 11.0  0.000E+00  7.0000  1.00E+03
     96 18 18  150   3 3s2 3p5 8h      -1.56250E-02  1.08906E+00 11.0  0.000E+00  8.0000  1.49E+03
     97 18 18  150   4 3s2 3p5 9h      -1.23457E-02  1.09234E+00 11.0  0.000E+00  9.0000  2.11E+03
     98 18 18  151   1 3s2 3p5 5g      -4.00005E-02  1.06469E+00 11.0  0.000E+00  5.0000  2.35E+02
     99 18 18  151   2 3s2 3p5 6g      -2.77783E-02  1.07691E+00 11.0  0.000E+00  5.9999  4.03E+02
    100 18 18  151   3 3s2 3p5 7g      -2.04082E-02  1.08428E+00 11.0  0.000E+00  7.0000  1.39E+03
    101 18 18  151   4 3s2 3p5 8g      -1.56250E-02  1.08906E+00 11.0  0.000E+00  8.0000  2.07E+03
    102 18 18  151   5 3s2 3p5 9g      -1.23457E-02  1.09234E+00 11.0  0.000E+00  9.0000  2.94E+03
    103 18 18  300   1 3s2 3p5 4p      -2.02614E-01  9.02076E-01  3.0  1.778E+00  2.2216  5.01E+01
    104 18 18  300   2 3s2 3p5 5p      -9.38063E-02  1.01088E+00  3.0  1.735E+00  3.2650  2.98E+02
    105 18 18  300   3 3s2 3p5 6p      -5.46417E-02  1.05005E+00  3.0  1.722E+00  4.2780  6.18E+02
    106 18 18  300   4 3s2 3p5 7p      -3.58184E-02  1.06887E+00  3.0  1.716E+00  5.2838  1.01E+03
    107 18 18  300   5 3s2 3p5 8p      -2.52999E-02  1.07939E+00  3.0  1.713E+00  6.2870  1.54E+03
    108 18 18  300   6 3s2 3p5 9p      -1.88226E-02  1.08587E+00  3.0  1.711E+00  7.2889  2.23E+03
    109 18 18  300   7 3s2 3p510p      -1.45505E-02  1.09014E+00  3.0  1.710E+00  8.2901  3.11E+03
    110 18 18  300   8 3s2 3p511p      -1.15845E-02  1.09311E+00  3.0  1.709E+00  9.2910  4.21E+03
    111 18 18  310   1 3s2 3p5 4p      -1.79962E-01  9.24728E-01  9.0  1.643E+00  2.3573  3.17E+01
    112 18 18  310   2 3s2 3p5 5p      -8.76008E-02  1.01709E+00  9.0  1.621E+00  3.3787  1.17E+02
    113 18 18  310   3 3s2 3p5 6p      -5.19676E-02  1.05272E+00  9.0  1.613E+00  4.3867  2.68E+02
    114 18 18  310   4 3s2 3p5 7p      -3.44140E-02  1.07028E+00  9.0  1.609E+00  5.3905  4.97E+02
    115 18 18  310   5 3s2 3p5 8p      -2.44696E-02  1.08022E+00  9.0  1.607E+00  6.3927  8.21E+02
    116 18 18  310   6 3s2 3p5 9p      -1.82908E-02  1.08640E+00  9.0  1.606E+00  7.3941  1.26E+03
    117 18 18  310   7 3s2 3p510p      -1.41893E-02  1.09050E+00  9.0  1.605E+00  8.3950  1.83E+03
    118 18 18  310   8 3s2 3p511p      -1.13279E-02  1.09336E+00  9.0  1.604E+00  9.3956  2.55E+03
    119 18 18  311   1 3s2 3p5 4s      -2.85670E-01  8.19020E-01  9.0  2.129E+00  1.8710  1.00E+30
    120 18 18  311   2 3s2 3p5 3d      -1.28545E-01  9.76145E-01  9.0  2.108E-01  2.7892  7.78E+01
    121 18 18  311   3 3s2 3p5 5s      -1.17987E-01  9.86703E-01  9.0  2.089E+00  2.9113  4.32E+01
    122 18 18  311   4 3s2 3p5 4d      -7.22733E-02  1.03242E+00  9.0  2.803E-01  3.7197  2.97E+02
    123 18 18  311   5 3s2 3p5 6s      -6.53759E-02  1.03931E+00  9.0  2.089E+00  3.9110  8.70E+01
    124 18 18  311   6 3s2 3p5 5d      -4.54903E-02  1.05920E+00  9.0  3.114E-01  4.6886  3.07E+02
    125 18 18  311   7 3s2 3p5 7s      -4.14404E-02  1.06325E+00  9.0  2.088E+00  4.9123  1.57E+02
    126 18 18  311   8 3s2 3p5 6d      -3.10747E-02  1.07362E+00  9.0  3.272E-01  5.6728  3.82E+02
    127 18 18  311   9 3s2 3p5 8s      -2.85991E-02  1.07609E+00  9.0  2.087E+00  5.9132  2.62E+02
    128 18 18  311  10 3s2 3p5 7d      -2.25194E-02  1.08217E+00  9.0  3.362E-01  6.6638  5.12E+02
    129 18 18  311  11 3s2 3p5 9s      -2.09203E-02  1.08377E+00  9.0  2.086E+00  6.9138  4.08E+02
    130 18 18  311  12 3s2 3p5 8d      -1.70509E-02  1.08764E+00  9.0  3.418E-01  7.6582  6.93E+02
    131 18 18  311  13 3s2 3p510s      -1.59657E-02  1.08872E+00  9.0  2.086E+00  7.9142  6.02E+02
    132 18 18  311  14 3s2 3p5 9d      -1.33512E-02  1.09134E+00  9.0  3.455E-01  8.6545  9.27E+02
    133 18 18  311  15 3s2 3p511s      -1.25838E-02  1.09211E+00  9.0  2.086E+00  8.9144  8.52E+02
    134 18 18  311  16 3s2 3p510d      -1.07344E-02  1.09396E+00  9.0  3.481E-01  9.6519  1.22E+03
    135 18 18  311  17 3s2 3p512s      -1.01729E-02  1.09452E+00  9.0  2.085E+00  9.9147  1.16E+03
    136 18 18  320   1 3s2 3p5 4p      -1.88128E-01  9.16562E-01 15.0  1.694E+00  2.3055  3.58E+01
    137 18 18  320   2 3s2 3p5 5p      -9.00018E-02  1.01469E+00 15.0  1.667E+00  3.3333  1.61E+02
    138 18 18  320   3 3s2 3p5 4f      -6.25731E-02  1.04212E+00 15.0  2.337E-03  3.9977  6.44E+01
    139 18 18  320   4 3s2 3p5 6p      -5.30139E-02  1.05168E+00 15.0  1.657E+00  4.3432  3.76E+02
    140 18 18  320   5 3s2 3p5 5f      -4.00566E-02  1.06463E+00 15.0  3.534E-03  4.9965  1.17E+02
    141 18 18  320   6 3s2 3p5 7p      -3.49660E-02  1.06972E+00 15.0  1.652E+00  5.3478  6.91E+02
    142 18 18  320   7 3s2 3p5 6f      -2.78167E-02  1.07687E+00 15.0  4.199E-03  5.9958  1.93E+02
    143 18 18  320   8 3s2 3p5 8p      -2.47968E-02  1.07989E+00 15.0  1.650E+00  6.3504  1.13E+03
    144 18 18  320   9 3s2 3p5 7f      -2.04350E-02  1.08425E+00 15.0  4.598E-03  6.9954  2.97E+02
    145 18 18  320  10 3s2 3p5 9p      -1.85007E-02  1.08619E+00 15.0  1.648E+00  7.3520  1.71E+03
    146 18 18  320  11 3s2 3p5 8f      -1.56440E-02  1.08905E+00 15.0  4.860E-03  7.9951  4.34E+02
    147 18 18  320  12 3s2 3p510p      -1.43321E-02  1.09036E+00 15.0  1.647E+00  8.3531  2.46E+03
    148 18 18  320  13 3s2 3p5 9f      -1.23595E-02  1.09233E+00 15.0  5.033E-03  8.9950  6.09E+02
    149 18 18  320  14 3s2 3p511p      -1.14295E-02  1.09326E+00 15.0  1.646E+00  9.3538  3.41E+03
    150 18 18  320  15 3s2 3p510f      -1.00104E-02  1.09468E+00 15.0  5.196E-03  9.9948  8.26E+02
    151 18 18  321   1 3s2 3p5 3d      -1.13931E-01  9.90759E-01 15.0  3.736E-02  2.9626  4.79E+01
    152 18 18  321   2 3s2 3p5 4d      -6.45741E-02  1.04012E+00 15.0  6.476E-02  3.9352  2.50E+02
    153 18 18  321   3 3s2 3p5 5d      -4.13029E-02  1.06339E+00 15.0  7.949E-02  4.9205  7.51E+02
    154 18 18  321   4 3s2 3p5 6d      -2.86099E-02  1.07608E+00 15.0  8.790E-02  5.9121  1.53E+03
    155 18 18  321   5 3s2 3p5 7d      -2.09619E-02  1.08373E+00 15.0  9.308E-02  6.9069  2.51E+03
    156 18 18  321   6 3s2 3p5 8d      -1.60088E-02  1.08868E+00 15.0  9.648E-02  7.9035  3.71E+03
    157 18 18  321   7 3s2 3p5 9d      -1.26213E-02  1.09207E+00 15.0  9.881E-02  8.9012  5.15E+03
    158 18 18  321   8 3s2 3p510d      -1.02040E-02  1.09449E+00 15.0  1.005E-01  9.8995  6.88E+03
    159 18 18  330   1 3s2 3p5 4f      -6.24350E-02  1.04225E+00 21.0 -2.082E-03  4.0021  7.01E+01
    160 18 18  330   2 3s2 3p5 5f      -3.99508E-02  1.06474E+00 21.0 -3.078E-03  5.0031  1.31E+02
    161 18 18  330   3 3s2 3p5 6f      -2.77444E-02  1.07695E+00 21.0 -3.608E-03  6.0036  2.19E+02
    162 18 18  330   4 3s2 3p5 7f      -2.03853E-02  1.08430E+00 21.0 -3.924E-03  7.0039  3.39E+02
    163 18 18  330   5 3s2 3p5 8f      -1.56089E-02  1.08908E+00 21.0 -4.125E-03  8.0041  4.96E+02
    164 18 18  330   6 3s2 3p5 9f      -1.23340E-02  1.09236E+00 21.0 -4.260E-03  9.0043  6.97E+02
    165 18 18  331   1 3s2 3p5 3d      -1.21154E-01  9.83536E-01 21.0  1.270E-01  2.8730  5.55E+01
    166 18 18  331   2 3s2 3p5 4d      -6.86996E-02  1.03599E+00 21.0  1.848E-01  3.8152  3.82E+02
    167 18 18  331   3 3s2 3p5 5d      -4.36196E-02  1.06107E+00 21.0  2.119E-01  4.7881  6.50E+02
    168 18 18  331   4 3s2 3p5 5g      -4.00006E-02  1.06469E+00 21.0  0.000E+00  5.0000  2.34E+02
    169 18 18  331   5 3s2 3p5 6d      -2.99986E-02  1.07469E+00 21.0  2.264E-01  5.7736  8.27E+02
    170 18 18  331   6 3s2 3p5 6g      -2.77785E-02  1.07691E+00 21.0  0.000E+00  5.9999  4.01E+02
    171 18 18  331   7 3s2 3p5 7d      -2.18497E-02  1.08284E+00 21.0  2.349E-01  6.7651  1.07E+03
    172 18 18  331   8 3s2 3p5 7g      -2.04088E-02  1.08428E+00 21.0  1.092E-04  6.9999  6.31E+02
    173 18 18  331   9 3s2 3p5 8d      -1.66074E-02  1.08808E+00 21.0  2.402E-01  7.7598  1.40E+03
    174 18 18  331  10 3s2 3p5 8g      -1.56255E-02  1.08906E+00 21.0  1.278E-04  7.9999  9.35E+02
    175 18 18  331  11 3s2 3p5 9d      -1.30429E-02  1.09165E+00 21.0  2.439E-01  8.7561  1.83E+03
    176 18 18  331  12 3s2 3p5 9g      -1.23461E-02  1.09234E+00 21.0  1.535E-04  8.9998  1.32E+03
    177 18 18  331  13 3s2 3p510d      -1.05117E-02  1.09418E+00 21.0  2.464E-01  9.7536  2.37E+03
    178 18 18  331  14 3s2 3p510g      -1.00003E-02  1.09469E+00 21.0  1.498E-04  9.9999  1.80E+03
    179 18 18  340   1 3s2 3p5 4f      -6.25365E-02  1.04215E+00 27.0  1.168E-03  3.9988  6.53E+01
    180 18 18  340   2 3s2 3p5 5f      -4.00288E-02  1.06466E+00 27.0  1.799E-03  4.9982  1.19E+02
    181 18 18  340   3 3s2 3p5 6f      -2.77978E-02  1.07689E+00 27.0  2.161E-03  5.9978  1.96E+02
    182 18 18  340   4 3s2 3p5 6h      -2.77778E-02  1.07691E+00 27.0  0.000E+00  6.0000  6.07E+02
    183 18 18  340   5 3s2 3p5 7f      -2.04220E-02  1.08427E+00 27.0  2.372E-03  6.9976  3.02E+02
    184 18 18  340   6 3s2 3p5 7h      -2.04081E-02  1.08428E+00 27.0  0.000E+00  7.0000  9.54E+02
    185 18 18  340   7 3s2 3p5 8f      -1.56349E-02  1.08906E+00 27.0  2.533E-03  7.9975  4.43E+02
    186 18 18  340   8 3s2 3p5 8h      -1.56250E-02  1.08906E+00 27.0  0.000E+00  8.0000  1.41E+03
    187 18 18  340   9 3s2 3p5 9f      -1.23529E-02  1.09234E+00 27.0  2.631E-03  8.9974  6.23E+02
    188 18 18  340  10 3s2 3p5 9h      -1.23456E-02  1.09234E+00 27.0  0.000E+00  9.0000  1.99E+03
    189 18 18  340  11 3s2 3p510f      -1.00054E-02  1.09468E+00 27.0  2.699E-03  9.9973  8.47E+02
    190 18 18  341   1 3s2 3p5 5g      -3.99988E-02  1.06469E+00 27.0  0.000E+00  5.0001  2.35E+02
    191 18 18  341   2 3s2 3p5 6g      -2.77765E-02  1.07691E+00 27.0 -1.380E-04  6.0001  4.05E+02
    192 18 18  341   3 3s2 3p5 7g      -2.04071E-02  1.08428E+00 27.0 -1.825E-04  7.0002  6.39E+02
    193 18 18  341   4 3s2 3p5 8g      -1.56242E-02  1.08907E+00 27.0 -2.048E-04  8.0002  9.47E+02
    194 18 18  341   5 3s2 3p5 9g      -1.23450E-02  1.09234E+00 27.0 -2.474E-04  9.0002  1.34E+03
    195 18 18  350   1 3s2 3p5 6h      -2.77778E-02  1.07691E+00 33.0  0.000E+00  6.0000  6.34E+02
    196 18 18  350   2 3s2 3p5 7h      -2.04081E-02  1.08428E+00 33.0  0.000E+00  7.0000  1.00E+03
    197 18 18  350   3 3s2 3p5 8h      -1.56250E-02  1.08906E+00 33.0  0.000E+00  8.0000  1.49E+03
    198 18 18  350   4 3s2 3p5 9h      -1.23457E-02  1.09234E+00 33.0  0.000E+00  9.0000  2.11E+03
    199 18 18  351   1 3s2 3p5 5g      -4.00005E-02  1.06469E+00 33.0  0.000E+00  5.0000  2.34E+02
    200 18 18  351   2 3s2 3p5 6g      -2.77783E-02  1.07691E+00 33.0  0.000E+00  5.9999  4.02E+02
    201 18 18  351   3 3s2 3p5 7g      -2.04082E-02  1.08428E+00 33.0  0.000E+00  7.0000  1.39E+03
    202 18 18  351   4 3s2 3p5 8g      -1.56250E-02  1.08906E+00 33.0  0.000E+00  8.0000  2.07E+03
    203 18 18  351   5 3s2 3p5 9g      -1.23457E-02  1.09234E+00 33.0  0.000E+00  9.0000  2.94E+03
 =================================================================================================

