# Variables: 1:pos.x 2:pos.y 3:pos.z 4:volume 5:rho 6:vel.x 7:vel.y 8:vel.z 9:p 10:a 11:mu 12:k[0] 13:mu_t 14:k_t 15:S 16:tke 17:omega 18:massf[0]-air 19:e[0] 20:T[0]
 1.590861e+00 4.897041e-06 0.000000e+00 5.966939e-08 9.310102e-02 1.884953e+01 -3.398043e-03 0.000000e+00 7.185996e+03 3.287232e+02 1.695480e-05 2.376597e-02 1.608774e-10 1.816147e-07 0.000000e+00 6.364985e-01 3.683468e+08 1.000000e+00 1.929623e+05 2.688775e+02
 1.590861e+00 1.493304e-05 0.000000e+00 6.261704e-08 9.336270e-02 5.750701e+01 -8.480099e-03 0.000000e+00 7.185064e+03 3.282409e+02 1.691539e-05 2.370189e-02 1.585072e-08 1.789390e-05 0.000000e+00 1.332498e+01 7.848580e+07 1.000000e+00 1.923965e+05 2.680891e+02
 1.590861e+00 2.546479e-05 0.000000e+00 6.571009e-08 9.411095e-02 9.795420e+01 -1.416070e-02 0.000000e+00 7.180932e+03 3.268393e+02 1.680088e-05 2.351583e-02 2.560730e-07 2.890813e-04 0.000000e+00 8.128657e+01 2.987412e+07 1.000000e+00 1.907571e+05 2.658046e+02
 1.590861e+00 3.651675e-05 0.000000e+00 6.895569e-08 9.525897e-02 1.388625e+02 -1.552210e-02 0.000000e+00 7.169289e+03 3.246005e+02 1.661803e-05 2.321914e-02 1.592653e-06 1.797949e-03 0.000000e+00 2.681365e+02 1.603765e+07 1.000000e+00 1.881526e+05 2.621755e+02
 1.590861e+00 4.811458e-05 0.000000e+00 7.236134e-08 9.671075e-02 1.768312e+02 -1.101985e-02 0.000000e+00 7.149080e+03 3.217005e+02 1.638132e-05 2.283583e-02 5.284171e-06 5.965310e-03 0.000000e+00 5.742899e+02 1.051064e+07 1.000000e+00 1.848057e+05 2.575119e+02
 1.590861e+00 6.028519e-05 0.000000e+00 7.593491e-08 9.832087e-02 2.089846e+02 -5.395863e-03 0.000000e+00 7.127218e+03 3.185673e+02 1.612576e-05 2.242297e-02 1.162399e-05 1.312234e-02 0.000000e+00 8.968738e+02 7.586158e+06 1.000000e+00 1.812234e+05 2.525202e+02
 1.590861e+00 7.305682e-05 0.000000e+00 7.968465e-08 9.996495e-02 2.351492e+02 -3.826751e-03 0.000000e+00 7.108927e+03 3.155311e+02 1.587831e-05 2.202422e-02 2.009317e-05 2.268321e-02 0.000000e+00 1.156708e+03 5.754707e+06 1.000000e+00 1.777855e+05 2.477297e+02
 1.590861e+00 8.645909e-05 0.000000e+00 8.361920e-08 1.015747e-01 2.565230e+02 -2.323427e-03 0.000000e+00 7.095048e+03 3.127152e+02 1.564901e-05 2.165561e-02 3.022924e-05 3.412584e-02 0.000000e+00 1.343651e+03 4.514866e+06 1.000000e+00 1.746264e+05 2.433278e+02
 1.590861e+00 1.005231e-04 0.000000e+00 8.774764e-08 1.031237e-01 2.743300e+02 -5.479681e-04 0.000000e+00 7.084732e+03 3.101320e+02 1.543884e-05 2.131853e-02 4.177655e-05 4.716162e-02 0.000000e+00 1.473487e+03 3.637241e+06 1.000000e+00 1.717533e+05 2.393244e+02
 1.590861e+00 1.152814e-04 0.000000e+00 9.207950e-08 1.046064e-01 2.894897e+02 1.002860e-03 0.000000e+00 7.077030e+03 3.077588e+02 1.524591e-05 2.100977e-02 5.460064e-05 6.163876e-02 0.000000e+00 1.563035e+03 2.994533e+06 1.000000e+00 1.691348e+05 2.356757e+02
 1.590861e+00 1.307683e-04 0.000000e+00 9.662475e-08 1.060255e-01 3.026521e+02 2.401128e-03 0.000000e+00 7.071184e+03 3.055660e+02 1.506779e-05 2.072529e-02 6.863076e-05 7.747739e-02 0.000000e+00 1.624807e+03 2.510113e+06 1.000000e+00 1.667331e+05 2.323292e+02
 1.590861e+00 1.470196e-04 0.000000e+00 1.013938e-07 1.073870e-01 3.142743e+02 3.652895e-03 0.000000e+00 7.066665e+03 3.035257e+02 1.490219e-05 2.046131e-02 8.383206e-05 9.463816e-02 0.000000e+00 1.667322e+03 2.135803e+06 1.000000e+00 1.645140e+05 2.292370e+02
 1.590861e+00 1.640730e-04 0.000000e+00 1.063978e-07 1.086978e-01 3.246844e+02 4.840190e-03 0.000000e+00 7.063110e+03 3.016141e+02 1.474716e-05 2.021463e-02 1.001922e-04 1.131071e-01 0.000000e+00 1.696279e+03 1.840281e+06 1.000000e+00 1.624484e+05 2.263587e+02
 1.590861e+00 1.819679e-04 0.000000e+00 1.116480e-07 1.099646e-01 3.341220e+02 5.961575e-03 0.000000e+00 7.060267e+03 2.998114e+02 1.460107e-05 1.998257e-02 1.177138e-04 1.328873e-01 0.000000e+00 1.715507e+03 1.602573e+06 1.000000e+00 1.605123e+05 2.236610e+02
 1.590861e+00 2.007458e-04 0.000000e+00 1.171567e-07 1.111936e-01 3.427659e+02 7.131385e-03 0.000000e+00 7.057965e+03 2.981013e+02 1.446259e-05 1.976297e-02 1.364103e-04 1.539938e-01 0.000000e+00 1.727619e+03 1.408252e+06 1.000000e+00 1.586864e+05 2.211167e+02
 1.590861e+00 2.204501e-04 0.000000e+00 1.229364e-07 1.123901e-01 3.507527e+02 8.076873e-03 0.000000e+00 7.056066e+03 2.964704e+02 1.433063e-05 1.955403e-02 1.563026e-04 1.764503e-01 0.000000e+00 1.734426e+03 1.247147e+06 1.000000e+00 1.569548e+05 2.187039e+02
 1.590861e+00 2.411265e-04 0.000000e+00 1.290004e-07 1.135597e-01 3.581879e+02 9.708418e-03 0.000000e+00 7.054537e+03 2.949077e+02 1.420428e-05 1.935428e-02 1.774195e-04 2.002892e-01 0.000000e+00 1.737216e+03 1.111928e+06 1.000000e+00 1.553045e+05 2.164044e+02
 1.590861e+00 2.628226e-04 0.000000e+00 1.353626e-07 1.147056e-01 3.651551e+02 1.043767e-02 0.000000e+00 7.053233e+03 2.934039e+02 1.408278e-05 1.916250e-02 1.997910e-04 2.255444e-01 0.000000e+00 1.736905e+03 9.972057e+05 1.000000e+00 1.537247e+05 2.142030e+02
 1.590861e+00 2.855888e-04 0.000000e+00 1.420376e-07 1.158314e-01 3.717212e+02 1.220066e-02 0.000000e+00 7.052112e+03 2.919514e+02 1.396551e-05 1.897766e-02 2.234575e-04 2.522615e-01 0.000000e+00 1.734168e+03 8.989229e+05 1.000000e+00 1.522064e+05 2.120874e+02
 1.590861e+00 3.094774e-04 0.000000e+00 1.490407e-07 1.169417e-01 3.779401e+02 1.333010e-02 0.000000e+00 7.051216e+03 2.905436e+02 1.385194e-05 1.879891e-02 2.484691e-04 2.804972e-01 0.000000e+00 1.729502e+03 8.139884e+05 1.000000e+00 1.507421e+05 2.100469e+02
 1.590861e+00 3.345438e-04 0.000000e+00 1.563878e-07 1.180382e-01 3.838563e+02 1.483334e-02 0.000000e+00 7.050441e+03 2.891750e+02 1.374162e-05 1.862552e-02 2.748750e-04 3.103069e-01 0.000000e+00 1.723274e+03 7.400173e+05 1.000000e+00 1.493254e+05 2.080729e+02
 1.590861e+00 3.608458e-04 0.000000e+00 1.640958e-07 1.191239e-01 3.895064e+02 1.635150e-02 0.000000e+00 7.049795e+03 2.878411e+02 1.363416e-05 1.845686e-02 3.027324e-04 3.417552e-01 0.000000e+00 1.715767e+03 6.751472e+05 1.000000e+00 1.479509e+05 2.061576e+02
 1.590861e+00 3.884440e-04 0.000000e+00 1.721822e-07 1.202009e-01 3.949210e+02 1.799435e-02 0.000000e+00 7.049253e+03 2.865376e+02 1.352925e-05 1.829242e-02 3.321008e-04 3.749092e-01 0.000000e+00 1.707192e+03 6.179029e+05 1.000000e+00 1.466140e+05 2.042947e+02
 1.590861e+00 4.174020e-04 0.000000e+00 1.806655e-07 1.212713e-01 4.001262e+02 1.973526e-02 0.000000e+00 7.048806e+03 2.852612e+02 1.342658e-05 1.813173e-02 3.630444e-04 4.098415e-01 0.000000e+00 1.697710e+03 5.671028e+05 1.000000e+00 1.453107e+05 2.024787e+02
 1.590861e+00 4.477867e-04 0.000000e+00 1.895650e-07 1.223369e-01 4.051439e+02 2.159237e-02 0.000000e+00 7.048441e+03 2.840089e+02 1.332593e-05 1.797439e-02 3.956311e-04 4.466287e-01 0.000000e+00 1.687442e+03 5.217900e+05 1.000000e+00 1.440376e+05 2.007047e+02
 1.590861e+00 4.796679e-04 0.000000e+00 1.989009e-07 1.233993e-01 4.099929e+02 2.357132e-02 0.000000e+00 7.048152e+03 2.827778e+02 1.322707e-05 1.782005e-02 4.299335e-04 4.853527e-01 0.000000e+00 1.676480e+03 4.811824e+05 1.000000e+00 1.427916e+05 1.989686e+02
 1.590861e+00 5.131191e-04 0.000000e+00 2.086944e-07 1.244601e-01 4.146896e+02 2.568182e-02 0.000000e+00 7.047932e+03 2.815658e+02 1.312981e-05 1.766841e-02 4.660290e-04 5.261010e-01 0.000000e+00 1.664892e+03 4.446344e+05 1.000000e+00 1.415702e+05 1.972666e+02
 1.590861e+00 5.482171e-04 0.000000e+00 2.189678e-07 1.255206e-01 4.192481e+02 2.793288e-02 0.000000e+00 7.047778e+03 2.803707e+02 1.303399e-05 1.751921e-02 5.040002e-04 5.689667e-01 0.000000e+00 1.652724e+03 4.116088e+05 1.000000e+00 1.403709e+05 1.955956e+02
 1.590861e+00 5.850427e-04 0.000000e+00 2.297443e-07 1.265822e-01 4.236804e+02 3.033425e-02 0.000000e+00 7.047686e+03 2.791908e+02 1.293945e-05 1.737221e-02 5.439357e-04 6.140500e-01 0.000000e+00 1.640009e+03 3.816553e+05 1.000000e+00 1.391919e+05 1.939527e+02
 1.590861e+00 6.236805e-04 0.000000e+00 2.410483e-07 1.276459e-01 4.279975e+02 3.289611e-02 0.000000e+00 7.047655e+03 2.780243e+02 1.284608e-05 1.722719e-02 5.859311e-04 6.614587e-01 0.000000e+00 1.626765e+03 3.543931e+05 1.000000e+00 1.380313e+05 1.923355e+02
 1.590861e+00 6.642190e-04 0.000000e+00 2.529052e-07 1.287131e-01 4.322086e+02 3.562926e-02 0.000000e+00 7.047685e+03 2.768700e+02 1.275375e-05 1.708399e-02 6.300900e-04 7.113097e-01 0.000000e+00 1.612996e+03 3.294984e+05 1.000000e+00 1.368875e+05 1.907418e+02
 1.590861e+00 7.067514e-04 0.000000e+00 2.653420e-07 1.297845e-01 4.363220e+02 3.854512e-02 0.000000e+00 7.047776e+03 2.757266e+02 1.266236e-05 1.694243e-02 6.765254e-04 7.637307e-01 0.000000e+00 1.598698e+03 3.066939e+05 1.000000e+00 1.357592e+05 1.891695e+02
 1.590861e+00 7.513749e-04 0.000000e+00 2.783865e-07 1.308612e-01 4.403448e+02 4.165574e-02 0.000000e+00 7.047930e+03 2.745929e+02 1.257183e-05 1.680238e-02 7.253618e-04 8.188623e-01 0.000000e+00 1.583855e+03 2.857405e+05 1.000000e+00 1.346451e+05 1.876171e+02
 1.590861e+00 7.981919e-04 0.000000e+00 2.920680e-07 1.319441e-01 4.442834e+02 4.497429e-02 0.000000e+00 7.048150e+03 2.734681e+02 1.248208e-05 1.666372e-02 7.767375e-04 8.768603e-01 0.000000e+00 1.568443e+03 2.664309e+05 1.000000e+00 1.335442e+05 1.860831e+02
 1.590861e+00 8.473093e-04 0.000000e+00 3.064173e-07 1.330339e-01 4.481433e+02 4.851297e-02 0.000000e+00 7.048438e+03 2.723512e+02 1.239305e-05 1.652634e-02 8.308074e-04 9.379000e-01 0.000000e+00 1.552427e+03 2.485840e+05 1.000000e+00 1.324556e+05 1.845663e+02
 1.590861e+00 8.988394e-04 0.000000e+00 3.214664e-07 1.341314e-01 4.519291e+02 5.229270e-02 0.000000e+00 7.048801e+03 2.712416e+02 1.230468e-05 1.639015e-02 8.877475e-04 1.002180e+00 0.000000e+00 1.535763e+03 2.320413e+05 1.000000e+00 1.313786e+05 1.830655e+02
 1.590861e+00 9.528999e-04 0.000000e+00 3.372490e-07 1.352373e-01 4.556451e+02 5.628678e-02 0.000000e+00 7.049241e+03 2.701388e+02 1.221692e-05 1.625509e-02 9.477590e-04 1.069927e+00 0.000000e+00 1.518397e+03 2.166625e+05 1.000000e+00 1.303125e+05 1.815799e+02
 1.590861e+00 1.009614e-03 0.000000e+00 3.538003e-07 1.363522e-01 4.592945e+02 6.065014e-02 0.000000e+00 7.049780e+03 2.690424e+02 1.212975e-05 1.612111e-02 1.011078e-03 1.141407e+00 0.000000e+00 1.500267e+03 2.023234e+05 1.000000e+00 1.292568e+05 1.801090e+02
 1.590861e+00 1.069111e-03 0.000000e+00 3.711571e-07 1.374568e-01 4.628099e+02 6.527461e-02 0.000000e+00 7.050384e+03 2.679707e+02 1.204463e-05 1.599043e-02 1.075081e-03 1.213661e+00 0.000000e+00 1.481548e+03 1.894265e+05 1.000000e+00 1.282291e+05 1.786769e+02
 1.590861e+00 1.131526e-03 0.000000e+00 3.893578e-07 1.385530e-01 4.662077e+02 7.015680e-02 0.000000e+00 7.050965e+03 2.669195e+02 1.196121e-05 1.586254e-02 1.139686e-03 1.286594e+00 0.000000e+00 1.463745e+03 1.779492e+05 1.000000e+00 1.272250e+05 1.772779e+02
 1.590861e+00 1.197001e-03 0.000000e+00 4.084428e-07 1.396612e-01 4.695650e+02 7.541555e-02 0.000000e+00 7.051502e+03 2.658685e+02 1.187788e-05 1.573495e-02 1.207559e-03 1.363216e+00 0.000000e+00 1.446454e+03 1.672908e+05 1.000000e+00 1.262251e+05 1.758845e+02
 1.590861e+00 1.265685e-03 0.000000e+00 4.284541e-07 1.407822e-01 4.728832e+02 8.098409e-02 0.000000e+00 7.052016e+03 2.648176e+02 1.179463e-05 1.560765e-02 1.278804e-03 1.443644e+00 0.000000e+00 1.429581e+03 1.573811e+05 1.000000e+00 1.252292e+05 1.744968e+02
 1.590861e+00 1.337733e-03 0.000000e+00 4.494360e-07 1.419163e-01 4.761635e+02 8.692641e-02 0.000000e+00 7.052511e+03 2.637665e+02 1.171146e-05 1.548062e-02 1.353527e-03 1.527999e+00 0.000000e+00 1.413053e+03 1.481576e+05 1.000000e+00 1.242371e+05 1.731144e+02
 1.590861e+00 1.413309e-03 0.000000e+00 4.714343e-07 1.430642e-01 4.794074e+02 9.325965e-02 0.000000e+00 7.052992e+03 2.627152e+02 1.162835e-05 1.535385e-02 1.431838e-03 1.616404e+00 0.000000e+00 1.396810e+03 1.395644e+05 1.000000e+00 1.232487e+05 1.717372e+02
 1.590861e+00 1.492582e-03 0.000000e+00 4.944972e-07 1.442262e-01 4.826161e+02 1.000122e-01 0.000000e+00 7.053462e+03 2.616634e+02 1.154528e-05 1.522732e-02 1.513849e-03 1.708987e+00 0.000000e+00 1.380813e+03 1.315517e+05 1.000000e+00 1.222639e+05 1.703648e+02
 1.590861e+00 1.575733e-03 0.000000e+00 5.186751e-07 1.454029e-01 4.857908e+02 1.072120e-01 0.000000e+00 7.053924e+03 2.606110e+02 1.146225e-05 1.510100e-02 1.599674e-03 1.805875e+00 0.000000e+00 1.365032e+03 1.240751e+05 1.000000e+00 1.212823e+05 1.689972e+02
 1.590861e+00 1.662948e-03 0.000000e+00 5.440204e-07 1.465948e-01 4.889325e+02 1.148891e-01 0.000000e+00 7.054377e+03 2.595578e+02 1.137925e-05 1.497489e-02 1.689429e-03 1.907199e+00 0.000000e+00 1.349453e+03 1.170945e+05 1.000000e+00 1.203040e+05 1.676340e+02
 1.590861e+00 1.754423e-03 0.000000e+00 5.705882e-07 1.478023e-01 4.920423e+02 1.230761e-01 0.000000e+00 7.054824e+03 2.585036e+02 1.129625e-05 1.484897e-02 1.783226e-03 2.013087e+00 0.000000e+00 1.334072e+03 1.105742e+05 1.000000e+00 1.193287e+05 1.662750e+02
 1.590861e+00 1.850364e-03 0.000000e+00 5.984356e-07 1.490258e-01 4.951212e+02 1.318076e-01 0.000000e+00 7.055261e+03 2.574481e+02 1.121325e-05 1.472320e-02 1.881177e-03 2.123664e+00 0.000000e+00 1.318899e+03 1.044825e+05 1.000000e+00 1.183563e+05 1.649200e+02
 1.590861e+00 1.950986e-03 0.000000e+00 6.276227e-07 1.502659e-01 4.981700e+02 1.411204e-01 0.000000e+00 7.055687e+03 2.563914e+02 1.113023e-05 1.459759e-02 1.983389e-03 2.239051e+00 0.000000e+00 1.303956e+03 9.879060e+04 1.000000e+00 1.173867e+05 1.635689e+02
 1.590861e+00 2.056514e-03 0.000000e+00 6.582118e-07 1.515229e-01 5.011896e+02 1.510541e-01 0.000000e+00 7.056097e+03 2.553331e+02 1.104720e-05 1.447212e-02 2.089961e-03 2.359361e+00 0.000000e+00 1.289281e+03 9.347330e+04 1.000000e+00 1.164197e+05 1.622214e+02
 1.590861e+00 2.167184e-03 0.000000e+00 6.902681e-07 1.527972e-01 5.041806e+02 1.616470e-01 0.000000e+00 7.056486e+03 2.542732e+02 1.096412e-05 1.434677e-02 2.200984e-03 2.484694e+00 0.000000e+00 1.274925e+03 8.850810e+04 1.000000e+00 1.154551e+05 1.608774e+02
 1.590861e+00 2.283240e-03 0.000000e+00 7.238597e-07 1.540891e-01 5.071437e+02 1.729434e-01 0.000000e+00 7.056847e+03 2.532114e+02 1.088101e-05 1.422153e-02 2.316530e-03 2.615135e+00 0.000000e+00 1.260956e+03 8.387527e+04 1.000000e+00 1.144929e+05 1.595367e+02
 1.590861e+00 2.404943e-03 0.000000e+00 7.590574e-07 1.553991e-01 5.100794e+02 1.850026e-01 0.000000e+00 7.057169e+03 2.521477e+02 1.079784e-05 1.409638e-02 2.436642e-03 2.750729e+00 0.000000e+00 1.247456e+03 7.955765e+04 1.000000e+00 1.135330e+05 1.581991e+02
 1.590861e+00 2.532560e-03 0.000000e+00 7.959353e-07 1.567273e-01 5.129883e+02 1.978813e-01 0.000000e+00 7.057443e+03 2.510819e+02 1.071461e-05 1.397132e-02 2.561321e-03 2.891480e+00 0.000000e+00 1.234523e+03 7.554047e+04 1.000000e+00 1.125752e+05 1.568645e+02
 1.590861e+00 2.666375e-03 0.000000e+00 8.345703e-07 1.580740e-01 5.158709e+02 2.116290e-01 0.000000e+00 7.057652e+03 2.500138e+02 1.063130e-05 1.384633e-02 2.690559e-03 3.037376e+00 0.000000e+00 1.222293e+03 7.181141e+04 1.000000e+00 1.116194e+05 1.555327e+02
 1.590861e+00 2.806682e-03 0.000000e+00 8.750428e-07 1.594395e-01 5.187277e+02 2.263224e-01 0.000000e+00 7.057778e+03 2.489431e+02 1.054791e-05 1.372138e-02 2.824294e-03 3.188351e+00 0.000000e+00 1.210933e+03 6.836061e+04 1.000000e+00 1.106655e+05 1.542034e+02
 1.590861e+00 2.953790e-03 0.000000e+00 9.174362e-07 1.608237e-01 5.215590e+02 2.419694e-01 0.000000e+00 7.057793e+03 2.478697e+02 1.046441e-05 1.359647e-02 2.962399e-03 3.344258e+00 0.000000e+00 1.200639e+03 6.518069e+04 1.000000e+00 1.097132e+05 1.528765e+02
 1.590861e+00 3.108022e-03 0.000000e+00 9.618376e-07 1.622268e-01 5.243649e+02 2.586805e-01 0.000000e+00 7.057672e+03 2.467934e+02 1.038080e-05 1.347157e-02 3.104661e-03 3.504857e+00 0.000000e+00 1.191653e+03 6.226703e+04 1.000000e+00 1.087624e+05 1.515517e+02
 1.590861e+00 3.269713e-03 0.000000e+00 1.008338e-06 1.636488e-01 5.272195e+02 2.765821e-01 0.000000e+00 7.057418e+03 2.457144e+02 1.029710e-05 1.334671e-02 3.089129e-03 3.673135e+00 0.000000e+00 1.183729e+03 5.953662e+04 1.000000e+00 1.078135e+05 1.502294e+02
 1.590861e+00 3.439217e-03 0.000000e+00 1.057030e-06 1.650891e-01 5.302011e+02 2.958607e-01 0.000000e+00 7.057056e+03 2.446339e+02 1.021340e-05 1.322206e-02 3.064020e-03 3.852814e+00 0.000000e+00 1.176735e+03 5.692133e+04 1.000000e+00 1.068674e+05 1.489111e+02
 1.590861e+00 3.616901e-03 0.000000e+00 1.108013e-06 1.665687e-01 5.333166e+02 3.165693e-01 0.000000e+00 7.056603e+03 2.435371e+02 1.012856e-05 1.309590e-02 3.038569e-03 3.928770e+00 0.000000e+00 1.170406e+03 5.441598e+04 1.000000e+00 1.059113e+05 1.475789e+02
 1.590861e+00 3.803150e-03 0.000000e+00 1.161389e-06 1.681330e-01 5.365705e+02 3.386385e-01 0.000000e+00 7.056058e+03 2.423922e+02 1.004013e-05 1.296461e-02 3.012040e-03 3.889382e+00 0.000000e+00 1.164430e+03 5.201747e+04 1.000000e+00 1.049178e+05 1.461945e+02
 1.590861e+00 3.998365e-03 0.000000e+00 1.217262e-06 1.698124e-01 5.399670e+02 3.621795e-01 0.000000e+00 7.055438e+03 2.411800e+02 9.946664e-06 1.282606e-02 2.983999e-03 3.847819e+00 0.000000e+00 1.158463e+03 4.972240e+04 1.000000e+00 1.038711e+05 1.447360e+02
 1.590861e+00 4.202964e-03 0.000000e+00 1.275742e-06 1.716185e-01 5.435107e+02 3.874131e-01 0.000000e+00 7.054774e+03 2.398963e+02 9.847853e-06 1.267987e-02 2.954356e-03 3.803960e+00 0.000000e+00 1.152130e+03 4.752728e+04 1.000000e+00 1.027683e+05 1.431993e+02
 1.590861e+00 4.417386e-03 0.000000e+00 1.336943e-06 1.735642e-01 5.472056e+02 4.144693e-01 0.000000e+00 7.054109e+03 2.385366e+02 9.743396e-06 1.252561e-02 2.923019e-03 3.757684e+00 0.000000e+00 1.145024e+03 4.542859e+04 1.000000e+00 1.016066e+05 1.415807e+02
 1.590861e+00 4.642087e-03 0.000000e+00 1.400983e-06 1.756637e-01 5.510555e+02 4.435088e-01 0.000000e+00 7.053488e+03 2.370964e+02 9.632980e-06 1.236289e-02 2.889894e-03 3.708868e+00 0.000000e+00 1.136709e+03 4.342281e+04 1.000000e+00 1.003834e+05 1.398762e+02
 1.590861e+00 4.877542e-03 0.000000e+00 1.467984e-06 1.779332e-01 5.550638e+02 4.746910e-01 0.000000e+00 7.052961e+03 2.355707e+02 9.516279e-06 1.219129e-02 2.854884e-03 3.657386e+00 0.000000e+00 1.126720e+03 4.150630e+04 1.000000e+00 9.909563e+04 1.380818e+02
 1.590861e+00 5.124247e-03 0.000000e+00 1.538072e-06 1.803905e-01 5.592334e+02 5.081911e-01 0.000000e+00 7.052585e+03 2.339545e+02 9.392956e-06 1.201037e-02 2.817887e-03 3.603110e+00 0.000000e+00 1.114569e+03 3.967529e+04 1.000000e+00 9.774055e+04 1.361936e+02
 1.590861e+00 5.382721e-03 0.000000e+00 1.611377e-06 1.830556e-01 5.635663e+02 5.441962e-01 0.000000e+00 7.052422e+03 2.322425e+02 9.262672e-06 1.181972e-02 2.778802e-03 3.545915e+00 0.000000e+00 1.099746e+03 3.792577e+04 1.000000e+00 9.631530e+04 1.342076e+02
 1.590861e+00 5.653503e-03 0.000000e+00 1.688034e-06 1.859511e-01 5.680637e+02 5.829058e-01 0.000000e+00 7.052543e+03 2.304292e+02 9.125084e-06 1.161891e-02 2.737525e-03 3.485674e+00 0.000000e+00 1.081729e+03 3.625339e+04 1.000000e+00 9.481714e+04 1.321201e+02
 1.590861e+00 5.937153e-03 0.000000e+00 1.768184e-06 1.891022e-01 5.727257e+02 6.245366e-01 0.000000e+00 7.053021e+03 2.285090e+02 8.979852e-06 1.140757e-02 2.693956e-03 3.422270e+00 0.000000e+00 1.059992e+03 3.465329e+04 1.000000e+00 9.324350e+04 1.299273e+02
 1.590861e+00 6.234257e-03 0.000000e+00 1.851968e-06 1.925369e-01 5.775507e+02 6.693008e-01 0.000000e+00 7.053939e+03 2.264764e+02 8.826651e-06 1.118531e-02 2.647995e-03 3.355593e+00 0.000000e+00 1.034014e+03 3.311983e+04 1.000000e+00 9.159204e+04 1.276261e+02
 1.590861e+00 6.545424e-03 0.000000e+00 1.939536e-06 1.962866e-01 5.825357e+02 7.174743e-01 0.000000e+00 7.055389e+03 2.243258e+02 8.665181e-06 1.095183e-02 2.599554e-03 3.285549e+00 0.000000e+00 1.003291e+03 3.164632e+04 1.000000e+00 8.986082e+04 1.252138e+02
 1.590861e+00 6.871288e-03 0.000000e+00 2.031040e-06 2.003856e-01 5.876750e+02 7.691472e-01 0.000000e+00 7.057456e+03 2.220521e+02 8.495180e-06 1.070688e-02 2.548554e-03 3.212065e+00 0.000000e+00 9.673515e+02 3.022439e+04 1.000000e+00 8.804843e+04 1.226884e+02
 1.590861e+00 7.212507e-03 0.000000e+00 2.126637e-06 2.048731e-01 5.929605e+02 8.247526e-01 0.000000e+00 7.060271e+03 2.196505e+02 8.316450e-06 1.045033e-02 2.494935e-03 3.135099e+00 0.000000e+00 9.257684e+02 2.884326e+04 1.000000e+00 8.615419e+04 1.200489e+02
 1.590861e+00 7.569766e-03 0.000000e+00 2.226487e-06 2.097851e-01 5.983374e+02 8.848053e-01 0.000000e+00 7.064060e+03 2.171220e+02 8.129226e-06 1.018268e-02 2.438768e-03 3.054803e+00 0.000000e+00 8.769172e+02 2.752451e+04 1.000000e+00 8.418210e+04 1.173010e+02
 1.590861e+00 7.943777e-03 0.000000e+00 2.330756e-06 2.151607e-01 6.037845e+02 9.485349e-01 0.000000e+00 7.068828e+03 2.144649e+02 7.933568e-06 9.904171e-03 2.380070e-03 2.971251e+00 0.000000e+00 8.219248e+02 2.628923e+04 1.000000e+00 8.213427e+04 1.144475e+02
 1.590861e+00 8.335279e-03 0.000000e+00 2.439612e-06 2.210462e-01 6.093206e+02 1.016734e+00 0.000000e+00 7.074445e+03 2.116746e+02 7.729356e-06 9.614829e-03 2.318807e-03 2.884449e+00 0.000000e+00 7.620637e+02 2.509685e+04 1.000000e+00 8.001095e+04 1.114888e+02
 1.590861e+00 8.745039e-03 0.000000e+00 2.553229e-06 2.274853e-01 6.149191e+02 1.089423e+00 0.000000e+00 7.080952e+03 2.087532e+02 7.516983e-06 9.315402e-03 2.255095e-03 2.794621e+00 0.000000e+00 6.977063e+02 2.393881e+04 1.000000e+00 7.781770e+04 1.084327e+02
 1.590861e+00 9.173853e-03 0.000000e+00 2.671783e-06 2.345189e-01 6.205464e+02 1.166457e+00 0.000000e+00 7.088369e+03 2.057066e+02 7.297131e-06 9.007042e-03 2.189139e-03 2.702113e+00 0.000000e+00 6.294827e+02 2.280581e+04 1.000000e+00 7.556289e+04 1.052908e+02
 1.590861e+00 9.622547e-03 0.000000e+00 2.795453e-06 2.421796e-01 6.261615e+02 1.247764e+00 0.000000e+00 7.096669e+03 2.025455e+02 7.070841e-06 8.691402e-03 2.121252e-03 2.607421e+00 0.000000e+00 5.583232e+02 2.168758e+04 1.000000e+00 7.325833e+04 1.020796e+02
 1.590861e+00 1.009197e-02 0.000000e+00 2.924423e-06 2.504852e-01 6.317148e+02 1.332954e+00 0.000000e+00 7.105769e+03 1.992868e+02 6.839608e-06 8.370735e-03 2.051882e-03 2.511220e+00 0.000000e+00 4.854744e+02 2.057285e+04 1.000000e+00 7.092006e+04 9.882139e+01
 1.590861e+00 1.058302e-02 0.000000e+00 3.058878e-06 2.594296e-01 6.371476e+02 1.421666e+00 0.000000e+00 7.115536e+03 1.959558e+02 6.605473e-06 8.048005e-03 1.981642e-03 2.414401e+00 0.000000e+00 4.124917e+02 1.944969e+04 1.000000e+00 6.856905e+04 9.554545e+01
 1.590861e+00 1.109660e-02 0.000000e+00 3.199007e-06 2.689684e-01 6.423925e+02 1.512780e+00 0.000000e+00 7.125720e+03 1.925874e+02 6.371109e-06 7.726977e-03 1.911333e-03 2.318093e+00 0.000000e+00 3.411889e+02 1.830578e+04 1.000000e+00 6.623195e+04 9.228889e+01
 1.590861e+00 1.163367e-02 0.000000e+00 3.344999e-06 2.790088e-01 6.473738e+02 1.606160e+00 0.000000e+00 7.136092e+03 1.892280e+02 6.139882e-06 7.412265e-03 1.841965e-03 2.223679e+00 0.000000e+00 2.735516e+02 1.712966e+04 1.000000e+00 6.394147e+04 8.909728e+01
 1.590861e+00 1.219519e-02 0.000000e+00 3.497046e-06 2.893810e-01 6.520108e+02 1.698572e+00 0.000000e+00 7.146116e+03 1.859362e+02 5.915852e-06 7.109301e-03 1.774756e-03 2.132790e+00 0.000000e+00 2.115712e+02 1.591403e+04 1.000000e+00 6.173622e+04 8.602445e+01
 1.590861e+00 1.278218e-02 0.000000e+00 3.655340e-06 2.998580e-01 6.562234e+02 1.792666e+00 0.000000e+00 7.155708e+03 1.827816e+02 5.703609e-06 6.824085e-03 1.711083e-03 2.047226e+00 0.000000e+00 1.571099e+02 1.466176e+04 1.000000e+00 5.965915e+04 8.313022e+01
 1.590861e+00 1.339569e-02 0.000000e+00 3.820074e-06 3.101094e-01 6.599507e+02 1.877121e+00 0.000000e+00 7.163603e+03 1.798342e+02 5.507565e-06 6.562231e-03 1.652270e-03 1.968669e+00 0.000000e+00 1.115396e+02 1.339090e+04 1.000000e+00 5.775062e+04 8.047083e+01
 1.590861e+00 1.403678e-02 0.000000e+00 3.991440e-06 3.201532e-01 6.631890e+02 1.964578e+00 0.000000e+00 7.170737e+03 1.770790e+02 5.326347e-06 6.321564e-03 1.597904e-03 1.842139e+00 0.000000e+00 7.426453e+01 1.206207e+04 1.000000e+00 5.599457e+04 7.802393e+01
 1.590861e+00 1.470655e-02 0.000000e+00 4.169628e-06 3.319406e-01 6.664951e+02 2.084698e+00 0.000000e+00 7.180321e+03 1.740226e+02 5.127719e-06 6.059332e-03 8.613869e-04 9.724213e-01 0.000000e+00 3.693899e+01 1.004309e+04 1.000000e+00 5.407835e+04 7.535382e+01
 1.590861e+00 1.540615e-02 0.000000e+00 4.354828e-06 3.461161e-01 6.698668e+02 2.197789e+00 0.000000e+00 7.185914e+03 1.704881e+02 4.901269e-06 5.762393e-03 3.272542e-04 3.694378e-01 0.000000e+00 9.396419e+00 7.416584e+03 1.000000e+00 5.190393e+04 7.232394e+01
 1.590861e+00 1.613674e-02 0.000000e+00 4.547224e-06 3.532195e-01 6.712912e+02 2.281644e+00 0.000000e+00 7.187243e+03 1.687807e+02 4.793169e-06 5.621418e-03 8.382881e-05 9.463449e-02 0.000000e+00 1.471659e+00 6.200955e+03 1.000000e+00 5.086953e+04 7.088259e+01
 1.590861e+00 1.689951e-02 0.000000e+00 4.747000e-06 3.546620e-01 6.715669e+02 2.288203e+00 0.000000e+00 7.187205e+03 1.684367e+02 4.771491e-06 5.593208e-03 1.152870e-05 1.301477e-02 0.000000e+00 1.944723e-01 5.982626e+03 1.000000e+00 5.066235e+04 7.059391e+01
 1.590861e+00 1.769569e-02 0.000000e+00 4.954330e-06 3.548625e-01 6.716042e+02 2.288277e+00 0.000000e+00 7.187271e+03 1.683899e+02 4.768545e-06 5.589375e-03 1.996781e-06 2.254170e-03 0.000000e+00 3.350889e-02 5.955109e+03 1.000000e+00 5.063420e+04 7.055469e+01
 1.590861e+00 1.852654e-02 0.000000e+00 5.169385e-06 3.548889e-01 6.716087e+02 2.288161e+00 0.000000e+00 7.187327e+03 1.683843e+02 4.768191e-06 5.588916e-03 9.051542e-07 1.021830e-03 0.000000e+00 1.518105e-02 5.952119e+03 1.000000e+00 5.063083e+04 7.054998e+01
 1.590861e+00 1.939334e-02 0.000000e+00 5.392326e-06 3.548944e-01 6.716094e+02 2.287998e+00 0.000000e+00 7.187371e+03 1.683835e+02 4.768142e-06 5.588852e-03 7.885623e-07 8.902094e-04 0.000000e+00 1.322490e-02 5.951896e+03 1.000000e+00 5.063036e+04 7.054932e+01
 1.590861e+00 2.029739e-02 0.000000e+00 5.623307e-06 3.548973e-01 6.716098e+02 2.287880e+00 0.000000e+00 7.187412e+03 1.683833e+02 4.768128e-06 5.588833e-03 7.768838e-07 8.770255e-04 0.000000e+00 1.302908e-02 5.951965e+03 1.000000e+00 5.063022e+04 7.054913e+01
 1.590861e+00 2.124002e-02 0.000000e+00 5.862470e-06 3.549000e-01 6.716100e+02 2.287728e+00 0.000000e+00 7.187454e+03 1.683831e+02 4.768119e-06 5.588822e-03 7.757737e-07 8.757723e-04 0.000000e+00 1.301064e-02 5.952091e+03 1.000000e+00 5.063014e+04 7.054902e+01
 1.590861e+00 2.222259e-02 0.000000e+00 6.109943e-06 3.549022e-01 6.716100e+02 2.287560e+00 0.000000e+00 7.187493e+03 1.683830e+02 4.768114e-06 5.588816e-03 7.756721e-07 8.756577e-04 0.000000e+00 1.300912e-02 5.952213e+03 1.000000e+00 5.063009e+04 7.054895e+01
 1.590861e+00 2.324647e-02 0.000000e+00 6.365842e-06 3.549046e-01 6.716100e+02 2.287425e+00 0.000000e+00 7.187538e+03 1.683830e+02 4.768112e-06 5.588812e-03 7.756597e-07 8.756437e-04 0.000000e+00 1.300909e-02 5.952335e+03 1.000000e+00 5.063007e+04 7.054892e+01
 1.590861e+00 2.431306e-02 0.000000e+00 6.630265e-06 3.549070e-01 6.716100e+02 2.287365e+00 0.000000e+00 7.187588e+03 1.683830e+02 4.768113e-06 5.588814e-03 7.756534e-07 8.756366e-04 0.000000e+00 1.300917e-02 5.952460e+03 1.000000e+00 5.063008e+04 7.054893e+01
 1.590861e+00 2.542375e-02 0.000000e+00 6.903294e-06 3.549095e-01 6.716100e+02 2.287336e+00 0.000000e+00 7.187640e+03 1.683831e+02 4.768115e-06 5.588816e-03 7.756474e-07 8.756298e-04 0.000000e+00 1.300927e-02 5.952590e+03 1.000000e+00 5.063009e+04 7.054896e+01
 1.590861e+00 2.657997e-02 0.000000e+00 7.184989e-06 3.549118e-01 6.716099e+02 2.287273e+00 0.000000e+00 7.187694e+03 1.683831e+02 4.768120e-06 5.588823e-03 7.756427e-07 8.756244e-04 0.000000e+00 1.300940e-02 5.952728e+03 1.000000e+00 5.063015e+04 7.054903e+01
 1.590861e+00 2.778314e-02 0.000000e+00 7.475389e-06 3.549140e-01 6.716097e+02 2.287186e+00 0.000000e+00 7.187744e+03 1.683832e+02 4.768124e-06 5.588829e-03 7.756384e-07 8.756196e-04 0.000000e+00 1.300956e-02 5.952869e+03 1.000000e+00 5.063019e+04 7.054909e+01
 1.590861e+00 2.903469e-02 0.000000e+00 7.774506e-06 3.549159e-01 6.716094e+02 2.286980e+00 0.000000e+00 7.187792e+03 1.683833e+02 4.768130e-06 5.588836e-03 7.756317e-07 8.756120e-04 0.000000e+00 1.300969e-02 5.953013e+03 1.000000e+00 5.063024e+04 7.054916e+01
 1.590861e+00 3.033606e-02 0.000000e+00 8.082327e-06 3.549178e-01 6.716093e+02 2.286660e+00 0.000000e+00 7.187833e+03 1.683834e+02 4.768134e-06 5.588841e-03 7.756242e-07 8.756036e-04 0.000000e+00 1.300982e-02 5.953162e+03 1.000000e+00 5.063028e+04 7.054921e+01
 1.590861e+00 3.168866e-02 0.000000e+00 8.398809e-06 3.549194e-01 6.716091e+02 2.286261e+00 0.000000e+00 7.187876e+03 1.683835e+02 4.768141e-06 5.588850e-03 7.756197e-07 8.755985e-04 0.000000e+00 1.301004e-02 5.953322e+03 1.000000e+00 5.063034e+04 7.054931e+01
 1.590861e+00 3.309391e-02 0.000000e+00 8.723877e-06 3.549217e-01 6.716088e+02 2.285916e+00 0.000000e+00 7.187931e+03 1.683836e+02 4.768147e-06 5.588858e-03 7.756194e-07 8.755982e-04 0.000000e+00 1.301032e-02 5.953492e+03 1.000000e+00 5.063040e+04 7.054939e+01
 1.590861e+00 3.455321e-02 0.000000e+00 9.057420e-06 3.549241e-01 6.716083e+02 2.285625e+00 0.000000e+00 7.187998e+03 1.683838e+02 4.768160e-06 5.588875e-03 7.756204e-07 8.755993e-04 0.000000e+00 1.301062e-02 5.953665e+03 1.000000e+00 5.063053e+04 7.054956e+01
 1.590861e+00 3.606795e-02 0.000000e+00 9.399293e-06 3.549275e-01 6.716078e+02 2.285315e+00 0.000000e+00 7.188080e+03 1.683839e+02 4.768170e-06 5.588888e-03 7.756278e-07 8.756076e-04 0.000000e+00 1.301106e-02 5.953865e+03 1.000000e+00 5.063062e+04 7.054970e+01
 1.590861e+00 3.763946e-02 0.000000e+00 9.749309e-06 3.549307e-01 6.716073e+02 2.284910e+00 0.000000e+00 7.188171e+03 1.683842e+02 4.768189e-06 5.588913e-03 7.756313e-07 8.756116e-04 0.000000e+00 1.301142e-02 5.954054e+03 1.000000e+00 5.063081e+04 7.054995e+01
 1.590861e+00 3.926908e-02 0.000000e+00 1.010724e-05 3.549347e-01 6.716069e+02 2.284326e+00 0.000000e+00 7.188271e+03 1.683845e+02 4.768203e-06 5.588931e-03 7.756442e-07 8.756261e-04 0.000000e+00 1.301195e-02 5.954269e+03 1.000000e+00 5.063094e+04 7.055013e+01
 1.590861e+00 4.095808e-02 0.000000e+00 1.047281e-05 3.549383e-01 6.716066e+02 2.283422e+00 0.000000e+00 7.188376e+03 1.683848e+02 4.768227e-06 5.588962e-03 7.756618e-07 8.756460e-04 0.000000e+00 1.301270e-02 5.954537e+03 1.000000e+00 5.063116e+04 7.055045e+01
 1.590861e+00 4.270768e-02 0.000000e+00 1.084570e-05 3.549424e-01 6.716062e+02 2.282167e+00 0.000000e+00 7.188479e+03 1.683851e+02 4.768241e-06 5.588981e-03 7.756468e-07 8.756291e-04 0.000000e+00 1.301274e-02 5.954738e+03 1.000000e+00 5.063131e+04 7.055065e+01
 1.590861e+00 4.451906e-02 0.000000e+00 1.122555e-05 3.549458e-01 6.716059e+02 2.280558e+00 0.000000e+00 7.188580e+03 1.683854e+02 4.768264e-06 5.589011e-03 7.756358e-07 8.756166e-04 0.000000e+00 1.301281e-02 5.954914e+03 1.000000e+00 5.063153e+04 7.055095e+01
 1.590861e+00 4.639332e-02 0.000000e+00 1.161192e-05 3.549500e-01 6.716055e+02 2.278760e+00 0.000000e+00 7.188684e+03 1.683857e+02 4.768279e-06 5.589029e-03 7.756414e-07 8.756229e-04 0.000000e+00 1.301326e-02 5.955144e+03 1.000000e+00 5.063166e+04 7.055114e+01
 1.590861e+00 4.833150e-02 0.000000e+00 1.200436e-05 3.549531e-01 6.716051e+02 2.276815e+00 0.000000e+00 7.188787e+03 1.683861e+02 4.768308e-06 5.589068e-03 7.756619e-07 8.756461e-04 0.000000e+00 1.301412e-02 5.955432e+03 1.000000e+00 5.063195e+04 7.055154e+01
 1.590861e+00 5.033454e-02 0.000000e+00 1.240231e-05 3.549571e-01 6.716044e+02 2.274894e+00 0.000000e+00 7.188883e+03 1.683863e+02 4.768319e-06 5.589082e-03 7.756636e-07 8.756481e-04 0.000000e+00 1.301460e-02 5.955708e+03 1.000000e+00 5.063205e+04 7.055168e+01
 1.590861e+00 5.240331e-02 0.000000e+00 1.280521e-05 3.549591e-01 6.716039e+02 2.272899e+00 0.000000e+00 7.188950e+03 1.683866e+02 4.768339e-06 5.589108e-03 7.756355e-07 8.756163e-04 0.000000e+00 1.301460e-02 5.955957e+03 1.000000e+00 5.063224e+04 7.055195e+01
 1.590861e+00 5.453857e-02 0.000000e+00 1.321241e-05 3.549619e-01 6.716035e+02 2.271264e+00 0.000000e+00 7.189007e+03 1.683866e+02 4.768339e-06 5.589108e-03 7.756146e-07 8.755927e-04 0.000000e+00 1.301474e-02 5.956227e+03 1.000000e+00 5.063224e+04 7.055195e+01
 1.590861e+00 5.674095e-02 0.000000e+00 1.362321e-05 3.549621e-01 6.716033e+02 2.269493e+00 0.000000e+00 7.189026e+03 1.683868e+02 4.768351e-06 5.589124e-03 7.755944e-07 8.755699e-04 0.000000e+00 1.301502e-02 5.956516e+03 1.000000e+00 5.063235e+04 7.055211e+01
 1.590861e+00 5.901100e-02 0.000000e+00 1.403684e-05 3.549636e-01 6.716031e+02 2.268280e+00 0.000000e+00 7.189040e+03 1.683866e+02 4.768339e-06 5.589108e-03 7.755855e-07 8.755598e-04 0.000000e+00 1.301552e-02 5.956834e+03 1.000000e+00 5.063224e+04 7.055195e+01
 1.590861e+00 6.134911e-02 0.000000e+00 1.445249e-05 3.549623e-01 6.716033e+02 2.267228e+00 0.000000e+00 7.189026e+03 1.683867e+02 4.768347e-06 5.589118e-03 7.755633e-07 8.755348e-04 0.000000e+00 1.301589e-02 5.957156e+03 1.000000e+00 5.063232e+04 7.055205e+01
 1.590861e+00 6.375553e-02 0.000000e+00 1.486928e-05 3.549616e-01 6.716036e+02 2.266269e+00 0.000000e+00 7.188970e+03 1.683863e+02 4.768316e-06 5.589078e-03 7.755370e-07 8.755051e-04 0.000000e+00 1.301623e-02 5.957501e+03 1.000000e+00 5.063202e+04 7.055164e+01
 1.590861e+00 6.623039e-02 0.000000e+00 1.528629e-05 3.549581e-01 6.716040e+02 2.265479e+00 0.000000e+00 7.188886e+03 1.683861e+02 4.768307e-06 5.589066e-03 7.755119e-07 8.754767e-04 0.000000e+00 1.301672e-02 5.957858e+03 1.000000e+00 5.063193e+04 7.055152e+01
 1.590861e+00 6.877363e-02 0.000000e+00 1.570251e-05 3.549552e-01 6.716046e+02 2.264387e+00 0.000000e+00 7.188782e+03 1.683856e+02 4.768273e-06 5.589022e-03 7.754763e-07 8.754366e-04 0.000000e+00 1.301706e-02 5.958240e+03 1.000000e+00 5.063161e+04 7.055107e+01
 1.590861e+00 7.138503e-02 0.000000e+00 1.611692e-05 3.549492e-01 6.716053e+02 2.263309e+00 0.000000e+00 7.188629e+03 1.683852e+02 4.768251e-06 5.588993e-03 7.754178e-07 8.753706e-04 0.000000e+00 1.301712e-02 5.958615e+03 1.000000e+00 5.063140e+04 7.055077e+01
 1.590861e+00 7.406422e-02 0.000000e+00 1.652843e-05 3.549447e-01 6.716058e+02 2.261453e+00 0.000000e+00 7.188471e+03 1.683844e+02 4.768201e-06 5.588928e-03 7.753253e-07 8.752661e-04 0.000000e+00 1.301658e-02 5.959002e+03 1.000000e+00 5.063092e+04 7.055011e+01
 1.590861e+00 7.681063e-02 0.000000e+00 1.693590e-05 3.549356e-01 6.716073e+02 2.258497e+00 0.000000e+00 7.188235e+03 1.683838e+02 4.768163e-06 5.588879e-03 7.752068e-07 8.751323e-04 0.000000e+00 1.301578e-02 5.959397e+03 1.000000e+00 5.063056e+04 7.054961e+01
 1.590861e+00 7.962349e-02 0.000000e+00 1.733816e-05 3.549240e-01 6.716087e+02 2.253307e+00 0.000000e+00 7.187880e+03 1.683824e+02 4.768075e-06 5.588765e-03 7.751074e-07 8.750201e-04 0.000000e+00 1.301558e-02 5.959873e+03 1.000000e+00 5.062972e+04 7.054844e+01
 1.590861e+00 8.250184e-02 0.000000e+00 1.773400e-05 3.549079e-01 6.716108e+02 2.246410e+00 0.000000e+00 7.187443e+03 1.683811e+02 4.767992e-06 5.588657e-03 7.749984e-07 8.748971e-04 0.000000e+00 1.301532e-02 5.960323e+03 1.000000e+00 5.062892e+04 7.054733e+01
 1.590861e+00 8.544455e-02 0.000000e+00 1.812218e-05 3.549030e-01 6.716115e+02 2.242146e+00 0.000000e+00 7.187269e+03 1.683803e+02 4.767939e-06 5.588587e-03 7.749119e-07 8.747995e-04 0.000000e+00 1.301514e-02 5.960820e+03 1.000000e+00 5.062841e+04 7.054662e+01
 1.590861e+00 8.845023e-02 0.000000e+00 1.850144e-05 3.549028e-01 6.716113e+02 2.239661e+00 0.000000e+00 7.187289e+03 1.683805e+02 4.767955e-06 5.588608e-03 7.748764e-07 8.747594e-04 0.000000e+00 1.301548e-02 5.961249e+03 1.000000e+00 5.062857e+04 7.054683e+01
 1.590861e+00 9.151733e-02 0.000000e+00 1.887049e-05 3.549091e-01 6.716107e+02 2.238072e+00 0.000000e+00 7.187447e+03 1.683809e+02 4.767978e-06 5.588639e-03 7.749331e-07 8.748234e-04 0.000000e+00 1.301708e-02 5.961650e+03 1.000000e+00 5.062879e+04 7.054715e+01
 1.590861e+00 9.464406e-02 0.000000e+00 1.922806e-05 3.549155e-01 6.716095e+02 2.239893e+00 0.000000e+00 7.187639e+03 1.683816e+02 4.768024e-06 5.588698e-03 7.751066e-07 8.750193e-04 0.000000e+00 1.302013e-02 5.961820e+03 1.000000e+00 5.062923e+04 7.054775e+01
 1.590861e+00 9.782843e-02 0.000000e+00 1.957284e-05 3.549400e-01 6.716068e+02 2.241006e+00 0.000000e+00 7.188321e+03 1.683838e+02 4.768160e-06 5.588875e-03 7.754408e-07 8.753965e-04 0.000000e+00 1.302513e-02 5.961949e+03 1.000000e+00 5.063053e+04 7.054957e+01
 1.590861e+00 1.010682e-01 0.000000e+00 1.990357e-05 3.549851e-01 6.715996e+02 2.249726e+00 0.000000e+00 7.189604e+03 1.683881e+02 4.768433e-06 5.589231e-03 7.758878e-07 8.759011e-04 0.000000e+00 1.303103e-02 5.961975e+03 1.000000e+00 5.063314e+04 7.055320e+01
 1.590861e+00 1.043611e-01 0.000000e+00 2.021897e-05 3.550142e-01 6.715981e+02 2.275798e+00 0.000000e+00 7.190413e+03 1.683907e+02 4.768595e-06 5.589441e-03 7.763174e-07 8.763861e-04 0.000000e+00 1.303723e-02 5.961997e+03 1.000000e+00 5.063469e+04 7.055536e+01
 1.590861e+00 1.077043e-01 0.000000e+00 2.051782e-05 3.551153e-01 6.715835e+02 2.298744e+00 0.000000e+00 7.193294e+03 1.684004e+02 4.769209e-06 5.590240e-03 7.769549e-07 8.771058e-04 0.000000e+00 1.304429e-02 5.962026e+03 1.000000e+00 5.064055e+04 7.056353e+01
 1.590861e+00 1.110952e-01 0.000000e+00 2.079892e-05 3.552291e-01 6.715709e+02 2.359203e+00 0.000000e+00 7.196498e+03 1.684110e+02 4.769871e-06 5.591101e-03 7.776489e-07 8.778893e-04 0.000000e+00 1.305190e-02 5.962091e+03 1.000000e+00 5.064688e+04 7.057235e+01
 1.590861e+00 1.145306e-01 0.000000e+00 2.106111e-05 3.554220e-01 6.715468e+02 2.442533e+00 0.000000e+00 7.201992e+03 1.684295e+02 4.771039e-06 5.592620e-03 7.785844e-07 8.789453e-04 0.000000e+00 1.306072e-02 5.962190e+03 1.000000e+00 5.065803e+04 7.058789e+01
 1.590861e+00 1.180074e-01 0.000000e+00 2.130329e-05 3.556564e-01 6.715193e+02 2.548047e+00 0.000000e+00 7.208615e+03 1.684514e+02 4.772418e-06 5.594414e-03 7.796531e-07 8.801518e-04 0.000000e+00 1.307036e-02 5.962340e+03 1.000000e+00 5.067121e+04 7.060625e+01
 1.590861e+00 1.215223e-01 0.000000e+00 2.152443e-05 3.558813e-01 6.714913e+02 2.649036e+00 0.000000e+00 7.215018e+03 1.684729e+02 4.773772e-06 5.596176e-03 7.806699e-07 8.812996e-04 0.000000e+00 1.307941e-02 5.962468e+03 1.000000e+00 5.068415e+04 7.062428e+01
 1.590861e+00 1.250716e-01 0.000000e+00 2.172358e-05 3.560561e-01 6.714706e+02 2.726493e+00 0.000000e+00 7.219957e+03 1.684892e+02 4.774799e-06 5.597511e-03 7.815170e-07 8.822559e-04 0.000000e+00 1.308745e-02 5.962591e+03 1.000000e+00 5.069396e+04 7.063795e+01
 1.590861e+00 1.286518e-01 0.000000e+00 2.189984e-05 3.561799e-01 6.714549e+02 2.781003e+00 0.000000e+00 7.223487e+03 1.685011e+02 4.775547e-06 5.598484e-03 7.821601e-07 8.829820e-04 0.000000e+00 1.309381e-02 5.962655e+03 1.000000e+00 5.070110e+04 7.064791e+01
 1.590861e+00 1.322589e-01 0.000000e+00 2.205245e-05 3.562609e-01 6.714461e+02 2.815646e+00 0.000000e+00 7.225773e+03 1.685086e+02 4.776020e-06 5.599100e-03 7.826443e-07 8.835286e-04 0.000000e+00 1.309906e-02 5.962713e+03 1.000000e+00 5.070563e+04 7.065421e+01
 1.590861e+00 1.358891e-01 0.000000e+00 2.218071e-05 3.563157e-01 6.714379e+02 2.838433e+00 0.000000e+00 7.227350e+03 1.685140e+02 4.776362e-06 5.599545e-03 7.830130e-07 8.839448e-04 0.000000e+00 1.310327e-02 5.962738e+03 1.000000e+00 5.070890e+04 7.065876e+01
 1.590861e+00 1.395383e-01 0.000000e+00 2.228403e-05 3.563497e-01 6.714351e+02 2.851299e+00 0.000000e+00 7.228281e+03 1.685169e+02 4.776539e-06 5.599775e-03 7.834227e-07 8.844072e-04 0.000000e+00 1.310904e-02 5.962810e+03 1.000000e+00 5.071059e+04 7.066112e+01
 1.590861e+00 1.432024e-01 0.000000e+00 2.236194e-05 3.563751e-01 6.714307e+02 2.860663e+00 0.000000e+00 7.229015e+03 1.685194e+02 4.776699e-06 5.599983e-03 7.836747e-07 8.846918e-04 0.000000e+00 1.311233e-02 5.962814e+03 1.000000e+00 5.071211e+04 7.066325e+01
 1.590861e+00 1.468772e-01 0.000000e+00 2.241409e-05 3.563920e-01 6.714290e+02 2.865662e+00 0.000000e+00 7.229420e+03 1.685201e+02 4.776745e-06 5.600043e-03 7.838646e-07 8.849062e-04 0.000000e+00 1.311500e-02 5.962867e+03 1.000000e+00 5.071256e+04 7.066386e+01
 1.590861e+00 1.505583e-01 0.000000e+00 2.244022e-05 3.564100e-01 6.714301e+02 2.873117e+00 0.000000e+00 7.230027e+03 1.685229e+02 4.776922e-06 5.600273e-03 7.840756e-07 8.851444e-04 0.000000e+00 1.311769e-02 5.962789e+03 1.000000e+00 5.071425e+04 7.066622e+01
