4301.2	35875.96133
4305.8	37413.99333
4310.3	35714.03067
4314.9	34343.65467
4319.5	34631.53467
4324.1	33149.53867
4328.6	33061.79733
4333.2	33301.428
4337.8	34554.36133
4342.3	33374.08267
4346.9	34890.07733
4351.5	36917.41467
4356.1	43362.72533
4360.6	50849.58267
4365.2	55022.71733
4369.8	52032.67867
4374.3	43167.61733
4378.9	41713.76533
4383.5	39598.1
4388	36235.95333
4392.6	36508.09333
4397.2	37520.22
4401.7	40826.48
4406.3	42393.12133
4410.9	44698.08533
4415.4	49419.936
4420	53368.70933
4424.6	57712.532
4429.1	62242.644
4433.7	67478.91067
4438.3	73077.924
4442.8	81545.17333
4447.4	87563.40267
4452	94654.26667
4456.5	98785.01467
4461.1	108181.5707
4465.6	118078.88
4470.2	126188.3453
4474.8	135004.2267
4479.3	146205.72
4483.9	161764.7867
4488.5	192438.2267
4493	246123.4667
4497.6	261198.8933
4502.1	245812.6533
4506.7	214602.28
4511.3	231749.5867
4515.8	226298.1733
4520.4	188977.5733
4524.9	188487.2667
4529.5	233102.6267
4534.1	206951.56
4538.6	165682.52
4543.2	160348.9467
4547.7	195928.8
4552.3	232665.04
4556.8	176628.36
4561.4	131931.9587
4566	127597.9427
4570.5	145364.0533
4575.1	196861.2267
4579.6	169869.52
4584.2	114039.1587
4588.7	93745.10933
4593.3	93971.82
4597.8	105469.9733
4602.4	139152.9867
4607	132399.3013
4611.5	97344.94
4616.1	77983.77467
4620.6	74742.07467
4625.2	77389.11867
4629.7	80994.49467
4634.3	85960.36267
4638.8	89664.176
4643.4	97466.11867
4647.9	103709.1773
4652.5	104218.9747
4657	116393.6293
4661.6	124812.2467
4666.1	136379.2933
4670.7	149330.8533
4675.2	174657.4667
4679.8	188513.5733
4684.3	180655.6933
4688.9	160969.4133
4693.4	168617.92
4698	165212.8
4702.5	144167.6
4707.1	133980.04
4711.6	168215.3333
4716.2	156783.2
4720.7	121825.2387
4725.2	97213.204
4729.8	106952.2013
4734.3	131355.3747
4738.9	98800.14
4743.4	57709.032
4748	34583.656
4752.5	30544.276
4757.1	29245.58667
4761.6	28634.23067
4766.2	29352.52
4770.7	30575.76533
4775.2	30649.26533
4779.8	30957.264
4784.3	29179.16533
4788.9	28870.73867
4793.4	27874.21467
4797.9	26798.77467
4802.5	26587.88133
4807	26204.7
4811.6	25225.41467
4816.1	25436.6
4820.7	24992.716
4825.2	25260.924
4829.7	26504.05733
4834.3	28133.08933
4838.8	29593.53333
4843.3	30898.25333
4847.9	32552.34
4852.4	33249.772
4857	33519.08933
4861.5	33736.17333
4866	33028.35733
4870.6	34231.52667
4875.1	35161.88133
4879.6	35292.108
4884.2	39116.29467
4888.7	40083.96
4893.3	42657.128
4897.8	40904.57733
4902.3	42229.77867
4906.9	44338.31867
4911.4	46067.58
4915.9	45240.79333
4920.5	43959.72
4925	44671.33067
4929.5	47588.868
4934.1	48455.868
4938.6	49784.66133
4943.1	52002.228
4947.7	54493.01333
4952.2	58467.27067
4956.7	62423.62533
4961.3	62336.45067
4965.8	61265.20267
4970.3	58719.85867
4974.8	60643.212
4979.4	64504.888
4983.9	68543.54267
4988.4	70409.916
4993	69171.892
4997.5	69038.592
5002	70042.61333
5006.5	74261.37067
5011.1	76645.32533
5015.6	80618.75733
5020.1	85455.41067
5024.7	89850.812
5029.2	93924.24267
5033.7	96527.844
5038.2	101183.7067
5042.8	105148.128
5047.3	112434.544
5051.8	122422.3667
5056.3	127993.148
5060.9	132771.568
5065.4	137599.96
5069.9	146224.6667
5074.4	150441.4133
5079	155453.72
5083.5	166188.6933
5088	176389.92
5092.5	183993.9867
5097.1	190149.8533
5101.6	194697.2667
5106.1	194647.4667
5110.6	198097.5733
5115.1	202479.9867
5119.7	214184.9733
5124.2	244182.4
5128.7	248032.1867
5133.2	235447.4
5137.7	217068.9467
5142.3	212678.3067
5146.8	227294
5151.3	231544.2933
5155.8	228271.6
5160.3	332527.52
5164.9	304304.84
5169.4	223800.36
5173.9	122821.32
5178.4	64355.78
5182.9	56350.45733
5187.4	53584.172
5192	52806.80667
5196.5	51687.64933
5201	50796.88667
5205.5	50342.18
5210	50694.084
5214.5	48688.94
5219.1	49275.26667
5223.6	48625.584
5228.1	48448.29867
5232.6	48578.008
5237.1	50157.244
5241.6	51851.80933
5246.1	54979.14533
5250.7	59013.64533
5255.2	63754.244
5259.7	65871.72933
5264.2	68122.26
5268.7	69302.572
5273.2	70169.516
5277.7	69831.65067
5282.2	73570.44667
5286.7	73866.89867
5291.3	75468.872
5295.8	74956.85333
5300.3	75265.132
5304.8	76258.948
5309.3	74382.68667
5313.8	71537.28267
5318.3	69584.65867
5322.8	65682.556
5327.3	61066.21467
5331.8	57960.75867
5336.3	56513.28133
5340.9	56061.712
5345.4	55914.89867
5349.9	58033.48
5354.4	60823.90933
5358.9	64258.656
5363.4	72005.18133
5367.9	77360.52
5372.4	81812.756
5376.9	84837.32133
5381.4	86692.30533
5385.9	86775.98267
5390.4	84877.38133
5394.9	85462.312
5399.4	84972.96
5403.9	86800.36267
5408.4	87978.304
5412.9	90074.02267
5417.4	93649.1
5421.9	95074.016
5426.4	94302.41467
5430.9	92365.20533
5435.4	93634.41467
5439.9	94155.40267
5444.4	93275.95467
5448.9	92161.54133
5453.4	91854.78667
5457.9	91364.548
5462.4	93325.82267
5466.9	96349.89467
5471.4	101494.244
5475.9	103914.036
5480.4	106668.9027
5484.9	112159.592
5489.4	118669.608
5493.9	126145.8667
5498.4	131844.4507
5502.9	130831.252
5507.4	127525.3347
5511.9	123773.5573
5516.4	123210.7973
5520.9	126838.8307
5525.4	130933.272
5529.9	130654.5747
5534.4	139221.6267
5538.9	138213.0933
5543.4	134827.3333
5547.9	125485.6907
5552.4	115795.84
5556.9	112295.088
5561.4	105454.2613
5565.9	110473.0493
5570.4	112849.104
5574.8	112230.428
5579.3	127528.3907
5583.8	124114.9507
5588.3	121413.916
5592.8	107071.392
5597.3	99289.724
5601.8	102402.304
5606.3	112079.276
5610.8	119953.9467
5615.3	133219.9533
5619.8	144164.72
5624.2	152957.6667
5628.7	166542.12
5633.2	168403.9733
5637.7	153563.8267
5642.2	131942.9
5646.7	112061.168
5651.2	103005.9173
5655.7	99748.38133
5660.2	99020.72533
5664.6	96696.576
5669.1	96828.99333
5673.6	96108.49733
5678.1	95307.53467
5682.6	93720.776
5687.1	90335.628
5691.6	88038.26533
5696	85306.56533
5700.5	84577.516
5705	83688.536
5709.5	81672.30667
5714	79522.34533
5718.5	82551.62933
5722.9	82920.22
5727.4	95597.32933
5731.9	102434.496
5736.4	115628.0413
5740.9	131643.4907
5745.4	142619.0133
5749.8	156423.0533
5754.3	164252.5867
5758.8	165813.8
5763.3	163548.2533
5767.8	161839.16
5772.2	158571.2667
5776.7	153775.1467
5781.2	148790.44
5785.7	143900.6667
5790.2	143977.8667
5794.6	140993.6933
5799.1	136982.9867
5803.6	136300.1467
5808.1	132470.724
5812.6	130910.1947
5817	127983.9693
5821.5	122008.968
5826	121192.4827
5830.5	117107.8133
5834.9	117981.3387
5839.4	115329.0067
5843.9	114953.5093
5848.4	117766.4853
5852.8	117830.8693
5857.3	125430.22
5861.8	136413.6267
5866.3	148820.2
5870.7	161278.72
5875.2	181363.92
5879.7	191279.24
5884.2	199166.1733
5888.6	201830.8667
5893.1	195983.2
5897.6	194298.52
5902.1	190006.6667
5906.5	185368.76
5911	181702
5915.5	177678.9867
5919.9	175860.8133
5924.4	172689.9067
5928.9	171414.84
5933.4	167736.2133
5937.8	161920.04
5942.3	159484.5467
5946.8	154082.3733
5951.2	152001.68
5955.7	148257.3733
5960.2	141395.8933
5964.6	141660.2933
5969.1	139900.6533
5973.6	134903.1867
5978	134188.16
5982.5	140615.2933
5987	136845.6533
5991.4	146714.0533
5995.9	154600.72
6000.4	160710.6133
6004.8	174041.1333
6009.3	182473.6533
6013.8	190124.5867
6018.2	192926.28
6022.7	191001.4133
6027.2	188063.5333
6031.6	185822
6036.1	182890.2133
6040.6	180408.0933
6045	178919.0133
6049.5	173941.6133
6054	174139.6933
6058.4	170670.6
6062.9	165939.1467
6067.3	162874.5333
6071.8	154477.9867
6076.3	151747.4267
6080.7	146143.0533
6085.2	144117.0267
6089.7	140365.96
6094.1	136972.64
6098.6	128161.6
6103	133508.9067
6107.5	128678.4093
6112	123056.7787
6116.4	126433.3747
6120.9	125165.7027
6125.3	120367.84
6129.8	126283.9547
6134.2	123538.4307
6138.7	125711.76
6143.2	137063.28
6147.6	137022.88
6152.1	145677.2
6156.5	152422.5067
6161	154839.68
6165.4	158701.3067
6169.9	157508.5467
6174.4	154330.8533
6178.8	159016.6
6183.3	156324.4
6187.7	165053.0933
6192.2	167133.76
6196.6	176208.9733
6201.1	190366.8267
6205.5	199603.3733
6210	215269.88
6214.4	227929.7467
6218.9	237495.36
6223.4	239687.44
6227.8	244900.48
6232.3	232781.5733
6236.7	228312.5733
6241.2	229544.1067
6245.6	220307.68
6250.1	213569.1067
6254.5	216133.76
6259	208224.5333
6263.4	202133.5067
6267.9	206929.9333
6272.3	194328.8533
6276.8	198830.2533
6281.2	196468.7333
6285.7	196730.8133
6290.1	205428.0667
6294.6	200212.36
6299	194619.4133
6303.5	206413.2667
6307.9	210350.32
6312.3	196065.32
6316.8	207778.6
6321.2	207273.5867
6325.7	201026.32
6330.1	227482.5867
6334.6	233804.5467
6339	250141.36
6343.5	288636.0933
6347.9	293040.6133
6352.4	339293.52
6356.8	349625.08
6361.3	365202.7467
6365.7	377469.0667
6370.1	366673.88
6374.6	360748.68
6379	355285.5467
6383.5	342897.9467
6387.9	331136.64
6392.4	331083.84
6396.8	313837.9467
6401.2	312916.08
6405.7	312164.44
6410.1	297456.4933
6414.6	290362.4933
6419	282198.3733
6423.4	284415.6667
6427.9	280234.44
6432.3	261829.24
6436.8	263509.2267
6441.2	267072.44
6445.6	262302.4667
6450.1	245933.1067
6454.5	265377.1467
6459	256955.6667
6463.4	248154.36
6467.8	268611.7867
6472.3	255979.9067
6476.7	275929.0933
6481.1	289808.0533
6485.6	296406.44
6490	341523.64
6494.5	338126.2933
6498.9	386707.0933
6503.3	393015.2133
6507.8	410693.7467
6512.2	409278.48
6516.6	400967.3067
6521.1	387968.5867
6525.5	385801.2533
6529.9	372399.0133
6534.4	357678.8933
6538.8	359055.9067
6543.2	341173.4667
6547.7	329047.68
6552.1	332183.9467
6556.5	329646.7067
6561	325161.4667
6565.4	312311.8667
6569.8	296776.72
6574.3	305174.5733
6578.7	302138.2267
6583.1	273427.92
6587.6	276051.04
6592	285848.1467
6596.4	259696.08
6600.8	265769.6933
6605.3	266434.9867
6609.7	247872.8933
6614.1	260129.2667
6618.6	252708.76
6623	253220.6533
6627.4	268392.16
6631.9	263187.0267
6636.3	285041.4
6640.7	281793.2133
6645.1	310958.6
6649.6	317496.8133
6654	342722.2133
6658.4	350161.0667
6662.8	351722.9467
6667.3	351557.6667
6671.7	341029.0533
6676.1	332145.88
6680.5	334862.7867
6685	328808.7333
6689.4	316392.8267
6693.8	309230.5067
6698.2	302047.2933
6702.7	290764.3867
6707.1	289197.0133
6711.5	278749.4267
6715.9	265339.96
6720.4	258487.52
6724.8	264820.12
6729.2	247812.5467
6733.6	237879.1867
6738	244875.84
6742.5	235297.9733
6746.9	226266.0933
6751.3	239141.44
6755.7	219633.76
6760.1	218499.2133
6764.6	223679.56
6769	206760.1333
6773.4	218187.8133
6777.8	210811.0667
6782.2	211808.6933
6786.7	218034.9067
6791.1	213526.9067
6795.5	223652.7467
6799.9	218647.44
6804.3	237788.6
6808.8	236295.0667
6813.2	251964.28
6817.6	255144.36
6822	253490.4
6826.4	242905.88
6830.8	248077.4
6835.3	241332.64
6839.7	235698.88
6844.1	237164.4
6848.5	234482.8533
6852.9	225557.7467
6857.3	220571.04
6861.7	212495.2667
6866.2	202867.9867
6870.6	204116.4267
6875	199477.2133
6879.4	194795.8533
6883.8	200628.0267
6888.2	193794.8
6892.6	183272.5733
6897	184602.2533
6901.5	183623.7067
6905.9	183867.3067
6910.3	204612.8667
6914.7	206046.2
6919.1	211752.3467
6923.5	247848.12
6927.9	287314.28
6932.3	325608.6933
6936.7	355245.8667
6941.2	410431.7867
6945.6	465360.3067
6950	506835.1733
6954.4	527274.9467
6958.8	538771.2933
6963.2	552356.0133
6967.6	541793.92
6972	537399.8533
6976.4	528769.9733
6980.8	528830.2267
6985.2	529202.2
6989.6	519144.6533
6994	517143.5733
6998.5	520853.9733
7002.9	520185.48
7007.3	507270.6
7011.7	491129.88
7016.1	496178.3333
7020.5	492743.1067
7024.9	452026.0267
7029.3	454539.7067
7033.7	454872.4667
7038.1	397867.0533
7042.5	425168.08
7046.9	432978.6133
7051.3	379005.7067
7055.7	427834.5733
7060.1	379025.9467
7064.5	386067.76
7068.9	399212.0933
7073.3	382575.9867
7077.7	412962.2267
7082.1	397802.2
7086.5	453010.44
7090.9	494289.16
7095.3	534783.28
7099.7	550651.7867
7104.1	608751.28
7108.5	671361.7733
7112.9	725108.68
7117.3	759453.4933
7121.7	791165.2933
7126.1	798311.2667
7130.5	784887.1067
7134.9	764445.04
7139.3	764316.1467
7143.7	753283.7867
7148.1	727063.0133
7152.5	716810.4667
7156.9	717310.0133
7161.3	703061.92
7165.7	674600.2667
7170.1	663055.2533
7174.5	655476.3867
7178.9	662419.7733
7183.3	658779.1867
7187.7	624030.72
7192.1	582387.2133
7196.5	608513.56
7200.9	599755.1067
7205.2	551762.0667
7209.6	573810.9733
7214	535243.72
7218.4	517884.0533
7222.8	517103.4
7227.2	470724.0533
7231.6	493995.0933
7236	473742.76
7240.4	486192.64
7244.8	487772.44
7249.2	478748.1333
7253.6	486706.4133
7258	507001.5733
7262.3	561582.32
7266.7	568018.6667
7271.1	569041.44
7275.5	600464.4
7279.9	669351.5733
7284.3	671384.24
7288.7	696015.5333
7293.1	713093.7467
7297.5	707740.3733
7301.9	715140.6267
7306.2	703603.5333
7310.6	697179.8133
7315	686686.44
7319.4	678835.6933
7323.8	671294.3733
7328.2	651435.0133
7332.6	640473.1067
7336.9	621208.8533
7341.3	609899.7467
7345.7	598414.24
7350.1	582919.72
7354.5	556914.8667
7358.9	551481.1867
7363.3	547629.1467
7367.6	525005.4533
7372	525148.92
7376.4	513575.4533
7380.8	507064.9733
7385.2	488750.7867
7389.6	481599.72
7393.9	471218.84
7398.3	475017.4667
7402.7	438226.6933
7407.1	450888.48
7411.5	431825.0933
7415.9	444312.5333
7420.2	436710.2267
7424.6	436831.6933
7429	417183.2133
7433.4	428593.68
7437.8	438218.1333
7442.1	458821.0533
7446.5	450794.52
7450.9	461673.6
7455.3	450949.0267
7459.7	512397.6933
7464	504445.3467
7468.4	506988.4667
7472.8	517384.2667
7477.2	515738.2
7481.5	513446.6
7485.9	492178.6533
7490.3	491894.5333
7494.7	479933.5467
7499.1	466128.04
7503.4	460949.2133
7507.8	447456.2667
7512.2	427077.1467
7516.6	435011.0667
7520.9	424506.1067
7525.3	415376.32
7529.7	404218.08
7534.1	401540.0533
7538.4	398289.1733
7542.8	369700.2933
7547.2	375749.52
7551.6	374927.0533
7555.9	358987.0133
7560.3	343638.9867
7564.7	346588.2133
7569	349028.0933
7573.4	338366.92
7577.8	328175.88
7582.2	333101.9333
7586.5	315999.1467
7590.9	318029.44
7595.3	294337.56
7599.6	309106.88
7604	294088.44
7608.4	308350.4
7612.8	280358.0667
7617.1	306231.0667
7621.5	296212.96
7625.9	298847.6667
7630.2	294347.44
7634.6	302308.6
7639	311932.6
7643.3	291160.8133
7647.7	334322.4133
7652.1	342104.4133
7656.4	332886.3733
7660.8	323975.3333
7665.2	313066.16
7669.5	324755.5067
7673.9	306052.1333
7678.3	295436.68
7682.6	298981.5067
7687	278568.7067
7691.4	289723.9067
7695.7	285464.1733
7700.1	269497.0933
7704.5	266446.44
7708.8	269365.72
7713.2	273403.04
7717.6	239782.7733
7721.9	223931.9333
7726.3	238673.0667
7730.7	248906.3333
7735	219250.0933
7739.4	216306.3333
7743.7	230975.7867
7748.1	240869.4267
7752.5	218514.48
7756.8	208987.44
7761.2	211139.5067
7765.6	214846.0267
7769.9	196227.2667
7774.3	198731.12
7778.6	195835.3733
7783	197686.4667
7787.4	187570.44
7791.7	193160.9467
7796.1	179551.52
7800.4	177421.3467
7804.8	184997.0667
7809.2	165559.3733
7813.5	174294.6933
7817.9	177602.9333
7822.2	160251.72
7826.6	161195.1867
7830.9	181245.9867
7835.3	200720.2667
7839.7	158655.8
7844	178489.4
7848.4	255279.3733
7852.7	294645.4133
7857.1	281807.76
7861.4	245644.3067
7865.8	258369.8133
7870.1	437840.32
7874.5	655780.5333
7878.9	701323.84
7883.2	678883.3733
7887.6	688194.7733
7891.9	950690
7896.3	1.13E+06
7900.6	1.08E+06
7905	1.04E+06
7909.3	1.17E+06
7913.7	1.24E+06
7918	1.22E+06
7922.4	1.17E+06
7926.7	1.15E+06
7931.1	1.14E+06
7935.4	1.10E+06
7939.8	1.08E+06
7944.2	1.08E+06
7948.5	1.07E+06
7952.9	1.04E+06
7957.2	1.02E+06
7961.6	1.05E+06
7965.9	972099.64
7970.3	1.00E+06
7974.6	952232.0267
7978.9	966000
7983.3	941072.1467
7987.6	907739.28
7992	942039.6533
7996.3	858520.04
8000.7	935181.24
8005	823207.9333
8009.4	886056.12
8013.7	804586.96
8018.1	836491.52
8022.4	806565.6133
8026.8	782839.52
8031.1	765424
8035.5	726411.4533
8039.8	785184.2267
8044.2	803179.08
8048.5	798483.3733
8052.8	735268.7467
8057.2	682181.9333
8061.5	802226.1333
8065.9	902169.2267
8070.2	1.09E+06
8074.6	999831.9333
8078.9	1.04E+06
8083.3	1.07E+06
8087.6	1.16E+06
8091.9	1.40E+06
8096.3	1.24E+06
8100.6	1.23E+06
8105	1.39E+06
8109.3	1.32E+06
8113.6	1.39E+06
8118	1.31E+06
8122.3	1.23E+06
8126.7	1.31E+06
8131	1.25E+06
8135.3	1.25E+06
8139.7	1.28E+06
8144	1.17E+06
8148.4	1.23E+06
8152.7	1.22E+06
8157	1.09E+06
8161.4	1.17E+06
8165.7	1.17E+06
8170.1	1.03E+06
8174.4	1.07E+06
8178.7	1.09E+06
8183.1	999515.2
8187.4	1.03E+06
8191.7	1.04E+06
8196.1	969201.0533
8200.4	996801.0533
8204.8	959654.1333
8209.1	953780.6
8213.4	951798.9733
8217.8	898308.2267
8222.1	883273.76
8226.4	916437.1867
8230.8	812166.3333
8235.1	901581
8239.4	827434.52
8243.8	864800.5067
8248.1	802453.56
8252.4	837014.4267
8256.8	858557.44
8261.1	743219.52
8265.4	858983.5867
8269.8	869706.12
8274.1	954455.6133
8278.4	835525.76
8282.8	864073.8
8287.1	961535.6267
8291.4	813038.7067
8295.8	993575.88
8300.1	1.00E+06
8304.4	918876.3867
8308.8	981488.24
8313.1	1.00E+06
8317.4	995771.56
8321.7	1.03E+06
8326.1	861909.5333
8330.4	939902.8933
8334.7	1.00E+06
8339.1	850739.28
8343.4	846491.5333
8347.7	934798.92
8352	882623.0267
8356.4	855493.7333
8360.7	814042.7733
8365	799931.4
8369.4	885665.04
8373.7	827215.2667
8378	712586.32
8382.3	802083.5333
8386.7	841735.56
8391	777057.2133
8395.3	696874.8267
8399.6	757585.6
8404	776053.9467
8408.3	745698.8933
8412.6	669936.7867
8416.9	684437.2133
8421.3	728179.5867
8425.6	722286.2533
8429.9	612262.84
8434.2	575281.5333
8438.5	655660.3733
8442.9	647128.5867
8447.2	595464.0133
8451.5	519452.3067
8455.8	573314.36
8460.2	598167.9867
8464.5	581433.4
8468.8	551434.4933
8473.1	486525.1333
8477.4	530600.68
8481.8	629132.8667
8486.1	575558.5333
8490.4	523426.84
8494.7	489122.1333
8499	602840.4133
8503.4	603097.4933
8507.7	479935.8933
8512	528674.1733
8516.3	605591.64
8520.6	614159.9867
8525	586060.3867
8529.3	515810.32
8533.6	518379.5067
8537.9	612057.12
8542.2	534820.7467
8546.5	524362.7867
8550.9	548285.08
8555.2	500546.4
8559.5	484666.6533
8563.8	548273.12
8568.1	554837.1333
8572.4	467505.1333
8576.8	436424.6533
8581.1	442117.7333
8585.4	495452.6133
8589.7	494294.4667
8594	399476.3333
8598.3	339116.6133
8602.6	445174.3067
8607	490686.4667
8611.3	444432.3067
8615.6	334946.5467
8619.9	355750.8933
8624.2	415840.84
8628.5	457938.16
8632.8	396584.4
8637.1	320555.2667
8641.5	361013.1067
8645.8	383322.3467
8650.1	419896.4667
8654.4	332170.1867
8658.7	325539.48
8663	345947.04
8667.3	331922.32
8671.6	328417.4
8675.9	320706.8
8680.2	361190.36
8684.6	325863.68
8688.9	316553.9867
8693.2	295751.88
8697.5	311395.1333
8701.8	337064.7867
8706.1	350624.08
8710.4	317018.4133
8714.7	269197.64
8719	249772.92
8723.3	335820.8933
8727.6	350937.3467
8731.9	314476.3733
8736.3	222255.7733
8740.6	271798.68
8744.9	316325.28
8749.2	319015.2267
8753.5	301964.7867
8757.8	230588.04
8762.1	223842.76
8766.4	288835.6
8770.7	283434.6267
8775	293660.6667
8779.3	254508.8
8783.6	216345.9733
8787.9	220340.32
8792.2	261290
8796.5	301926.5733
8800.8	255986.9067
8805.1	229444.7867
8809.4	191406.32
8813.7	236923.8667
8818	246521.7067
8822.3	257606.5067
8826.6	207120.4133
8830.9	190897.9333
8835.2	232218.9467
8839.5	219568.56
8843.8	232509.0133
8848.1	165896.5733
8852.4	200458.08
8856.7	213543.4667
8861	234496.6533
8865.3	200609.64
8869.6	167805.2667
8873.9	173248.7733
8878.2	208192.72
8882.5	227005.9867
8886.8	194374.5867
8891.1	173897.5067
8895.4	166444.2533
8899.7	161298.3067
8904	185789.3333
8908.3	199242.48
8912.6	184274.9467
8916.9	183767.08
8921.2	149272.56
8925.5	146503.2667
8929.8	146158.8
8934.1	176566.0133
8938.4	181303.0133
8942.7	170693.4667
8947	145265.4133
8951.3	111795.084
8955.6	119453.016
8959.9	168377.6133
8964.1	177349.44
8968.4	166576.7733
8972.7	106057.5693
8977	102032.0867
8981.3	106586.7787
8985.6	154587.0533
8989.9	156346.0133
8994.2	154772.2933
8998.5	114939.4307
9002.8	96636.24533
