# Variables: 1:pos.x 2:pos.y 3:pos.z 4:volume 5:rho 6:vel.x 7:vel.y 8:vel.z 9:p 10:a 11:mu 12:k[0] 13:mu_t 14:k_t 15:S 16:tke 17:omega 18:massf[0]-Ar 19:massf[1]-Ar_plus 20:massf[2]-e_minus 21:dt_chem 22:e[0] 23:T[0] 24:e[1] 25:T[1] 26:dt_therm
 -1.853764e-02 4.856941e-04 0.000000e+00 6.983765e-11 1.162882e-01 3.357897e+03 -4.935914e-04 0.000000e+00 2.962199e+05 2.027654e+03 2.997948e-04 2.338913e-01 0.000000e+00 0.000000e+00 0.000000e+00 0.000000e+00 1.000000e+00 9.494436e-01 5.055574e-02 6.942765e-07 5.122171e-08 5.569320e+06 1.164989e+04 2.127075e+05 1.164707e+04 2.820366e-08
 -1.838964e-02 4.818145e-04 0.000000e+00 6.872667e-11 1.162862e-01 3.357964e+03 -1.390382e-03 0.000000e+00 2.961988e+05 2.027678e+03 2.997948e-04 2.338913e-01 0.000000e+00 0.000000e+00 0.000000e+00 0.000000e+00 1.000000e+00 9.494374e-01 5.056195e-02 6.943682e-07 5.160263e-08 5.569361e+06 1.164926e+04 2.126397e+05 1.164496e+04 1.887295e-08
 -1.824163e-02 4.779349e-04 0.000000e+00 6.762460e-11 1.162839e-01 3.358028e+03 -2.216411e-03 0.000000e+00 2.961716e+05 2.027663e+03 2.997948e-04 2.338913e-01 0.000000e+00 0.000000e+00 0.000000e+00 0.000000e+00 1.000000e+00 9.494306e-01 5.056875e-02 6.944618e-07 5.189029e-08 5.569348e+06 1.164839e+04 2.125951e+05 1.164336e+04 1.713051e-08
 -1.809363e-02 4.740554e-04 0.000000e+00 6.653144e-11 1.162817e-01 3.358095e+03 -3.079119e-03 0.000000e+00 2.961464e+05 2.027632e+03 2.997948e-04 2.338913e-01 0.000000e+00 0.000000e+00 0.000000e+00 0.000000e+00 1.000000e+00 9.494243e-01 5.057504e-02 6.945475e-07 5.207870e-08 5.569329e+06 1.164756e+04 2.125727e+05 1.164232e+04 1.671549e-08
 -1.794562e-02 4.701758e-04 0.000000e+00 6.544718e-11 1.162795e-01 3.358159e+03 -3.878714e-03 0.000000e+00 2.961214e+05 2.027592e+03 2.997948e-04 2.338913e-01 0.000000e+00 0.000000e+00 0.000000e+00 0.000000e+00 1.000000e+00 9.494183e-01 5.058100e-02 6.946289e-07 5.222429e-08 5.569298e+06 1.164673e+04 2.125592e+05 1.164151e+04 1.674611e-08
 -1.779762e-02 4.662962e-04 0.000000e+00 6.437183e-11 1.162775e-01 3.358221e+03 -4.626384e-03 0.000000e+00 2.960976e+05 2.027550e+03 2.997948e-04 2.338913e-01 0.000000e+00 0.000000e+00 0.000000e+00 0.000000e+00 1.000000e+00 9.494126e-01 5.058669e-02 6.947061e-07 5.234676e-08 5.569265e+06 1.164593e+04 2.125503e+05 1.164082e+04 1.696959e-08
 -1.764961e-02 4.624166e-04 0.000000e+00 6.330539e-11 1.162755e-01 3.358281e+03 -5.344916e-03 0.000000e+00 2.960746e+05 2.027508e+03 2.997948e-04 2.338913e-01 0.000000e+00 0.000000e+00 0.000000e+00 0.000000e+00 1.000000e+00 9.494072e-01 5.059209e-02 6.947800e-07 5.245617e-08 5.569229e+06 1.164515e+04 2.125436e+05 1.164021e+04 1.729554e-08
 -1.750161e-02 4.585370e-04 0.000000e+00 6.224786e-11 1.162737e-01 3.358336e+03 -5.972814e-03 0.000000e+00 2.960528e+05 2.027467e+03 2.997948e-04 2.338913e-01 0.000000e+00 0.000000e+00 0.000000e+00 0.000000e+00 1.000000e+00 9.494019e-01 5.059736e-02 6.948506e-07 5.255803e-08 5.569197e+06 1.164441e+04 2.125381e+05 1.163964e+04 1.768814e-08
 -1.735360e-02 4.546574e-04 0.000000e+00 6.119924e-11 1.162718e-01 3.358394e+03 -6.640360e-03 0.000000e+00 2.960315e+05 2.027428e+03 2.997948e-04 2.338913e-01 0.000000e+00 0.000000e+00 0.000000e+00 0.000000e+00 1.000000e+00 9.493971e-01 5.060222e-02 6.949183e-07 5.265387e-08 5.569162e+06 1.164370e+04 2.125332e+05 1.163911e+04 1.810909e-08
 -1.720560e-02 4.507778e-04 0.000000e+00 6.015952e-11 1.162704e-01 3.358438e+03 -7.117247e-03 0.000000e+00 2.960119e+05 2.027388e+03 2.997948e-04 2.338913e-01 0.000000e+00 0.000000e+00 0.000000e+00 0.000000e+00 1.000000e+00 9.493920e-01 5.060726e-02 6.949834e-07 5.274537e-08 5.569137e+06 1.164300e+04 2.125289e+05 1.163860e+04 1.862046e-08
 -1.705759e-02 4.468982e-04 0.000000e+00 5.912871e-11 1.162680e-01 3.358515e+03 -7.932493e-03 0.000000e+00 2.959905e+05 2.027352e+03 2.997948e-04 2.338913e-01 0.000000e+00 0.000000e+00 0.000000e+00 0.000000e+00 1.000000e+00 9.493879e-01 5.061143e-02 6.950452e-07 5.283749e-08 5.569091e+06 1.164234e+04 2.125233e+05 1.163809e+04 1.904108e-08
 -1.690958e-02 4.430186e-04 0.000000e+00 5.810681e-11 1.174302e-01 3.333681e+03 3.993509e-01 0.000000e+00 3.010360e+05 2.033815e+03 2.997948e-04 2.338913e-01 0.000000e+00 0.000000e+00 0.000000e+00 0.000000e+00 1.000000e+00 9.493817e-01 5.061762e-02 6.951155e-07 5.151994e-08 5.595527e+06 1.172626e+04 2.137679e+05 1.166588e+04 5.013671e-09
 -1.676158e-02 4.391391e-04 0.000000e+00 5.709382e-11 1.471698e-01 2.780350e+03 9.687378e+00 0.000000e+00 4.639642e+05 2.218817e+03 2.997948e-04 2.338913e-01 0.000000e+00 0.000000e+00 1.000000e+00 0.000000e+00 1.000000e+00 9.491386e-01 5.086072e-02 6.984471e-07 2.400003e-08 6.473137e+06 1.450755e+04 2.718102e+05 1.257076e+04 1.697441e-08
 -1.661357e-02 4.352595e-04 0.000000e+00 5.608973e-11 2.211999e-01 1.732367e+03 2.731556e+01 0.000000e+00 8.717043e+05 2.351475e+03 2.997948e-04 2.338913e-01 0.000000e+00 0.000000e+00 1.000000e+00 0.000000e+00 1.000000e+00 9.457022e-01 5.429708e-02 7.456342e-07 4.561568e-08 7.747645e+06 1.816921e+04 5.289244e+05 1.408525e+04 6.019332e-09
 -1.646557e-02 4.313799e-04 0.000000e+00 5.509455e-11 2.592301e-01 1.446911e+03 3.214338e+01 0.000000e+00 1.009604e+06 2.271832e+03 2.997948e-04 2.338913e-01 0.000000e+00 0.000000e+00 0.000000e+00 0.000000e+00 1.000000e+00 9.337812e-01 6.621790e-02 9.093331e-07 1.779947e-08 8.067232e+06 1.773352e+04 8.087313e+05 1.477909e+04 7.454500e-09
 -1.631756e-02 4.275003e-04 0.000000e+00 5.410828e-11 2.869684e-01 1.314574e+03 3.430378e+01 0.000000e+00 1.060142e+06 2.220163e+03 2.997948e-04 2.338913e-01 0.000000e+00 0.000000e+00 0.000000e+00 0.000000e+00 1.000000e+00 9.137358e-01 8.626305e-02 1.184634e-06 2.890347e-08 8.441673e+06 1.647895e+04 8.733449e+05 1.472927e+04 5.053655e-09
 -1.616956e-02 4.236207e-04 0.000000e+00 5.313092e-11 3.290836e-01 1.117825e+03 3.740052e+01 0.000000e+00 1.141957e+06 2.181958e+03 2.997948e-04 2.338913e-01 0.000000e+00 0.000000e+00 0.000000e+00 0.000000e+00 1.000000e+00 8.891164e-01 1.108821e-01 1.522607e-06 2.548274e-08 8.944392e+06 1.507532e+04 8.618552e+05 1.440531e+04 3.231962e-09
 -1.602155e-02 4.197411e-04 0.000000e+00 5.216247e-11 3.557612e-01 1.008138e+03 3.914610e+01 0.000000e+00 1.197019e+06 2.164463e+03 2.997948e-04 2.338913e-01 0.000000e+00 0.000000e+00 0.000000e+00 0.000000e+00 1.000000e+00 8.760187e-01 1.239796e-01 1.702476e-06 1.820734e-08 9.235154e+06 1.440325e+04 8.602425e+05 1.421801e+04 2.051005e-09
 -1.587355e-02 4.158615e-04 0.000000e+00 5.120292e-11 3.671415e-01 9.469792e+02 3.991965e+01 0.000000e+00 1.226372e+06 2.159727e+03 2.997948e-04 2.338913e-01 0.000000e+00 0.000000e+00 0.000000e+00 0.000000e+00 1.000000e+00 8.722964e-01 1.277019e-01 1.753815e-06 2.567970e-08 9.325871e+06 1.423814e+04 8.648832e+05 1.417869e+04 2.215043e-09
 -1.572554e-02 4.119820e-04 0.000000e+00 5.025228e-11 3.723629e-01 9.024900e+02 4.044973e+01 0.000000e+00 1.242623e+06 2.158616e+03 2.997948e-04 2.338913e-01 0.000000e+00 0.000000e+00 0.000000e+00 0.000000e+00 1.000000e+00 8.708692e-01 1.291291e-01 1.773329e-06 4.589712e-09 9.369316e+06 1.420258e+04 8.710314e+05 1.417917e+04 5.207070e-09
 -1.557754e-02 4.081024e-04 0.000000e+00 4.931055e-11 3.760408e-01 8.629659e+02 4.095421e+01 0.000000e+00 1.255880e+06 2.158547e+03 2.997948e-04 2.338913e-01 0.000000e+00 0.000000e+00 0.000000e+00 0.000000e+00 1.000000e+00 8.701558e-01 1.298424e-01 1.783024e-06 5.233528e-09 9.396924e+06 1.420368e+04 8.771657e+05 1.419032e+04 4.892941e-09
 -1.542953e-02 4.042228e-04 0.000000e+00 4.837773e-11 3.793314e-01 8.242828e+02 4.150043e+01 0.000000e+00 1.268384e+06 2.158733e+03 2.997948e-04 2.338913e-01 0.000000e+00 0.000000e+00 0.000000e+00 0.000000e+00 1.000000e+00 8.696505e-01 1.303478e-01 1.789937e-06 6.239497e-09 9.419443e+06 1.421395e+04 8.831541e+05 1.420388e+04 4.893374e-09
 -1.528153e-02 4.003432e-04 0.000000e+00 4.745381e-11 3.823890e-01 7.857648e+02 4.208739e+01 0.000000e+00 1.280245e+06 2.158992e+03 2.997948e-04 2.338913e-01 0.000000e+00 0.000000e+00 0.000000e+00 0.000000e+00 1.000000e+00 8.692048e-01 1.307934e-01 1.796088e-06 6.872961e-09 9.440346e+06 1.422635e+04 8.890223e+05 1.421773e+04 4.815615e-09
 -1.513352e-02 3.964636e-04 0.000000e+00 4.653880e-11 3.853173e-01 7.470200e+02 4.271096e+01 0.000000e+00 1.291717e+06 2.159275e+03 2.997948e-04 2.338913e-01 0.000000e+00 0.000000e+00 0.000000e+00 0.000000e+00 1.000000e+00 8.687738e-01 1.312244e-01 1.802062e-06 9.976078e-09 9.460821e+06 1.423917e+04 8.948423e+05 1.423148e+04 4.705484e-09
 -1.498552e-02 3.925841e-04 0.000000e+00 4.563270e-11 3.881331e-01 7.079830e+02 4.336591e+01 0.000000e+00 1.302773e+06 2.159547e+03 2.997948e-04 2.338913e-01 0.000000e+00 0.000000e+00 0.000000e+00 0.000000e+00 1.000000e+00 8.683622e-01 1.316360e-01 1.807734e-06 1.040619e-08 9.480420e+06 1.425155e+04 9.004422e+05 1.424468e+04 4.790207e-09
 -1.483751e-02 3.887045e-04 0.000000e+00 4.473551e-11 3.908498e-01 6.685691e+02 4.404464e+01 0.000000e+00 1.313416e+06 2.159792e+03 2.997948e-04 2.338913e-01 0.000000e+00 0.000000e+00 0.000000e+00 0.000000e+00 1.000000e+00 8.679801e-01 1.320181e-01 1.812952e-06 1.089025e-08 9.498670e+06 1.426323e+04 9.057093e+05 1.425713e+04 4.881522e-09
 -1.468950e-02 3.848249e-04 0.000000e+00 4.384723e-11 3.934541e-01 6.287379e+02 4.474435e+01 0.000000e+00 1.323618e+06 2.160020e+03 2.997948e-04 2.338913e-01 0.000000e+00 0.000000e+00 0.000000e+00 0.000000e+00 1.000000e+00 8.676209e-01 1.323772e-01 1.817851e-06 1.145570e-08 9.515852e+06 1.427430e+04 9.107108e+05 1.426893e+04 4.866252e-09
 -1.454150e-02 3.809453e-04 0.000000e+00 4.296785e-11 3.959432e-01 5.884279e+02 4.548483e+01 0.000000e+00 1.333370e+06 2.160233e+03 2.997948e-04 2.338913e-01 0.000000e+00 0.000000e+00 0.000000e+00 0.000000e+00 1.000000e+00 8.672856e-01 1.327126e-01 1.822462e-06 1.211650e-08 9.531935e+06 1.428477e+04 9.154534e+05 1.428007e+04 4.930924e-09
 -1.439349e-02 3.770657e-04 0.000000e+00 4.209738e-11 3.983180e-01 5.475559e+02 4.630143e+01 0.000000e+00 1.342658e+06 2.160425e+03 2.997948e-04 2.338913e-01 0.000000e+00 0.000000e+00 0.000000e+00 0.000000e+00 1.000000e+00 8.669788e-01 1.330193e-01 1.826694e-06 1.288586e-08 9.546710e+06 1.429454e+04 9.198816e+05 1.429047e+04 5.129070e-09
 -1.424549e-02 3.731862e-04 0.000000e+00 4.123582e-11 4.005627e-01 5.060073e+02 4.720857e+01 0.000000e+00 1.351463e+06 2.160611e+03 2.997948e-04 2.338913e-01 0.000000e+00 0.000000e+00 0.000000e+00 0.000000e+00 1.000000e+00 8.666839e-01 1.333143e-01 1.830746e-06 1.378773e-08 9.560893e+06 1.430386e+04 9.241197e+05 1.430037e+04 5.216842e-09
 -1.409748e-02 3.693066e-04 0.000000e+00 4.038317e-11 4.026750e-01 4.636769e+02 4.817361e+01 0.000000e+00 1.359768e+06 2.160790e+03 2.997948e-04 2.338913e-01 0.000000e+00 0.000000e+00 0.000000e+00 0.000000e+00 1.000000e+00 8.664030e-01 1.335952e-01 1.834595e-06 1.486026e-08 9.574378e+06 1.431267e+04 9.281448e+05 1.430972e+04 5.334619e-09
 -1.394948e-02 3.654270e-04 0.000000e+00 3.953942e-11 4.046542e-01 4.204769e+02 4.916063e+01 0.000000e+00 1.367537e+06 2.160949e+03 2.997948e-04 2.338913e-01 0.000000e+00 0.000000e+00 0.000000e+00 0.000000e+00 1.000000e+00 8.661487e-01 1.338494e-01 1.838086e-06 1.614951e-08 9.586626e+06 1.432077e+04 9.318477e+05 1.431833e+04 5.544658e-09
 -1.380147e-02 3.615474e-04 0.000000e+00 3.870459e-11 4.064964e-01 3.763438e+02 5.018333e+01 0.000000e+00 1.374745e+06 2.161085e+03 2.997948e-04 2.338913e-01 0.000000e+00 0.000000e+00 0.000000e+00 0.000000e+00 1.000000e+00 8.659244e-01 1.340737e-01 1.841169e-06 1.773448e-08 9.597490e+06 1.432811e+04 9.351916e+05 1.432613e+04 5.806421e-09
 -1.365347e-02 3.576679e-04 0.000000e+00 3.787866e-11 4.081728e-01 3.311499e+02 5.129209e+01 0.000000e+00 1.381312e+06 2.161209e+03 2.997948e-04 2.338913e-01 0.000000e+00 0.000000e+00 0.000000e+00 0.000000e+00 1.000000e+00 8.657196e-01 1.342786e-01 1.843981e-06 1.977027e-08 9.607406e+06 1.433479e+04 9.382453e+05 1.433322e+04 5.955491e-09
 -1.350546e-02 3.537883e-04 0.000000e+00 3.706163e-11 4.096611e-01 2.848131e+02 5.250770e+01 0.000000e+00 1.387240e+06 2.161353e+03 2.997948e-04 2.338913e-01 0.000000e+00 0.000000e+00 0.000000e+00 0.000000e+00 1.000000e+00 8.655030e-01 1.344951e-01 1.846953e-06 2.254447e-08 9.617690e+06 1.434123e+04 9.412743e+05 1.434005e+04 6.216605e-09
 -1.335746e-02 3.499087e-04 0.000000e+00 3.625352e-11 4.109963e-01 2.370955e+02 5.384452e+01 0.000000e+00 1.392379e+06 2.161416e+03 2.997948e-04 2.338913e-01 0.000000e+00 0.000000e+00 0.000000e+00 0.000000e+00 1.000000e+00 8.653739e-01 1.346243e-01 1.848729e-06 4.841145e-09 9.624090e+06 1.434592e+04 9.433925e+05 1.434511e+04 6.845564e-09
 -1.320946e-02 3.460291e-04 0.000000e+00 3.545431e-11 4.121173e-01 1.880292e+02 5.523789e+01 0.000000e+00 1.396786e+06 2.161501e+03 2.997948e-04 2.338913e-01 0.000000e+00 0.000000e+00 0.000000e+00 0.000000e+00 1.000000e+00 8.652331e-01 1.347650e-01 1.850660e-06 4.893977e-09 9.630856e+06 1.435036e+04 9.454678e+05 1.434986e+04 7.518622e-09
 -1.306145e-02 3.421496e-04 0.000000e+00 3.466401e-11 4.129644e-01 1.372586e+02 5.681405e+01 0.000000e+00 1.400127e+06 2.161567e+03 2.997948e-04 2.338913e-01 0.000000e+00 0.000000e+00 0.000000e+00 0.000000e+00 1.000000e+00 8.651228e-01 1.348753e-01 1.852171e-06 6.839241e-09 9.636132e+06 1.435376e+04 9.470726e+05 1.435351e+04 8.617845e-09
 -1.291345e-02 3.382700e-04 0.000000e+00 3.388262e-11 4.137164e-01 8.477678e+01 5.844688e+01 0.000000e+00 1.402694e+06 2.161485e+03 2.997948e-04 2.338913e-01 0.000000e+00 0.000000e+00 0.000000e+00 0.000000e+00 1.000000e+00 8.651689e-01 1.348293e-01 1.851542e-06 1.749493e-08 9.634602e+06 1.435449e+04 9.471681e+05 1.435443e+04 1.166553e-08
 -1.276544e-02 3.343904e-04 0.000000e+00 3.311014e-11 4.140460e-01 3.012992e+01 6.030524e+01 0.000000e+00 1.403914e+06 2.161482e+03 2.997948e-04 2.338913e-01 0.000000e+00 0.000000e+00 0.000000e+00 0.000000e+00 1.000000e+00 8.651552e-01 1.348429e-01 1.851728e-06 1.957417e-08 9.635394e+06 1.435536e+04 9.475235e+05 1.435539e+04 1.321669e-08
